tarih,kategori,urun_adi,fiyat,para_birimi
2026-03-28,temel-gida,Akfa Domates Salçası 4300 Gr,507.00,TRY
2026-03-28,temel-gida,Akfa Domates Salçası 830 Gr,112.00,TRY
2026-03-28,temel-gida,Akfa Domates Salçası Cam 700 Gr,118.50,TRY
2026-03-28,temel-gida,Amoy Soya Sosu 750 Ml,302.00,TRY
2026-03-28,temel-gida,Ankara Makarna Arpa Şehriye 5 Kg,455.00,TRY
2026-03-28,temel-gida,Ankara Makarna Arpa Şehriye 500 Gr,45.50,TRY
2026-03-28,temel-gida,Ankara Makarna Boncuk 500 Gr,45.50,TRY
2026-03-28,temel-gida,Ankara Makarna Burgu 5 Kg,455.00,TRY
2026-03-28,temel-gida,Ankara Makarna Burgu 500 Gr,45.50,TRY
2026-03-28,temel-gida,Ankara Makarna Dirsek 500 Gr,45.50,TRY
2026-03-28,temel-gida,Ankara Makarna Erişte 5 Kg,455.00,TRY
2026-03-28,temel-gida,Ankara Makarna Erişte 500 Gr,45.50,TRY
2026-03-28,temel-gida,Ankara Makarna Fiyonk 5 Kg,455.00,TRY
2026-03-28,temel-gida,Ankara Makarna Fiyonk 500 Gr,45.50,TRY
2026-03-28,temel-gida,Ankara Makarna Fırın 500 Gr,45.50,TRY
2026-03-28,temel-gida,Ankara Makarna İnce Uzun 5 Kg,455.00,TRY
2026-03-28,temel-gida,Ankara Makarna İnce Uzun 500 Gr,45.50,TRY
2026-03-28,temel-gida,Ankara Makarna İrmik 500 Gr,48.25,TRY
2026-03-28,temel-gida,Ankara Makarna Kalem 500 Gr,45.50,TRY
2026-03-28,temel-gida,Ankara Makarna Kelebek 500 Gr,45.50,TRY
2026-03-28,temel-gida,Ankara Makarna Kepekli Spagetti 350 Gr,47.00,TRY
2026-03-28,temel-gida,Ankara Makarna Kuskus 5 Kg,455.00,TRY
2026-03-28,temel-gida,Ankara Makarna Kuskus 500 Gr,45.50,TRY
2026-03-28,temel-gida,Ankara Makarna Mantı 500 Gr,45.50,TRY
2026-03-28,temel-gida,Ankara Makarna Nuhun Gemisi 350 Gr,47.00,TRY
2026-03-28,temel-gida,Ankara Makarna Sebzeli Burgu 350 Gr,47.00,TRY
2026-03-28,temel-gida,Ankara Makarna Spagetti 5 Kg,455.00,TRY
2026-03-28,temel-gida,Ankara Makarna Spagetti 500 Gr,45.50,TRY
2026-03-28,temel-gida,Ankara Makarna Tam Buğday Kalem 500 Gr,54.00,TRY
2026-03-28,temel-gida,Ankara Makarna Tel Şehriye 5 Kg,455.00,TRY
2026-03-28,temel-gida,Ankara Makarna Tel Şehriye 500 Gr,45.05,TRY
2026-03-28,temel-gida,Ankara Makarna Yüksük 5 Kg,455.00,TRY
2026-03-28,temel-gida,Ankara Makarna Yüksük 500 Gr,45.50,TRY
2026-03-28,temel-gida,Azmanlı Katkısız Acı Ev Tarhanası 500 Gr,266.00,TRY
2026-03-28,temel-gida,Azmanlı Katkısız Tatlı Ev Tarhanası 500 Gr,266.00,TRY
2026-03-28,temel-gida,Bağdat Acı Toz Biber 75 Gr,93.00,TRY
2026-03-28,temel-gida,Bağdat Cajun Baharatı Cam 55 Gr,111.50,TRY
2026-03-28,temel-gida,Bağdat Çıtır Pane Harcı 90 Gr,62.00,TRY
2026-03-28,temel-gida,Bağdat Çörek Otu 75 Gr,93.50,TRY
2026-03-28,temel-gida,Bağdat Dolmalık Fıstık 23 Gr,279.00,TRY
2026-03-28,temel-gida,Bağdat Ekstra Acı Pul Biber 80 Gr,100.00,TRY
2026-03-28,temel-gida,Bağdat Fesleğen 30 Gr,44.00,TRY
2026-03-28,temel-gida,Bağdat Galeta Unu 250 Gr,55.50,TRY
2026-03-28,temel-gida,Bağdat Hindistan Cevizi 50 Gr,82.50,TRY
2026-03-28,temel-gida,Bağdat Hindistan Cevizi Eko 160 Gr,199.50,TRY
2026-03-28,temel-gida,Bağdat İsot Biber 200 Gr,203.00,TRY
2026-03-28,temel-gida,Bağdat İsot Biber 80 Gr,93.50,TRY
2026-03-28,temel-gida,Bağdat Izgara Baharatı 65 Gr,78.00,TRY
2026-03-28,temel-gida,Bağdat Kabuk Tarçın 45 Gr,89.00,TRY
2026-03-28,temel-gida,Bağdat Karabiber 40 Gr,97.00,TRY
2026-03-28,temel-gida,Bağdat KaraBiber Tuzluklu 55 Gr,166.50,TRY
2026-03-28,temel-gida,Bağdat Karanfil 15 Gr,64.00,TRY
2026-03-28,temel-gida,Bağdat Karbonat 1 Kg,146.50,TRY
2026-03-28,temel-gida,Bağdat Karbonat 150 Gr,50.00,TRY
2026-03-28,temel-gida,Bağdat Kekik 25 Gr,97.50,TRY
2026-03-28,temel-gida,Bağdat Kekik Eko 60 Gr,215.00,TRY
2026-03-28,temel-gida,Bağdat Kimyon 75 Gr,97.50,TRY
2026-03-28,temel-gida,Bağdat Kişniş 40 Gr,36.50,TRY
2026-03-28,temel-gida,Bağdat Köfte Baharı 65 Gr,74.00,TRY
2026-03-28,temel-gida,Bağdat Köfte Harcı 90 Gr,62.00,TRY
2026-03-28,temel-gida,Bağdat Köri 70 Gr,82.50,TRY
2026-03-28,temel-gida,Bağdat Kuş Üzümü 40 Gr,100.00,TRY
2026-03-28,temel-gida,Bağdat Limon Tuzu 60 Gr,60.50,TRY
2026-03-28,temel-gida,Bağdat Limon Tuzu Eko 275 Gr,158.50,TRY
2026-03-28,temel-gida,Bağdat Mahlep 30 Gr,203.00,TRY
2026-03-28,temel-gida,Bağdat Mavi Haşhaş 80 Gr,88.00,TRY
2026-03-28,temel-gida,Bağdat Nane 30 Gr,50.00,TRY
2026-03-28,temel-gida,Bağdat Nane 70 Gr,96.50,TRY
2026-03-28,temel-gida,Bağdat Pul Biber 210 Gr,212.50,TRY
2026-03-28,temel-gida,Bağdat Pul Biber 80 Gr,93.50,TRY
2026-03-28,temel-gida,Bağdat Sarımsak Granül 40 Gr,62.50,TRY
2026-03-28,temel-gida,Bağdat Sebzeli Çeşni 250 Gr,83.50,TRY
2026-03-28,temel-gida,Bağdat Selection Et Çeşnisi 45 Gr,147.00,TRY
2026-03-28,temel-gida,Bağdat Sumak 80 Gr,119.00,TRY
2026-03-28,temel-gida,Bağdat Susam 75 Gr,64.00,TRY
2026-03-28,temel-gida,Bağdat Tane KaraBiber 40 Gr,97.00,TRY
2026-03-28,temel-gida,Bağdat Tarçın 45 Gr,69.50,TRY
2026-03-28,temel-gida,Bağdat Tatlı Toz Biber 1 Kg,641.00,TRY
2026-03-28,temel-gida,Bağdat Tatlı Toz Biber 75 Gr,97.50,TRY
2026-03-28,temel-gida,Bağdat Tavuk Harcı 65 Gr,72.50,TRY
2026-03-28,temel-gida,Bağdat Yenibahar 40 Gr,109.00,TRY
2026-03-28,temel-gida,Bağdat Zencefil 60 Gr,88.50,TRY
2026-03-28,temel-gida,Bağdat Zerdeçal 70 Gr,79.50,TRY
2026-03-28,temel-gida,Bağdat Zerdeçal Cam 55 Gr,111.00,TRY
2026-03-28,temel-gida,Balküpü Küp Şeker 1 Kg,85.00,TRY
2026-03-28,temel-gida,Barilla Burgu Makarna 500 Gr,68.00,TRY
2026-03-28,temel-gida,Barilla Fiyonk Makarna 500 Gr,68.00,TRY
2026-03-28,temel-gida,Barilla Kelebek Makarna 500 Gr,68.00,TRY
2026-03-28,temel-gida,Barilla Lasagne Makarna 500 Gr,225.00,TRY
2026-03-28,temel-gida,Barilla Pesto Genovese Makarna Sosu 190 Gr,208.00,TRY
2026-03-28,temel-gida,Barilla Pipette Bukle Makarna 500 Gr,68.00,TRY
2026-03-28,temel-gida,Barilla Spagetti 500 Gr,68.00,TRY
2026-03-28,temel-gida,Barilla Tagliatelle Makarna 500 Gr,220.50,TRY
2026-03-28,temel-gida,Barilla Yassı Spagetti 500 Gr,68.00,TRY
2026-03-28,temel-gida,Beşler Glutensiz Kesme Makarna 400 Gr,165.50,TRY
2026-03-28,temel-gida,Bibercizade Acı Toz Biber 120 Gr,89.00,TRY
2026-03-28,temel-gida,Bibercizade Çiğ Köfte Seti 600 Gr,182.00,TRY
2026-03-28,temel-gida,Bibercizade Çiğköfte Seti 380 Gr,135.50,TRY
2026-03-28,temel-gida,Bibercizade Çörek Otu 150 Gr,89.00,TRY
2026-03-28,temel-gida,Bibercizade Dolmalık Fıstık 25 Gr,204.50,TRY
2026-03-28,temel-gida,Bibercizade Hindistan Cevizi 100 Gr,81.50,TRY
2026-03-28,temel-gida,Bibercizade Hindistan Cevizi 250 Gr,129.50,TRY
2026-03-28,temel-gida,Bibercizade İsot 120 Gr,88.50,TRY
2026-03-28,temel-gida,Bibercizade İsot 500 Gr,207.50,TRY
2026-03-28,temel-gida,Bibercizade Kabuk Tarçın 50 Gr,76.50,TRY
2026-03-28,temel-gida,Bibercizade KaraBiber 120 Gr,155.00,TRY
2026-03-28,temel-gida,Bibercizade Karanfil 20 Gr,52.50,TRY
2026-03-28,temel-gida,Bibercizade Karbonat 200 Gr,59.50,TRY
2026-03-28,temel-gida,Bibercizade Kekik 250 Gr,310.50,TRY
2026-03-28,temel-gida,Bibercizade Kimyon 120 Gr,89.00,TRY
2026-03-28,temel-gida,Bibercizade Kimyon 250 Gr,144.50,TRY
2026-03-28,temel-gida,Bibercizade Köfte Harcı 90 Gr,72.50,TRY
2026-03-28,temel-gida,Bibercizade Köri 120 Gr,59.50,TRY
2026-03-28,temel-gida,Bibercizade Kuş Üzümü 120 Gr,147.00,TRY
2026-03-28,temel-gida,Bibercizade Limon Tuzu 1 Kg,253.00,TRY
2026-03-28,temel-gida,Bibercizade Limon Tuzu 200 Gr,83.50,TRY
2026-03-28,temel-gida,Bibercizade Mahlep 100 Gr,229.00,TRY
2026-03-28,temel-gida,Bibercizade Mavi Haşhaş 120 Gr,82.00,TRY
2026-03-28,temel-gida,Bibercizade Nane 40 Gr,44.00,TRY
2026-03-28,temel-gida,Bibercizade Pasta Süsü 100 Gr,53.00,TRY
2026-03-28,temel-gida,Bibercizade Pul Biber 120 Gr,88.50,TRY
2026-03-28,temel-gida,Bibercizade Sumak 120 Gr,105.50,TRY
2026-03-28,temel-gida,Bibercizade Susam 150 Gr,77.00,TRY
2026-03-28,temel-gida,Bibercizade Tane Kara Biber 60 Gr,88.50,TRY
2026-03-28,temel-gida,Bibercizade Tane Zencefil 120 Gr,106.00,TRY
2026-03-28,temel-gida,Bibercizade Tarçın 120 Gr,88.50,TRY
2026-03-28,temel-gida,Bibercizade Tatlı Biber 250 Gr,160.50,TRY
2026-03-28,temel-gida,Bibercizade Tatlı Toz Biber 120 Gr,89.00,TRY
2026-03-28,temel-gida,Bibercizade Tatlı Toz Biber 250 Gr,129.00,TRY
2026-03-28,temel-gida,Bibercizade Toz Tatlı Biber 1 Kg,369.50,TRY
2026-03-28,temel-gida,Bibercizade Yenibahar 100 Gr,126.00,TRY
2026-03-28,temel-gida,Bibercizade Zencefil 100 Gr,88.50,TRY
2026-03-28,temel-gida,Bibercizade Zerdeçal 100 Gr,68.00,TRY
2026-03-28,temel-gida,Billur Demir Mineralli İyotlu Sofra Tuzu 500 Gr,70.50,TRY
2026-03-28,temel-gida,Billur İyotlu Tuz 750 Gr,39.50,TRY
2026-03-28,temel-gida,Billur Karton Tuz 250 Gr,37.00,TRY
2026-03-28,temel-gida,Billur Tuz İyotlu 3 Kg,202.50,TRY
2026-03-28,temel-gida,Billur Tuz İyotlu Tuzluklu 125 Gr,24.50,TRY
2026-03-28,temel-gida,"Billur Tuz Rafine İyotlu Sofra Tuzu 1,5 Kg",80.00,TRY
2026-03-28,temel-gida,Billur Tuz Sodyumu Azaltılmış İyotsuz Sofra Tuzu 500 Gr,117.50,TRY
2026-03-28,temel-gida,Billur Tuz Sofrada Öğütme Deniz Tuzu 500 Gr,72.00,TRY
2026-03-28,temel-gida,Billur Tuz Sofrada Öğütme Yemeklik Himalaya Kristal Granül Doğal Kaya Tuzu 200 Gr Değirmenli,95.00,TRY
2026-03-28,temel-gida,Billur Tuzluklu Tuz 500 Gr,51.50,TRY
2026-03-28,temel-gida,Biryağ Ayçiçek Yağı 1 Lt,173.50,TRY
2026-03-28,temel-gida,Biryağ Ayçiçek Yağı 2 Lt,323.50,TRY
2026-03-28,temel-gida,Bizim Mutfak Çikolata Sosu 98 Gr,60.50,TRY
2026-03-28,temel-gida,Bizim Mutfak Çilekli Puding 120 Gr,45.00,TRY
2026-03-28,temel-gida,Bizim Mutfak Domates Çorbası 65 Gr,45.00,TRY
2026-03-28,temel-gida,Bizim Mutfak Ezogelin Çorbası 80 Gr,44.00,TRY
2026-03-28,temel-gida,Bizim Mutfak Kakaolu Puding 132 Gr,45.00,TRY
2026-03-28,temel-gida,Bizim Mutfak Krem Şanti 150 Gr,74.00,TRY
2026-03-28,temel-gida,Bizim Mutfak Krem Şanti 75 Gr,44.00,TRY
2026-03-28,temel-gida,Bizim Mutfak Kremalı Mantar Çorbası 65 Gr,45.00,TRY
2026-03-28,temel-gida,Bizim Mutfak Kremalı Tavuk Çorbası 62 Gr,45.00,TRY
2026-03-28,temel-gida,Bizim Mutfak Mercimek Çorbası 72 Gr,45.00,TRY
2026-03-28,temel-gida,Bizim Mutfak Şehriyeli Tavuk Suyu Çorbası 80 Gr,44.00,TRY
2026-03-28,temel-gida,Bizim Mutfak Tarhana Çorbası 65 Gr,45.00,TRY
2026-03-28,temel-gida,Bizim Mutfak Vanilyalı Puding 125 Gr,45.00,TRY
2026-03-28,temel-gida,Bizim Mutfak Yayla Çorbası 80 Gr,44.00,TRY
2026-03-28,temel-gida,Burcu Acı Biber Salçası 1500 Gr,302.50,TRY
2026-03-28,temel-gida,Burcu Acı Sos 100 Ml,61.00,TRY
2026-03-28,temel-gida,Burcu Acı Tatlı Karışık Salça 1500 Gr,294.50,TRY
2026-03-28,temel-gida,Burcu Ajvar Acı 310 Gr,79.00,TRY
2026-03-28,temel-gida,Burcu Ajvar Tatlı 310 Gr,79.00,TRY
2026-03-28,temel-gida,Burcu Bamya Konservesi 550 Gr,186.00,TRY
2026-03-28,temel-gida,Burcu Barbekü Sos 330 Gr,62.00,TRY
2026-03-28,temel-gida,Burcu Barbunya Pilaki Hazır Yemek 400 Gr,62.00,TRY
2026-03-28,temel-gida,Burcu Bezelye Konservesi 4250 Gr,353.00,TRY
2026-03-28,temel-gida,Burcu Bezelye Konservesi 570 Gr Cam Kavanoz,70.00,TRY
2026-03-28,temel-gida,Burcu Bezelye Konservesi 830 Gr,83.00,TRY
2026-03-28,temel-gida,Burcu Bütün Mantar Cam Kavanoz 560 Gr,192.00,TRY
2026-03-28,temel-gida,Burcu Dilimli Mantar Cam Kavanoz 560 Gr,192.00,TRY
2026-03-28,temel-gida,Burcu Domates Rendesi 700 Gr,67.00,TRY
2026-03-28,temel-gida,Burcu Domates Salçası 1500 Gr,209.00,TRY
2026-03-28,temel-gida,Burcu Domates Salçası 830 Gr,82.00,TRY
2026-03-28,temel-gida,Burcu Enginar Konservesi 540 Gr Cam Kavanoz,238.00,TRY
2026-03-28,temel-gida,Burcu Fasulye Pilaki Hazır Yemek 400 Gr,62.00,TRY
2026-03-28,temel-gida,Burcu Garnitür 4 Kg,353.00,TRY
2026-03-28,temel-gida,Burcu Garnitür Cam Kavanoz 570 Gr,70.00,TRY
2026-03-28,temel-gida,Burcu Haşlanmış Barbunya 800 Gr,91.50,TRY
2026-03-28,temel-gida,Burcu Haşlanmış Fasülye 800 Gr,75.00,TRY
2026-03-28,temel-gida,Burcu Haşlanmış Nohut 800 Gr,83.50,TRY
2026-03-28,temel-gida,Burcu Ketçap Acılı 650 Gr,71.50,TRY
2026-03-28,temel-gida,Burcu Ketçap Tatlı 650 Gr,71.50,TRY
2026-03-28,temel-gida,Burcu Közlenmiş Biber 560 Gr,131.00,TRY
2026-03-28,temel-gida,Burcu Közlenmiş Patlıcan Cam Kavanoz 540 Gr,74.00,TRY
2026-03-28,temel-gida,Burcu Kurutulmuş Domates 550 Gr Cam Kavanoz,188.00,TRY
2026-03-28,temel-gida,Burcu Mayonez 550 Gr,73.00,TRY
2026-03-28,temel-gida,Burcu Meksika Fasülyesi 400 Gr,69.00,TRY
2026-03-28,temel-gida,Burcu Mısır Konservesi 3 X 200 Gr,107.00,TRY
2026-03-28,temel-gida,Burcu Paprika Sos 330 Gr,62.00,TRY
2026-03-28,temel-gida,Burcu Ranch Sos 290 Gr,62.00,TRY
2026-03-28,temel-gida,Burcu Sarımsaklı Mayonez 290 Gr,62.00,TRY
2026-03-28,temel-gida,Burcu Tane Süt Mısır 2600 Gr,441.50,TRY
2026-03-28,temel-gida,Burcu Tatlı Biber Salçası 1500 Gr,302.00,TRY
2026-03-28,temel-gida,Burcu Taze Fasülye Hazır Yemek 550 Gr Cam Kavanoz,91.50,TRY
2026-03-28,temel-gida,Burcu Zeytinyağlı Yaprak Sarma 200 gr,135.50,TRY
2026-03-28,temel-gida,Calve Acı Set Ketçap 600 Gr + Mayonez 540 Gr,197.50,TRY
2026-03-28,temel-gida,Calve Acı Sos 265 Gr,123.50,TRY
2026-03-28,temel-gida,Calve Ballı Hardal Sos 260 Gr,167.00,TRY
2026-03-28,temel-gida,Calve Barbekü Sos 290 Gr,121.50,TRY
2026-03-28,temel-gida,Calve Chedar Sos 240 Gr,123.00,TRY
2026-03-28,temel-gida,Calve Hardal Sos 250 Gr,152.50,TRY
2026-03-28,temel-gida,Calve Ketçap Acılı 400 Gr,114.50,TRY
2026-03-28,temel-gida,Calve Ketçap Acılı 600 Gr,133.50,TRY
2026-03-28,temel-gida,Calve Ketçap Tatlı 400 Gr,114.50,TRY
2026-03-28,temel-gida,Calve Ketçap Tatlı 600 Gr,133.50,TRY
2026-03-28,temel-gida,Calve Köri Sos 260 Gr,123.00,TRY
2026-03-28,temel-gida,Calve Mayonez 350 Gr,149.00,TRY
2026-03-28,temel-gida,Calve Mayonez 540 Gr,182.50,TRY
2026-03-28,temel-gida,Calve Ranch Sos 245 Gr,123.00,TRY
2026-03-28,temel-gida,Calve Tatlı Set Ketçap 600 Gr Mayonez 540 Gr,197.50,TRY
2026-03-28,temel-gida,Cemkar Esmer Küp Şeker 500 Gr,101.50,TRY
2026-03-28,temel-gida,Cemkar Stick Tuz 800 Gr,57.00,TRY
2026-03-28,temel-gida,Damla Aşurelik Buğday 1 Kg,70.50,TRY
2026-03-28,temel-gida,Damla Barbunya 500 Gr,134.00,TRY
2026-03-28,temel-gida,Damla Börülce 500 Gr,103.50,TRY
2026-03-28,temel-gida,Damla Çiğ Köftelik Bulgur 1 Kg,78.50,TRY
2026-03-28,temel-gida,Damla Dermason Fasulye 1 Kg,144.50,TRY
2026-03-28,temel-gida,Damla Dermason Fasulye 2 Kg,321.00,TRY
2026-03-28,temel-gida,Damla Dermason Fasulye 5 Kg,734.50,TRY
2026-03-28,temel-gida,Damla Gönen Baldo Pirinç 1 Kg,187.00,TRY
2026-03-28,temel-gida,Damla Gönen Baldo Pirinç 2 Kg,374.50,TRY
2026-03-28,temel-gida,Damla Gönen Baldo Pirinç 5 Kg,874.50,TRY
2026-03-28,temel-gida,Damla İspanyol Nohut 1 Kg,234.50,TRY
2026-03-28,temel-gida,Damla Kırmızı Mercimek 1 Kg,122.00,TRY
2026-03-28,temel-gida,Damla Kırmızı Mercimek 2 Kg,258.00,TRY
2026-03-28,temel-gida,Damla Kırmızı Mercimek 5 Kg,603.00,TRY
2026-03-28,temel-gida,Damla Koçbaşı Nohut 1 Kg,173.50,TRY
2026-03-28,temel-gida,Damla Koçbaşı Nohut 2 Kg,339.00,TRY
2026-03-28,temel-gida,Damla Koçbaşı Nohut 9 Mm 5 Kg,825.00,TRY
2026-03-28,temel-gida,Damla Köftelik Bulgur 1 Kg,80.50,TRY
2026-03-28,temel-gida,Damla Köftelik Bulgur 2 Kg,181.50,TRY
2026-03-28,temel-gida,Damla Maş Fasulyesi 500 Gr,81.00,TRY
2026-03-28,temel-gida,Damla Mısır (Popcorn) 1 Kg,75.50,TRY
2026-03-28,temel-gida,Damla Osmancık Pirinç 1 Kg,160.00,TRY
2026-03-28,temel-gida,Damla Osmancık Pirinç 2 Kg,253.50,TRY
2026-03-28,temel-gida,Damla Osmancık Pirinç 5 Kg,791.50,TRY
2026-03-28,temel-gida,Damla Pilavlık Bulgur 1 Kg,80.50,TRY
2026-03-28,temel-gida,Damla Pilavlık Bulgur 2 Kg,168.00,TRY
2026-03-28,temel-gida,Damla Pilavlık Bulgur 5 Kg,404.00,TRY
2026-03-28,temel-gida,Damla Sarı Mercimek 1 Kg,205.50,TRY
2026-03-28,temel-gida,Damla Trakya Baldo Pirinç 2 Kg,330.50,TRY
2026-03-28,temel-gida,Damla Trakya Baldo Pirinç 5 Kg,829.00,TRY
2026-03-28,temel-gida,Damla Trakya Pirinç 1 Kg,161.50,TRY
2026-03-28,temel-gida,Damla Yeşil Mercimek 1 Kg,163.00,TRY
2026-03-28,temel-gida,Damla Yeşil Mercimek 2 Kg,330.50,TRY
2026-03-28,temel-gida,Damla Yeşil Mercimek 5 Kg,797.00,TRY
2026-03-28,temel-gida,Dardanel Ekonomik Ton Balığı 4×75 Gr,274.00,TRY
2026-03-28,temel-gida,Doğalsan Organik Tam Buğday Unu 1 Kg,147.50,TRY
2026-03-28,temel-gida,Doğalsan Yulaf Kepeği 400 Gr,85.00,TRY
2026-03-28,temel-gida,Doğalsan Yulaf Unu 1 Kg,138.50,TRY
2026-03-28,temel-gida,Dola Glutensiz Fıstık Ezmesi Şekersiz 320 Gr,266.00,TRY
2026-03-28,temel-gida,Dola Glutensiz Fıstık Parçacıklı 350 Gr,266.00,TRY
2026-03-28,temel-gida,Dola Glutensiz Karabuğday Unu 750 Gr,246.00,TRY
2026-03-28,temel-gida,Dola Glutensiz Mısır İrmiği 400 Gr,116.50,TRY
2026-03-28,temel-gida,Dola Glutensiz Natural Beyaz Kinoa 400 Gr,260.50,TRY
2026-03-28,temel-gida,Dola Glutensiz Natural Chia Tohumu 400 Gr,270.50,TRY
2026-03-28,temel-gida,Dola Glutensiz Natural Keten Tohumu 400 Gr,146.50,TRY
2026-03-28,temel-gida,Dolco Yumurtalı Erişte Noodle 354 Gr,106.50,TRY
2026-03-28,temel-gida,Dr.Oetker 15 Li Şekerli Vanilin,39.00,TRY
2026-03-28,temel-gida,Dr.Oetker 150 Gr Bugday Nısasta,53.50,TRY
2026-03-28,temel-gida,Dr.Oetker 315Gr Trılece (Karamel),143.50,TRY
2026-03-28,temel-gida,Dr.Oetker 70 Gr Sut.Bıt.Byz.Parcaları,198.50,TRY
2026-03-28,temel-gida,Dr.Oetker Bardakta Puding Çikolata Parçalı Vanilyalı 34 Gr,37.00,TRY
2026-03-28,temel-gida,Dr.Oetker Bitter Çikolata Sosu 125 Gr,82.00,TRY
2026-03-28,temel-gida,Dr.Oetker Bitter Çikolatalı Puding 111 Gr,60.50,TRY
2026-03-28,temel-gida,Dr.Oetker Çikolata Parçacıklı Puding 115 Gr,60.50,TRY
2026-03-28,temel-gida,Dr.Oetker Çikolatalı Antep Fıstıklı Puding 100 Gr,60.50,TRY
2026-03-28,temel-gida,Dr.Oetker Çikolatalı Bademli Puding 104 Gr,60.50,TRY
2026-03-28,temel-gida,Dr.Oetker Çikolatalı Fındıklı Puding 102 Gr,60.50,TRY
2026-03-28,temel-gida,Dr.Oetker Çikolatalı Sos 123 Gr,82.00,TRY
2026-03-28,temel-gida,Dr.Oetker Çilek Aromalı Bitkisel Jel 100 Gr,58.00,TRY
2026-03-28,temel-gida,Dr.Oetker Çilekli Puding 120 Gr,49.50,TRY
2026-03-28,temel-gida,Dr.Oetker Creme Ole Çikolata 114 gr,74.00,TRY
2026-03-28,temel-gida,Dr.Oetker Dekor Süsü Gümüş 10 Gr,41.00,TRY
2026-03-28,temel-gida,Dr.Oetker Dekor Süsü Kakaolu 10 Gr,41.00,TRY
2026-03-28,temel-gida,Dr.Oetker Dekor Süsü Konfeti 10 Gr,41.00,TRY
2026-03-28,temel-gida,Dr.Oetker Dekor Süsü Şekerli 10 Gr,41.00,TRY
2026-03-28,temel-gida,Dr.Oetker Ekonomik Krem Şanti 288 Gr,153.00,TRY
2026-03-28,temel-gida,Dr.Oetker Glutensiz Çikolata Sosu 128 Gr,100.00,TRY
2026-03-28,temel-gida,Dr.Oetker Glutensiz Kakao 70 Gr,147.50,TRY
2026-03-28,temel-gida,Dr.Oetker Glutensiz Kakaolu Puding 147 Gr,79.00,TRY
2026-03-28,temel-gida,Dr.Oetker Glutensiz Krem Şanti 72 Gr,67.00,TRY
2026-03-28,temel-gida,Dr.Oetker Glutensiz Pirinç Unu 175 Gr,74.50,TRY
2026-03-28,temel-gida,Dr.Oetker Hamur Kabartma Tozu 10 Lu 100 Gr,42.50,TRY
2026-03-28,temel-gida,Dr.Oetker Hamur Kabartma Tozu 15 Li 150 Gr,50.50,TRY
2026-03-28,temel-gida,Dr.Oetker Hamur Kabartma Tozu 5 Li 50 Gr,22.50,TRY
2026-03-28,temel-gida,Dr.Oetker İrmik Helvası 360 Gr,102.00,TRY
2026-03-28,temel-gida,Dr.Oetker Kakao 100 Gr,148.00,TRY
2026-03-28,temel-gida,Dr.Oetker Kakao 50 Gr,88.50,TRY
2026-03-28,temel-gida,Dr.Oetker Kakaolu Kek Karışımı 350 Gr,121.50,TRY
2026-03-28,temel-gida,Dr.Oetker Kakaolu Puding 147 Gr,59.50,TRY
2026-03-28,temel-gida,Dr.Oetker Karbonat 5 Li 25 Gr,13.50,TRY
2026-03-28,temel-gida,Dr.Oetker Keşkül 140 Gr,42.50,TRY
2026-03-28,temel-gida,Dr.Oetker Krem Şanti 72 Gr,59.50,TRY
2026-03-28,temel-gida,Dr.Oetker Krem Şanti Çikolatalı 77 g,59.50,TRY
2026-03-28,temel-gida,Dr.Oetker Limonlu Kek Karışımı 440 Gr,133.50,TRY
2026-03-28,temel-gida,Dr.Oetker Meyveli Sos 80 Gr,44.50,TRY
2026-03-28,temel-gida,Dr.Oetker Mısır Nişastası 150 Gr,38.50,TRY
2026-03-28,temel-gida,Dr.Oetker Muhallebi 210 Gr,54.00,TRY
2026-03-28,temel-gida,Dr.Oetker Muzlu Puding 120 Gr,49.50,TRY
2026-03-28,temel-gida,Dr.Oetker Orman Meyveli Krem Şanti 72 Gr,59.50,TRY
2026-03-28,temel-gida,Dr.Oetker Pastacı Kreması 55 Gr,29.50,TRY
2026-03-28,temel-gida,Dr.Oetker Pirinç Unu 5 Li 175 Gr,64.50,TRY
2026-03-28,temel-gida,Dr.Oetker Profiterol 305 Gr,188.00,TRY
2026-03-28,temel-gida,Dr.Oetker Pudra Şekeri 250 Gr,74.00,TRY
2026-03-28,temel-gida,Dr.Oetker Revani 500 Gr,108.00,TRY
2026-03-28,temel-gida,Dr.Oetker Sade Kek Karışımı 450 Gr,85.50,TRY
2026-03-28,temel-gida,Dr.Oetker Sade Krem Şanti 144 Gr,102.00,TRY
2026-03-28,temel-gida,Dr.Oetker Şekerli Vanilin 10 Lu 50 Gr,38.50,TRY
2026-03-28,temel-gida,Dr.Oetker Supangle 135 Gr,61.00,TRY
2026-03-28,temel-gida,Dr.Oetker Sütlaç 141 Gr,58.00,TRY
2026-03-28,temel-gida,Dr.Oetker Tavuk Göğsü 121 Gr,38.50,TRY
2026-03-28,temel-gida,Dr.Oetker Trileçe 315 Gr,141.00,TRY
2026-03-28,temel-gida,Dr.Oetker Vanilin 5 Li 25 Gr,18.00,TRY
2026-03-28,temel-gida,Dr.Oetker Vanilya Aromalı Creme Ole 110 Gr,74.00,TRY
2026-03-28,temel-gida,Dr.Oetker Vanilyalı Pasta Kreması 130 Gr,97.00,TRY
2026-03-28,temel-gida,Dr.Oetker Vanilyalı Puding 120 Gr,49.50,TRY
2026-03-28,temel-gida,Duru Başbaşı Bulgur 1 Kg,93.50,TRY
2026-03-28,temel-gida,Duru Çiğköftelik Bulgur 1 Kg,93.50,TRY
2026-03-28,temel-gida,Duru Çiğköftelik Esmer Bulgur 1 Kg,93.50,TRY
2026-03-28,temel-gida,Duru İri Bulgur 1 Kg,93.50,TRY
2026-03-28,temel-gida,Duru Köftelik Bulgur 1 Kg,93.50,TRY
2026-03-28,temel-gida,Duru Pilavlık Bulgur 1 Kg,88.50,TRY
2026-03-28,temel-gida,Duru Pilavlık Bulgur 5 Kg,454.00,TRY
2026-03-28,temel-gida,Eti Pronot Glutensiz Mini Kek Kakaolu 144 Gr,118.00,TRY
2026-03-28,temel-gida,Ezgi Beypazarı Çorbalık Erişte 500 Gr,164.00,TRY
2026-03-28,temel-gida,Ezgi Beypazarı Erişte 500 Gr,164.00,TRY
2026-03-28,temel-gida,Ezgi Beypazarı Tarhanası 500 Gr,164.50,TRY
2026-03-28,temel-gida,Hatap Un Tip 1 2 Kg,152.50,TRY
2026-03-28,temel-gida,Heinz Acılı Mayonez 405 Gr,266.50,TRY
2026-03-28,temel-gida,Heinz American Burger Sos 235 Gr,164.50,TRY
2026-03-28,temel-gida,Heinz Barbekü Sos 465 Gr,218.50,TRY
2026-03-28,temel-gida,Heinz Hardal 240 Gr,192.50,TRY
2026-03-28,temel-gida,Heinz Ketçap 1 Kg,170.00,TRY
2026-03-28,temel-gida,Heinz Kombo Paket Ketçap 570 Gr + Mayonez 400 Gr,299.00,TRY
2026-03-28,temel-gida,Heinz Light Mayonez 420 Gr,181.00,TRY
2026-03-28,temel-gida,Heinz Sarımsaklı Mayonez 400 Gr,266.00,TRY
2026-03-28,temel-gida,Huxol Tablet Tatlandırıcı 650 Tablet,149.00,TRY
2026-03-28,temel-gida,İçim Krema 200 Gr,90.00,TRY
2026-03-28,temel-gida,Itır Baharat Acı Biber 100 Gr,53.50,TRY
2026-03-28,temel-gida,Itır Baharat Beyaz Haşhaş 100 Gr,61.00,TRY
2026-03-28,temel-gida,Itır Baharat Cajun Baharat Harcı 100 Gr,47.00,TRY
2026-03-28,temel-gida,Itır Baharat Çam Fıstığı 50 Gr,284.50,TRY
2026-03-28,temel-gida,Itır Baharat Çiğ Köfte Harcı 385 Gr,61.00,TRY
2026-03-28,temel-gida,Itır Baharat Çiğ Köfte Seti Etsiz 500 Gr,78.50,TRY
2026-03-28,temel-gida,Itır Baharat Çörek Otu 100 Gr,53.00,TRY
2026-03-28,temel-gida,Itır Baharat Çörekotu 1 Kg,493.00,TRY
2026-03-28,temel-gida,Itır Baharat Defne Yaprağı 50 Gr,24.00,TRY
2026-03-28,temel-gida,Itır Baharat Galeta Unu 1 Kg,86.00,TRY
2026-03-28,temel-gida,Itır Baharat Hindistan Cevizi 75 Gr,57.50,TRY
2026-03-28,temel-gida,Itır Baharat İsot 100 Gr,53.50,TRY
2026-03-28,temel-gida,Itır Baharat İsot 500 Gr,182.50,TRY
2026-03-28,temel-gida,Itır Baharat Izgara Harcı 90 Gr,44.50,TRY
2026-03-28,temel-gida,Itır Baharat Kabuk Tarçın 100 Gr,92.50,TRY
2026-03-28,temel-gida,Itır Baharat Karabiber 1 Kg,1011.50,TRY
2026-03-28,temel-gida,Itır Baharat Karabiber 100 Gr,127.50,TRY
2026-03-28,temel-gida,Itır Baharat Karabiber 500 Gr,519.00,TRY
2026-03-28,temel-gida,Itır Baharat Karanfil 50 Gr,89.00,TRY
2026-03-28,temel-gida,Itır Baharat Karbonat 1 Kg,100.50,TRY
2026-03-28,temel-gida,Itır Baharat Karbonat 200 Gr,29.50,TRY
2026-03-28,temel-gida,Itır Baharat Kekik 150 Gr,64.50,TRY
2026-03-28,temel-gida,Itır Baharat Kekik 50 Gr,37.00,TRY
2026-03-28,temel-gida,Itır Baharat Keten Tohumu 100 Gr,26.00,TRY
2026-03-28,temel-gida,Itır Baharat Kimyon 100 Gr,82.00,TRY
2026-03-28,temel-gida,Itır Baharat Kimyon 500 Gr,167.00,TRY
2026-03-28,temel-gida,Itır Baharat Kişniş 100 Gr,24.00,TRY
2026-03-28,temel-gida,Itır Baharat Köfte Baharı 100 Gr,59.50,TRY
2026-03-28,temel-gida,Itır Baharat Köfte Harcı 100 Gr,31.00,TRY
2026-03-28,temel-gida,Itır Baharat Köri 100 Gr,32.50,TRY
2026-03-28,temel-gida,Itır Baharat Limon Tuzu 1 Kg,254.50,TRY
2026-03-28,temel-gida,Itır Baharat Limon Tuzu 100 Gr,41.50,TRY
2026-03-28,temel-gida,Itır Baharat Mavi Haşhaş 100 Gr,61.00,TRY
2026-03-28,temel-gida,Itır Baharat Nane 200 Gr,103.50,TRY
2026-03-28,temel-gida,Itır Baharat Nane 50 Gr,27.00,TRY
2026-03-28,temel-gida,Itır Baharat Pasta Süsü 100 Gr,24.50,TRY
2026-03-28,temel-gida,Itır Baharat Pul Biber 1 Kg,369.00,TRY
2026-03-28,temel-gida,Itır Baharat Pul Biber 100 Gr,53.50,TRY
2026-03-28,temel-gida,Itır Baharat Pul Biber 500 Gr,182.50,TRY
2026-03-28,temel-gida,Itır Baharat Sumak 100 Gr,63.50,TRY
2026-03-28,temel-gida,Itır Baharat Susam 100 Gr,42.50,TRY
2026-03-28,temel-gida,Itır Baharat Tane Karabiber 100 Gr,127.50,TRY
2026-03-28,temel-gida,Itır Baharat Tarçın 100 Gr,53.00,TRY
2026-03-28,temel-gida,Itır Baharat Tatlı Biber 100 Gr,53.50,TRY
2026-03-28,temel-gida,Itır Baharat Tatlı Biber 500 Gr,182.50,TRY
2026-03-28,temel-gida,Itır Baharat Tavuk Harcı 90 Gr,34.00,TRY
2026-03-28,temel-gida,Itır Baharat Yenibahar 100 Gr,134.00,TRY
2026-03-28,temel-gida,Itır Baharat Zencefil 100 Gr,51.50,TRY
2026-03-28,temel-gida,Itır Baharat Zerdeçal 1 Kg,344.00,TRY
2026-03-28,temel-gida,Kanaat Acı Pul Biber 250 Gr,112.00,TRY
2026-03-28,temel-gida,Kanaat Acı Pul Biber 500 Gr,208.50,TRY
2026-03-28,temel-gida,Katmer Buğday Un 1 Kg,58.50,TRY
2026-03-28,temel-gida,Katmer Buğday Unu 2 Kg,126.00,TRY
2026-03-28,temel-gida,Katmer İrmik 500 Gr,50.50,TRY
2026-03-28,temel-gida,Katmer Tam Buğday Unu 1 Kg,63.50,TRY
2026-03-28,temel-gida,Kemal Kükrer Elma Sirkesi 500 Ml,151.00,TRY
2026-03-28,temel-gida,Kemal Kükrer Elma Sirkesi Cam 500 Ml,165.50,TRY
2026-03-28,temel-gida,Kemal Kükrer Nar Ekşili Sos 250 Ml,271.00,TRY
2026-03-28,temel-gida,Kemal Kükrer Parçacıklı Acı Sos 250 Ml,162.50,TRY
2026-03-28,temel-gida,Kemal Kükrer Sarımsak Sosu 250 Ml,255.50,TRY
2026-03-28,temel-gida,Kemal Kükrer Soya Sosu 375 Ml,220.50,TRY
2026-03-28,temel-gida,Kemal Kükrer Soya Sosu Cam Şişe 250 Ml,205.00,TRY
2026-03-28,temel-gida,Kent Boringer Prf. Ezogelin Çorbası 3 Kg,691.50,TRY
2026-03-28,temel-gida,Kent Boringer Sebzeli Çeşni 5 Kg,1520.00,TRY
2026-03-28,temel-gida,Kent Boringer Toppig 300 Gr Frambuazlı Silindir,106.50,TRY
2026-03-28,temel-gida,Kent Boringer Toppig 300 Gr Karamelli Silindir,106.50,TRY
2026-03-28,temel-gida,Kilikya Şalgam Suyu Tatlı (Glutensiz – Şekersiz) 1 Lt,61.50,TRY
2026-03-28,temel-gida,Knorr Beşamel Sos 70 Gr,80.50,TRY
2026-03-28,temel-gida,Knorr Bolonez Makarna Sosu 45 Gr,80.50,TRY
2026-03-28,temel-gida,Knorr Çabuk Çorba Kremalı Mantarlı 19 Gr,24.00,TRY
2026-03-28,temel-gida,Knorr Çıtır Pane Harcı 90 Gr,75.00,TRY
2026-03-28,temel-gida,Knorr Ezogelin Çorbası 65 Gr,45.50,TRY
2026-03-28,temel-gida,Knorr Fırında Tavuk Çeşnisi Fesleğenli Kekikli 29 Gr,60.00,TRY
2026-03-28,temel-gida,Knorr Fırında Tavuk Çeşnisi Mangal Lezzeti 32 Gr,67.50,TRY
2026-03-28,temel-gida,Knorr Hazır Çorba Kıtırlı Domates 22 Gr,24.00,TRY
2026-03-28,temel-gida,Knorr İşkembe Çorbası 63 Gr,45.50,TRY
2026-03-28,temel-gida,Knorr Köfte Harcı 82 Gr,87.50,TRY
2026-03-28,temel-gida,Knorr Kremalı Domates Çorbası 69 Gr,44.50,TRY
2026-03-28,temel-gida,Knorr Kremalı Mantar Çorbası 62 Gr,45.50,TRY
2026-03-28,temel-gida,Knorr Kremalı Tavuk Çorbası 65 Gr,45.50,TRY
2026-03-28,temel-gida,Knorr Mercimek Çorbası 76 Gr,45.50,TRY
2026-03-28,temel-gida,Knorr Pane Harcı 90 Gr,60.00,TRY
2026-03-28,temel-gida,Knorr Pesto Makarna Sosu 50 Gr,87.50,TRY
2026-03-28,temel-gida,Knorr Şehriyeli Tavuk Çorbası 51 Gr,44.50,TRY
2026-03-28,temel-gida,Knorr Tarhana Çorbası 74 Gr,44.50,TRY
2026-03-28,temel-gida,Knorr Yayla Çorbası 74 Gr,44.50,TRY
2026-03-28,temel-gida,Komili Naturel Sızma Zeytinyağı Yumuşak Lezzet 1 Lt,525.50,TRY
2026-03-28,temel-gida,Komili Natürel Sızma Zeytinyağı Yumuşak Lezzet 2 Lt,986.00,TRY
2026-03-28,temel-gida,Komili Riviera Zeytinyağı 1 Lt,467.00,TRY
2026-03-28,temel-gida,Komili Riviera Zeytinyağı 2 Lt,904.50,TRY
2026-03-28,temel-gida,Komili Sızma Zeytinyağı 2 Lt Pet,1107.50,TRY
2026-03-28,temel-gida,Komili Sızma Zeytinyağı 500 Ml Pet,311.50,TRY
2026-03-28,temel-gida,Komili Yemeklik Riviera Zeytinyağı 5 lt x 1 Adet,1805.00,TRY
2026-03-28,temel-gida,Komili Yemeklik Riviera Zeytinyağı 5 lt x 4 Adet,6235.00,TRY
2026-03-28,temel-gida,Kristal Dolgun Güçlü Sızma Zeytinyağı Cam 1 Lt,598.00,TRY
2026-03-28,temel-gida,Kristal Naturel Sızma Yumuşak Doğal Zeytinyağı Cam 500 Ml,338.50,TRY
2026-03-28,temel-gida,Kühne %100 Nar Ekşisi 250 Ml,352.00,TRY
2026-03-28,temel-gida,Kühne Acı Hardal 265 Gr,131.00,TRY
2026-03-28,temel-gida,Kühne Biberiye Turşusu 325 Gr,149.00,TRY
2026-03-28,temel-gida,Kühne Cüccü Kornişon Turşusu 340 Gr,208.00,TRY
2026-03-28,temel-gida,Kühne Elma Sirkesi Cam 500 Ml,78.50,TRY
2026-03-28,temel-gida,Kühne Gewürzgurken Salatalık Turşusu 670 Gr,219.00,TRY
2026-03-28,temel-gida,Kühne Jalapeno Biber Turşusu 650 Gr,177.00,TRY
2026-03-28,temel-gida,Kühne Kırmızı Acı Biber Sosu 100 Ml,163.00,TRY
2026-03-28,temel-gida,Kühne Közlenmiş Biber 2500 Gr,713.50,TRY
2026-03-28,temel-gida,Kühne Salatalık Turşusu 670 Gr,214.50,TRY
2026-03-28,temel-gida,Kühne Sezar Salata Sosu 250 Ml,244.50,TRY
2026-03-28,temel-gida,Kühne Soya Sosu 250 Ml,198.50,TRY
2026-03-28,temel-gida,Kühne Tuz Az Salatalık Turşusu 670 Gr,246.00,TRY
2026-03-28,temel-gida,Marmarabirlik Sızma Zeytinyağı Cam 1 Lt,518.00,TRY
2026-03-28,temel-gida,Marmarabirlik Sızma Zeytinyağı Pet 1 Lt,482.00,TRY
2026-03-28,temel-gida,Melis Biberiye Turşusu 370 Gr,110.00,TRY
2026-03-28,temel-gida,Melis Karışık Turşu 720 Gr,101.50,TRY
2026-03-28,temel-gida,Melis Kornişon Turşusu 370 Gr,93.00,TRY
2026-03-28,temel-gida,Melis Kornişon Turşusu 720 Gr,137.50,TRY
2026-03-28,temel-gida,Melis Salatalık Turşusu 720 Gr,118.50,TRY
2026-03-28,temel-gida,Melis Yakan Biber Turşusu 370 Gr,94.00,TRY
2026-03-28,temel-gida,Melis Yakan Biber Turşusu 720 Gr,149.50,TRY
2026-03-28,temel-gida,Mgs Fişek Şeker 750 Gr,92.00,TRY
2026-03-28,temel-gida,Mgs Kahverengi Küp Şeker 500 Gr,76.00,TRY
2026-03-28,temel-gida,Mgs Kahverengi Toz Şeker 500 Gr,72.50,TRY
2026-03-28,temel-gida,Mgs Küp Şeker 360 Lı 1 Kg,82.00,TRY
2026-03-28,temel-gida,Mgs Küp Şeker 360 Lı 750 Gr,64.50,TRY
2026-03-28,temel-gida,Mgs Küp Şeker 405 Li 1 Kg,80.00,TRY
2026-03-28,temel-gida,Mgs Tekli Sarma Küp Şeker Poşet 750 Gr,87.00,TRY
2026-03-28,temel-gida,Mgs Toz Şeker 1 Kg,76.50,TRY
2026-03-28,temel-gida,"Mgs Toz Şeker 2,5 Kg",197.00,TRY
2026-03-28,temel-gida,Mutlu Makarna Arpa Şehriye 5 Kg,356.50,TRY
2026-03-28,temel-gida,Mutlu Makarna Arpa Şehriye 500 Gr,35.50,TRY
2026-03-28,temel-gida,Mutlu Makarna Burgu 5 Kg,356.50,TRY
2026-03-28,temel-gida,Mutlu Makarna Burgu 500 Gr,35.50,TRY
2026-03-28,temel-gida,Mutlu Makarna İnce Uzun 5 Kg,356.50,TRY
2026-03-28,temel-gida,Mutlu Makarna Spagetti 500 Gr,35.50,TRY
2026-03-28,temel-gida,Mutlu Makarna Spagetti 5Kg,356.50,TRY
2026-03-28,temel-gida,Mutlu Makarna Tel Şehriye 500 Gr,35.50,TRY
2026-03-28,temel-gida,Olca Domates Salçası 1600 Gr,279.00,TRY
2026-03-28,temel-gida,Öncü Acı Biber Salçası 1650 Gr,441.00,TRY
2026-03-28,temel-gida,Öncü Acı Biber Salçası 4300 Gr,1020.00,TRY
2026-03-28,temel-gida,Öncü Acı Biber Salçası Cam 700 Gr,202.00,TRY
2026-03-28,temel-gida,Öncü Domates Salçası 1650 Gr,279.00,TRY
2026-03-28,temel-gida,Öncü Domates Salçası Cam Kavanoz 700 Gr,126.00,TRY
2026-03-28,temel-gida,"Öncü Domates Ve Biber Karışık Salça 1,6 Kg",401.50,TRY
2026-03-28,temel-gida,Öncü Közlenmiş Biber 680 Gr,157.50,TRY
2026-03-28,temel-gida,Öncü Tatlı Biber Salçası 1650 Gr,441.00,TRY
2026-03-28,temel-gida,Öncü Tatlı Biber Salçası Cam 700 Gr,202.00,TRY
2026-03-28,temel-gida,Pakmaya Bal Bademli Puding 85 Gr,52.00,TRY
2026-03-28,temel-gida,Pakmaya Beyaz Pul Çikolata 100 Gr,167.50,TRY
2026-03-28,temel-gida,Pakmaya Bitter Kurabiye Çikolatası 90 Gr,168.50,TRY
2026-03-28,temel-gida,Pakmaya Bitter Puding 115 Gr,53.00,TRY
2026-03-28,temel-gida,Pakmaya Bitter Pul Çikolata 100 Gr,167.50,TRY
2026-03-28,temel-gida,Pakmaya Çift Renkli Damla Çikolata 70 Gr,151.50,TRY
2026-03-28,temel-gida,Pakmaya Çikolata Sosu 125 Gr,78.50,TRY
2026-03-28,temel-gida,Pakmaya Çikolatalı Portakallı Puding 116 Gr,53.00,TRY
2026-03-28,temel-gida,Pakmaya Çikolatalı Puding 106 Gr,52.50,TRY
2026-03-28,temel-gida,Pakmaya Kabartma Tozu 10 Lu,39.50,TRY
2026-03-28,temel-gida,Pakmaya Kabartma Tozu 5 Li,21.00,TRY
2026-03-28,temel-gida,Pakmaya Kakao 100 Gr,148.00,TRY
2026-03-28,temel-gida,Pakmaya Kakao 2 X 25 Gr,82.50,TRY
2026-03-28,temel-gida,Pakmaya Kakao 50 Gr,82.00,TRY
2026-03-28,temel-gida,Pakmaya Kakaolu Puding 145 Gr,52.50,TRY
2026-03-28,temel-gida,Pakmaya Karbonat 5 Li,13.50,TRY
2026-03-28,temel-gida,Pakmaya Muzlu Puding 117 Gr,40.00,TRY
2026-03-28,temel-gida,Pakmaya Pasta Süsü Sedef Boncuk 50 Gr,133.00,TRY
2026-03-28,temel-gida,Pakmaya Pasta Süsü Sütlü Boncuk 50 Gr,133.00,TRY
2026-03-28,temel-gida,Pakmaya Portakallı Bitter Parça Çikolata,156.50,TRY
2026-03-28,temel-gida,Pakmaya Sade Krem Şanti 150 Gr,98.50,TRY
2026-03-28,temel-gida,Pakmaya Şef Krema 200 Ml,89.50,TRY
2026-03-28,temel-gida,Pakmaya Şekerli Vanilin 10 Lu,29.00,TRY
2026-03-28,temel-gida,Pakmaya Şekerli Vanilin 5 Li,16.00,TRY
2026-03-28,temel-gida,Pakmaya Vanilyalı Puding 125 Gr,40.00,TRY
2026-03-28,temel-gida,Penguen Acı Kornişon Turşusu 330 Gr,136.50,TRY
2026-03-28,temel-gida,Penguen Bezelye Cam Kavanoz 680 Gr,105.00,TRY
2026-03-28,temel-gida,Penguen Bezelye Teneke 5000 Gr,521.50,TRY
2026-03-28,temel-gida,Penguen Biberiye Turşusu 300 Gr,128.00,TRY
2026-03-28,temel-gida,Penguen Garnitür 5000 Gr,521.50,TRY
2026-03-28,temel-gida,Penguen Garnitür Cam Kavanoz 540 Gr,93.50,TRY
2026-03-28,temel-gida,Penguen Kornişon Turşusu 330 Gr,136.50,TRY
2026-03-28,temel-gida,Penguen Kornişon Turşusu 670 Gr,188.50,TRY
2026-03-28,temel-gida,Penguen Közlenmiş Biber Cam Kavanoz 680 Gr,193.50,TRY
2026-03-28,temel-gida,Penguen Közlenmiş Patlıcan 520 Gr,167.00,TRY
2026-03-28,temel-gida,Penguen Közlenmiş Patlıcan Salatası 520 Gr,116.00,TRY
2026-03-28,temel-gida,Penguen Lütenitsa Balkan Sosu 300 Gr,174.00,TRY
2026-03-28,temel-gida,Penguen Mısır 2650 Gr,453.00,TRY
2026-03-28,temel-gida,Penguen Süt Mısır 3 X 150 Gr,152.50,TRY
2026-03-28,temel-gida,Pınar Krema %18 Yağlı 200 Ml,60.50,TRY
2026-03-28,temel-gida,Salina İyotlu Tuz 1500 Gr,69.50,TRY
2026-03-28,temel-gida,Salina Tuz 750 Gr,33.00,TRY
2026-03-28,temel-gida,Sarıkılçık Pilavlık Pirinç 1 kg,160.00,TRY
2026-03-28,temel-gida,Sarıkılçık Pilavlık Pirinç 10 kg,1500.00,TRY
2026-03-28,temel-gida,Sarıkılçık Pilavlık Pirinç 15 Kg,2175.00,TRY
2026-03-28,temel-gida,Sarıkılçık Pilavlık Pirinç 25 Kg (Çuval),3500.00,TRY
2026-03-28,temel-gida,Sarıkılçık Pilavlık Pirinç 5 kg,777.00,TRY
2026-03-28,temel-gida,Söke Geleneksel Buğday Un 2 Kg,172.50,TRY
2026-03-28,temel-gida,Söke Geleneksel Un 1 Kg,80.00,TRY
2026-03-28,temel-gida,Sunu Haşhaş Ezmesi 400 Gr,153.00,TRY
2026-03-28,temel-gida,Superfresh Ton Balığı 2 X 140 Gr,209.00,TRY
2026-03-28,temel-gida,Superfresh Ton Balığı 3 X 75 Gr,260.50,TRY
2026-03-28,temel-gida,Superfresh Ton Balığı Light 3 X 75 Gr,277.50,TRY
2026-03-28,temel-gida,Superfresh Ton Balığı Zeytin Yağlı 3X75 Gr,299.50,TRY
2026-03-28,temel-gida,Sütaş Krema 200 Ml,104.00,TRY
2026-03-28,temel-gida,Sütaş Yemeklik Krema 200 Ml,66.50,TRY
2026-03-28,temel-gida,Tam Buğday Unu 5 Kg,375.00,TRY
2026-03-28,temel-gida,Tamek Bezelye Teneke 830 Gr,64.00,TRY
2026-03-28,temel-gida,Tamek Domates Salçası Teneke 830 Gr,82.00,TRY
2026-03-28,temel-gida,Tamek Fasulye Pilaki 400 Gr,78.00,TRY
2026-03-28,temel-gida,Tariş Kuzey Sızma Zeytinyağı 1 Lt,707.00,TRY
2026-03-28,temel-gida,Tariş Kuzey Sızma Zeytinyağı 2 Lt,1493.00,TRY
2026-03-28,temel-gida,Tariş Kuzey Sızma Zeytinyağı 500 Ml,409.00,TRY
2026-03-28,temel-gida,Tariş Riviera Zeytinyağı Teneke 2 Lt,1100.00,TRY
2026-03-28,temel-gida,Tat Domates Salçası Teneke 830 Gr,81.50,TRY
2026-03-28,temel-gida,Tat Ketçap Acılı 650 Ml,110.50,TRY
2026-03-28,temel-gida,Tat Ketçap Tatlı 650 Ml,110.50,TRY
2026-03-28,temel-gida,Tep Tip Hindistan Cevizi Sütü 400 Ml,193.50,TRY
2026-03-28,temel-gida,Tukaş Bezelye 720Cc,86.50,TRY
2026-03-28,temel-gida,Tukaş Bezelye 830Gr,86.50,TRY
2026-03-28,temel-gida,Tukaş Fasulye Pilaki 400 Gr,57.50,TRY
2026-03-28,temel-gida,Tukaş Garnitür 560Gr,70.00,TRY
2026-03-28,temel-gida,Tukaş Hardal Sos 335 Gr,65.50,TRY
2026-03-28,temel-gida,Tukaş Haşlanmış Fasulye 800 Gr,90.00,TRY
2026-03-28,temel-gida,Tukaş Haşlanmış Nohut 800 Gr,90.00,TRY
2026-03-28,temel-gida,Tukaş Mayonez 550 Gr + Ketçap 650 Gr,141.00,TRY
2026-03-28,temel-gida,Tukaş Mayonez 9 Gr 500 Lü,590.00,TRY
2026-03-28,temel-gida,Tukaş Mısır 3 X 150 Gr,105.00,TRY
2026-03-28,temel-gida,Tukaş Sos Barbekü 400 Gr,66.50,TRY
2026-03-28,temel-gida,Tukaş Sos Ranch 335 Gr,65.50,TRY
2026-03-28,temel-gida,Tukaş Yaprak Sarma 400 Gr.,102.00,TRY
2026-03-28,temel-gida,Ülker Bitter Çokodamla 120 Gr,181.50,TRY
2026-03-28,temel-gida,Ülker Bizim Mutfak Köfte Harcı 100 Gr,60.00,TRY
2026-03-28,temel-gida,Ülker Bizim Mutfak Pane Harcı 90 Gr,58.50,TRY
2026-03-28,temel-gida,Ülker Pul Beyaz Çikolata 120 Gr,181.50,TRY
2026-03-28,temel-gida,Veronelli Arpa Şehriye 500 Gr,48.50,TRY
2026-03-28,temel-gida,Veronelli Burgu Makarna 500 Gr,48.50,TRY
2026-03-28,temel-gida,Veronelli Fırın Makarna 500 Gr,48.50,TRY
2026-03-28,temel-gida,Veronelli Penne Makarna 500 Gr,48.50,TRY
2026-03-28,temel-gida,Veronelli Rigatoni 500 Gr,48.50,TRY
2026-03-28,temel-gida,Veronelli Spagetti 500 Gr,48.50,TRY
2026-03-28,temel-gida,Veronelli Tagliatelle Makarna 500 Gr,190.00,TRY
2026-03-28,temel-gida,Veronelli Uzun Erişte 500 Gr,48.50,TRY
2026-03-28,temel-gida,Veronelli Yassı Spagetti 500 Gr,48.50,TRY
2026-03-28,temel-gida,Yakamoz Jalapeno Turşusu Cam 370 Cc,93.00,TRY
2026-03-28,temel-gida,Yakamoz Sarı Biberiye Turşusu Cam 345 C,133.50,TRY
2026-03-28,temel-gida,Yakamoz Yakan Biber Turşusu Cam 370 Cc,117.00,TRY
2026-03-28,temel-gida,Yazar Buğday Nişastası 400 Gr,65.00,TRY
2026-03-28,temel-gida,Yazar Buğday Nişastası 800 Gr,132.50,TRY
2026-03-28,temel-gida,Yazar Galeta Unu 400 Gr,37.00,TRY
2026-03-28,temel-gida,Yazar İrmik 500 Gr,53.00,TRY
2026-03-28,temel-gida,Yazar Mısır Nişastası 400 Gr,52.50,TRY
2026-03-28,temel-gida,Yazar Mısır Nişastası 800 Gr,88.50,TRY
2026-03-28,temel-gida,Yazar Mısır Unu 125 Gr,15.00,TRY
2026-03-28,temel-gida,Yazar Mısır Unu 400 Gr,32.50,TRY
2026-03-28,temel-gida,Yazar Mısır Unu 5 Kg,390.50,TRY
2026-03-28,temel-gida,Yazar Pirinç Unu 500 Gr,41.50,TRY
2026-03-28,temel-gida,Yazar Tam Buğday Unu 1 Kg,67.00,TRY
2026-03-28,temel-gida,Yazar Tam Kepekli Unu 1 Kg,70.15,TRY
2026-03-28,temel-gida,Yudum Ayçiçek Yağı 1 Lt,174.00,TRY
2026-03-28,temel-gida,Yudum Ayçiçek Yağı 2 Lt,324.50,TRY
2026-03-28,temel-gida,Yudum Egemden Naturel Sızma Zeytinyağı Yumuşak Lezzet 1 Lt,480.00,TRY
2026-03-28,temel-gida,Yudum Egemden Naturel Sızma Zeytinyağı Yumuşak Lezzet 2 Lt,876.00,TRY
2026-03-28,temel-gida,Yudum Riviera Zeytinyağı 2 Lt,744.00,TRY
2026-03-28,temel-gida,Dardanel Klasik Ton Balığı 4 X 75 Gr,297.00,TRY
2026-03-28,temel-gida,Dardanel Klasik Ton Balığı 5 x 75 gr x 4 lü Paket (20 ad x 75 gr),1485.00,TRY
2026-03-28,kahvaltilik,Abdurrahman Tatlıcı Tadıbu %35 Fındık Ezmesi 330 Gr,380.00,TRY
2026-03-28,kahvaltilik,Anavarza Çam Balı 450 Gr,509.00,TRY
2026-03-28,kahvaltilik,Anavarza Çiçek Balı 220 Gr,226.00,TRY
2026-03-28,kahvaltilik,Anavarza Çiçek Balı 450 Gr,423.00,TRY
2026-03-28,kahvaltilik,Anavarza Çiçek Balı 850 Gr,604.00,TRY
2026-03-28,kahvaltilik,Anavarza Çıt Kapak Çiçek Balı 325 Gr,364.00,TRY
2026-03-28,kahvaltilik,Anavarza Kavanoz Çam Balı 32 Gr,43.00,TRY
2026-03-28,kahvaltilik,Anavarza Kestane Balı 450 Gr,1810.00,TRY
2026-03-28,kahvaltilik,Anavarza Keven Kekik Balı 450 Gr,584.00,TRY
2026-03-28,kahvaltilik,Anavarza Keven Kekik Balı 850 Gr,965.00,TRY
2026-03-28,kahvaltilik,Balparmak Apitera Zen 7Gr 7 Adet,152.50,TRY
2026-03-28,kahvaltilik,Balparmak Yayla Ve Ova Çiçek Balı 650 Gr,584.50,TRY
2026-03-28,kahvaltilik,Binboğa Çiçek Balı 460 Gr,323.00,TRY
2026-03-28,kahvaltilik,"Binboğa Kooperatif Çiçek Balı 1,5 Kg",769.50,TRY
2026-03-28,kahvaltilik,Binboğa Süzme Çiçek Balı 850 Gr,442.50,TRY
2026-03-28,kahvaltilik,Canlı Anadolu Bidon Tahin 500 Gr,152.50,TRY
2026-03-28,kahvaltilik,Canlı Anadolu Çilek Reçeli 850 Gr,155.50,TRY
2026-03-28,kahvaltilik,Canlı Anadolu Üzüm Pekmezi Bidon 650 Gr,154.00,TRY
2026-03-28,kahvaltilik,Canlı Anadolu Vişne Reçeli 850 Gr,222.50,TRY
2026-03-28,kahvaltilik,Canlı Anadolu Yazlık Cevizli Tahin Helvası 500 Gr,108.00,TRY
2026-03-28,kahvaltilik,Doğalsan Yulaf Ezmesi 400 Gr,91.50,TRY
2026-03-28,kahvaltilik,Dr.Oetker Vitalis Ballı Bademli Çıtır Müsli 450 Gr,194.00,TRY
2026-03-28,kahvaltilik,Ece Light Siyah Zeytin 400 Gr,178.50,TRY
2026-03-28,kahvaltilik,Ece Yeşil Çizik Zeytin 1600 Cc,448.50,TRY
2026-03-28,kahvaltilik,Eti Lifalif İnce Öğütülmüş Yulaf Ezmesi 350 Gr,120.00,TRY
2026-03-28,kahvaltilik,Eti Lifalif Kuru Meyveli Fındıklı Müsli 350 Gr,148.50,TRY
2026-03-28,kahvaltilik,Eti Lifalif Yer Fıstıklı ve Hurmalı Müsli 350 gr x 1 adet,151.00,TRY
2026-03-28,kahvaltilik,Eti Lifalif Yer Fıstıklı ve Hurmalı Müsli 350 gr x 12 adet,1760.00,TRY
2026-03-28,kahvaltilik,Eti Lifalif Yulaf Ezmesi 500 Gr,120.50,TRY
2026-03-28,kahvaltilik,Gold Krem Fıstık Ezmesi 340 Gr,222.00,TRY
2026-03-28,kahvaltilik,Gold Şeker İlavesiz Fıstık Ezmesi 340 Gr,261.50,TRY
2026-03-28,kahvaltilik,Koska Antep Fıstıklı Tahin Helvası 350 Gr,324.00,TRY
2026-03-28,kahvaltilik,Koska Antep Fıstıklı Tahin Helvası 500 Gr,455.00,TRY
2026-03-28,kahvaltilik,Koska Çilek Reçeli 1500 Gr,452.00,TRY
2026-03-28,kahvaltilik,Koska Fındık Püreli Tahin Pekmez 320 Gr,291.50,TRY
2026-03-28,kahvaltilik,Koska Fıstık Püreli Tahin Pekmez 320 Gr,229.00,TRY
2026-03-28,kahvaltilik,Koska Kakaolu Tahin Helvası 350 Gr,149.00,TRY
2026-03-28,kahvaltilik,Koska Kakaolu Tahin Helvası 500 Gr,198.00,TRY
2026-03-28,kahvaltilik,Koska Pekmez 700 Gr,367.00,TRY
2026-03-28,kahvaltilik,Koska Sade Tahin Helvası 350 Gr,149.00,TRY
2026-03-28,kahvaltilik,Koska Sade Tahin Helvası 500 Gr,194.00,TRY
2026-03-28,kahvaltilik,Koska Tahin 550 Gr,268.00,TRY
2026-03-28,kahvaltilik,Marmarabirlik Az Tuzlu Siyah Zeytin 400 Gr,157.50,TRY
2026-03-28,kahvaltilik,Marmarabirlik Az Tuzlu Siyah Zeytin Teneke (S) 800 Gr,284.00,TRY
2026-03-28,kahvaltilik,Marmarabirlik Az Tuzlu Yağlı Salamura Siyah Zeytin 800 Gr,414.00,TRY
2026-03-28,kahvaltilik,Marmarabirlik Dilimli Yeşil Zeytin 350 Gr,129.50,TRY
2026-03-28,kahvaltilik,Marmarabirlik Gold Siyah Zeytin 400 Gr XL,253.00,TRY
2026-03-28,kahvaltilik,Marmarabirlik Gold Siyah Zeytin Teneke 800 Gr,474.50,TRY
2026-03-28,kahvaltilik,Marmarabirlik Kokteyl Yeşil Zeytin 400 Gr,168.00,TRY
2026-03-28,kahvaltilik,Marmarabirlik Kuru Köy Sele Siyah Zeytin 400 Gr,186.00,TRY
2026-03-28,kahvaltilik,Marmarabirlik Kuru Sele Siyah Zeytin 400 Gr,157.50,TRY
2026-03-28,kahvaltilik,Marmarabirlik Kuru Sele Siyah Zeytin 800 Gr,284.50,TRY
2026-03-28,kahvaltilik,Marmarabirlik Kuru Sele Siyah Zeytin Pet XS 800 Gr,361.00,TRY
2026-03-28,kahvaltilik,Marmarabirlik Mega Xl Teneke Siyah Zeytin 800 Gr,474.50,TRY
2026-03-28,kahvaltilik,Marmarabirlik Sade Zeytin Ezmesi 175 Gr,71.50,TRY
2026-03-28,kahvaltilik,Marmarabirlik Sade Zeytin Ezmesi 340 Gr,117.00,TRY
2026-03-28,kahvaltilik,Marmarabirlik Sepet Serisi 3xs Boy 400 Gr,116.50,TRY
2026-03-28,kahvaltilik,Marmarabirlik Sepet Serisi Siyah Zeytin (2Xs) 800 Gr,229.50,TRY
2026-03-28,kahvaltilik,Marmarabirlik Soslu Zeytin Ezmesi 350 Gr,153.50,TRY
2026-03-28,kahvaltilik,Marmarabirlik Süper Siyah Zeytin Pet 1400 Gr,622.00,TRY
2026-03-28,kahvaltilik,Marmarabirlik Vakumlu Siyah Zeytin (Xl) 800 Gr,474.50,TRY
2026-03-28,kahvaltilik,Marmarabirlik Yağlı Salamura Siyah Zeytin (L) 2 Kg,1033.50,TRY
2026-03-28,kahvaltilik,Nestle Cheerios Ballı Tahıl Gevreği 225 Gr,150.50,TRY
2026-03-28,kahvaltilik,Nestle Gold Corn Flakes Mısır Gevreği 200 Gr,108.50,TRY
2026-03-28,kahvaltilik,Nestle Gold Corn Flakes Mısır Gevreği 400 Gr,181.00,TRY
2026-03-28,kahvaltilik,Nestle Gold Corn Flakes Mısır Gevreği 650 Gr,215.50,TRY
2026-03-28,kahvaltilik,Nestle Nesfit Ballı Bademli Kahvaltılık Gevrek 430 Gr,208.50,TRY
2026-03-28,kahvaltilik,Nestle Nesfit Çikolatalı Kahvaltılık Gevrek 400 Gr,208.50,TRY
2026-03-28,kahvaltilik,Nestle Nesfit Karışık Meyveli Kahvaltılık Gevrek 400 Gr,208.50,TRY
2026-03-28,kahvaltilik,Nestle Nesfit Kırmızı Meyveli Kahvaltılık Gevrek 400 Gr,208.50,TRY
2026-03-28,kahvaltilik,Nestle Nesfit Sade Pirinç Gevreği 420 Gr,153.50,TRY
2026-03-28,kahvaltilik,Nestle Nesquik 450 Gr Eko Gevrek,137.50,TRY
2026-03-28,kahvaltilik,Nestle Nesquik Çikolatalı İçecek Tozu 180 Gr,135.00,TRY
2026-03-28,kahvaltilik,Nestle Nesquik Çikolatalı İçecek Tozu 375 Gr,247.00,TRY
2026-03-28,kahvaltilik,Nestle Nesquik Çikolatalı İçecek Tozu 420 Gr,315.00,TRY
2026-03-28,kahvaltilik,Nestle Nesquik Çilekkare 310 Gr,150.00,TRY
2026-03-28,kahvaltilik,Nestle Nesquik Çokokare 310 Gr,137.00,TRY
2026-03-28,kahvaltilik,Nestle Nesquik Duo Sütlü Kakaolu Buğday Mısır Gevreği 310 Gr,149.00,TRY
2026-03-28,kahvaltilik,Nestle Nesquik Harfler Mısır Gevreği 310 Gr,150.00,TRY
2026-03-28,kahvaltilik,Nutella Kakaolu Fındık Kreması 1000 Gr,432.00,TRY
2026-03-28,kahvaltilik,Nutella Kakaolu Fındık Kreması 400 Gr,221.00,TRY
2026-03-28,kahvaltilik,Nutella Kakaolu Fındık Kreması 750 Gr,357.50,TRY
2026-03-28,kahvaltilik,Seğmen Bal (Piknik) 20 Gr 100 Lü,1102.00,TRY
2026-03-28,kahvaltilik,Seğmen Bal Kavanoz 30 Gr,37.50,TRY
2026-03-28,kahvaltilik,Seğmen Böğürtlen Reçeli 1 Kg,218.00,TRY
2026-03-28,kahvaltilik,Seğmen Böğürtlen Reçeli Kavanoz 800 Gr,181.00,TRY
2026-03-28,kahvaltilik,Seğmen Çilek Reçeli 1 Kg,202.50,TRY
2026-03-28,kahvaltilik,Seğmen Çilek Reçeli 5 Kg Kova,910.00,TRY
2026-03-28,kahvaltilik,Seğmen Çilek Reçeli Kavanoz 30 Gr x 1 Adet,21.00,TRY
2026-03-28,kahvaltilik,Seğmen Çilek Reçeli Kavanoz 30 Gr x 36 Adet,710.00,TRY
2026-03-28,kahvaltilik,Seğmen Çilek Reçeli Kavanoz 800 Gr,166.50,TRY
2026-03-28,kahvaltilik,Seğmen Dut Pekmezi Kavanoz 800 Gr,261.00,TRY
2026-03-28,kahvaltilik,Seğmen Fındık Ezmesi 20 Gr 100 Lü,760.00,TRY
2026-03-28,kahvaltilik,Seğmen Fındık Ezmesi Kavanoz 30 Gr,30.00,TRY
2026-03-28,kahvaltilik,Seğmen Gül Reçeli Kavanoz 800 Gr,135.00,TRY
2026-03-28,kahvaltilik,Seğmen Harnup Pekmezi Kavanoz 400 Gr,108.00,TRY
2026-03-28,kahvaltilik,Seğmen Harnup Pekmezi Kavanoz 800 Gr,195.00,TRY
2026-03-28,kahvaltilik,Seğmen İncir Reçeli Kavanoz 800 Gr,158.00,TRY
2026-03-28,kahvaltilik,Seğmen Kakaolu Tahin Helvası 80 Gr,26.00,TRY
2026-03-28,kahvaltilik,Seğmen Karadut Reçeli Kavanoz 800 Gr,181.00,TRY
2026-03-28,kahvaltilik,Seğmen Karadut Reçeli Plastik 1 Kg,218.00,TRY
2026-03-28,kahvaltilik,Seğmen Kayısı Reçeli 1 Kg,180.00,TRY
2026-03-28,kahvaltilik,Seğmen Kızılcık Marmelatı 370 Gr,100.50,TRY
2026-03-28,kahvaltilik,Seğmen Kuşburnu Marmelatı 370 Gr,100.50,TRY
2026-03-28,kahvaltilik,Seğmen Kuşburnu Marmelatı 750 Gr,158.00,TRY
2026-03-28,kahvaltilik,Seğmen Organik Çilek Reçeli 270 Gr,170.00,TRY
2026-03-28,kahvaltilik,Seğmen Piknik Çilek Reçeli 100 Lü 20 Gr,328.00,TRY
2026-03-28,kahvaltilik,Seğmen Piknik Vişne Reçeli 100 Lü 20 Gr,441.00,TRY
2026-03-28,kahvaltilik,"Seğmen Sade Helva 2,5 Kg",654.00,TRY
2026-03-28,kahvaltilik,Seğmen Şeftali Marmelatı 370 Gr,73.00,TRY
2026-03-28,kahvaltilik,Seğmen Şeker İlavesiz Böğürtlen Reçeli 270 Gr,178.00,TRY
2026-03-28,kahvaltilik,Seğmen Şeker İlavesiz Vişne Reçeli 270 Gr,246.00,TRY
2026-03-28,kahvaltilik,Seğmen Tahin Kavanoz 300 Gr,106.00,TRY
2026-03-28,kahvaltilik,Seğmen Tahin Kavanoz 600 Gr,193.00,TRY
2026-03-28,kahvaltilik,Seğmen Üzüm Pekmezi 400 Gr,126.00,TRY
2026-03-28,kahvaltilik,Seğmen Üzüm Pekmezi 800 Gr,225.00,TRY
2026-03-28,kahvaltilik,Seğmen Vişne Reçeli Kavanoz 30 Gr x 1 Adet,23.00,TRY
2026-03-28,kahvaltilik,Seğmen Vişne Reçeli Kavanoz 30 Gr x 36 Adet,815.00,TRY
2026-03-28,kahvaltilik,Seğmen Vişne Reçeli Kavanoz 800 Gr,272.00,TRY
2026-03-28,kahvaltilik,Seğmen Vişne Reçeli Plastik 1 Kg,349.00,TRY
2026-03-28,kahvaltilik,Torku Antep Fıstıklı Helva 500 Gr,324.50,TRY
2026-03-28,kahvaltilik,Torku Banada Fındık Kreması 700 Gr Cam,288.50,TRY
2026-03-28,kahvaltilik,Torku Banada Krema 400 Gr,201.00,TRY
2026-03-28,kahvaltilik,Torku Fındık Ezmesi 370 Gr,365.00,TRY
2026-03-28,kahvaltilik,Torku Frema Fındık Kreması 400 Gr,136.50,TRY
2026-03-28,kahvaltilik,Torku Frema Kakaolu Fındık Kreması 1 Kg,331.00,TRY
2026-03-28,kahvaltilik,Torku Frema Kakaolu Fındık Kreması 1500 Gr,504.00,TRY
2026-03-28,kahvaltilik,Torku Harnup Keçiboynuzu Pekmezi 750 Gr,289.00,TRY
2026-03-28,kahvaltilik,Torku Kakaolu Helva 500 Gr,171.00,TRY
2026-03-28,kahvaltilik,Torku Sade Helva 500 Gr,171.00,TRY
2026-03-28,kahvaltilik,Torku Tahin Cam 600 Gr,238.50,TRY
2026-03-28,kahvaltilik,Turap Siyah Zeytin 320-360 No:5,223.00,TRY
2026-03-28,kahvaltilik,Ülker Çokokrem 400 Gr,150.50,TRY
2026-03-28,kahvaltilik,Ülker Çokokrem 950 Gr,303.50,TRY
2026-03-28,kahvaltilik,Ülker Çokokrem Tüp 40 Gr,37.50,TRY
2026-03-28,kahvaltilik,Uzungil Cevizli Yaz Helvası 375 Gr,202.00,TRY
2026-03-28,kahvaltilik,Uzungil Fıstıklı Helva 375 Gr,260.00,TRY
2026-03-28,kahvaltilik,Uzungil Harnup Pekmezi700 Gr,214.00,TRY
2026-03-28,kahvaltilik,Uzungil Kakaolu Fıstıklı Helva 375 Gr,260.00,TRY
2026-03-28,kahvaltilik,Uzungil Kakaolu Helva 40 Gr,22.00,TRY
2026-03-28,kahvaltilik,Uzungil Kakaolu Helva 500 Gr,216.00,TRY
2026-03-28,kahvaltilik,Uzungil Kakaolu Helva 80 Gr,41.50,TRY
2026-03-28,kahvaltilik,Uzungil Kakaolu Yaz Helvası 375 Gr,202.00,TRY
2026-03-28,kahvaltilik,Uzungil Meyveli Yazlık Helva 375 Gr,166.00,TRY
2026-03-28,kahvaltilik,Uzungil Pekmez 1 Kg,308.00,TRY
2026-03-28,kahvaltilik,Uzungil Pekmez 650Gr Pet,214.00,TRY
2026-03-28,kahvaltilik,Uzungil Pekmez 700 Gr,241.00,TRY
2026-03-28,kahvaltilik,Uzungil Sade Helva 40 Gr,22.00,TRY
2026-03-28,kahvaltilik,Uzungil Sade Helva 500 Gr,216.00,TRY
2026-03-28,kahvaltilik,Uzungil Tahin 500Gr Pet,246.00,TRY
2026-03-28,kahvaltilik,Uzungil Tahin 550 Gr,268.00,TRY
2026-03-28,kahvaltilik,Uzungil Tahin 760 Gr,369.00,TRY
2026-03-28,atistirmalik,Barbie Candy Phone Sakızlı Oyuncak Telefon 90 Gr,122.50,TRY
2026-03-28,atistirmalik,Biscolata Sütlü Stix 40 Gr,34.50,TRY
2026-03-28,atistirmalik,Bounty Hindistan Cevizli 57 Gr Çikolata,65.00,TRY
2026-03-28,atistirmalik,Canlı Anadolu Saray Helvası 400Gr,130.50,TRY
2026-03-28,atistirmalik,Elit Bohem Karışık Madlen Çikolata 400 Gr,716.50,TRY
2026-03-28,atistirmalik,Elit Çikolata Beyoğlu 27Gr,56.50,TRY
2026-03-28,atistirmalik,Elit Çikolata Bohem 175 Gr,382.50,TRY
2026-03-28,atistirmalik,Elit Çikolata Chooeggy 200 Gr,320.00,TRY
2026-03-28,atistirmalik,Elit Çikolata Şemsiye 30Gr,48.50,TRY
2026-03-28,atistirmalik,Eti Antep Fıstıklı Kare Çikolata 60 Gr,101.00,TRY
2026-03-28,atistirmalik,Eti Balık Kraker 85 Gr,28.00,TRY
2026-03-28,atistirmalik,Eti Balık Kraker Mısırlı 70 Gr,29.00,TRY
2026-03-28,atistirmalik,Eti Benimo Lokmalık 3 Lü 240 Gr,110.00,TRY
2026-03-28,atistirmalik,Eti Benimo Lokmalık Bisküvi 80 Gr,40.00,TRY
2026-03-28,atistirmalik,Eti Bidolu Fındık Kremalı Yer Fıstığı Parçacıklı Gofret 81 Gr,44.50,TRY
2026-03-28,atistirmalik,Eti Bidolu Kakao Kremalı Yer Fıstığı Parçacıklı Gofret 81 Gr,44.50,TRY
2026-03-28,atistirmalik,Eti Browni Çikolatalı 50 Gr,29.50,TRY
2026-03-28,atistirmalik,Eti Browni Gold Çikolata Soslu Çikolatalı Kek 45 Gr,20.50,TRY
2026-03-28,atistirmalik,Eti Browni Gold Kakao Soslu Çikolatalı Kek 9 Lu 180 Gr,81.50,TRY
2026-03-28,atistirmalik,Eti Browni Gold Vişne Soslu Çikolatalı Kek 45 Gr,20.50,TRY
2026-03-28,atistirmalik,Eti Browni İntense Çikolatalı Kek 160 Gr,110.00,TRY
2026-03-28,atistirmalik,Eti Browni Klasik Çikolatalı Fındıklı Kek 40 Gr,20.50,TRY
2026-03-28,atistirmalik,Eti Burçak Bisküvi 100 Gr,34.50,TRY
2026-03-28,atistirmalik,Eti Burçak Bisküvi 131 Gr,34.50,TRY
2026-03-28,atistirmalik,Eti Burçak Bisküvi 3 Lü 393 Gr,80.50,TRY
2026-03-28,atistirmalik,Eti Burçak Çikolatalı Bisküvi 114 Gr,53.00,TRY
2026-03-28,atistirmalik,Eti Burçak Kurabiye Kakaolu 198 Gr,81.00,TRY
2026-03-28,atistirmalik,Eti Burçak Sultani Bisküvi 123 Gr,34.50,TRY
2026-03-28,atistirmalik,Eti Burçak Sultani Üzümlü Kepekli Bisküvi 3 Lü 369 Gr,88.50,TRY
2026-03-28,atistirmalik,Eti Burçak Sütlü Kakao Kremalı 100 Gr,34.50,TRY
2026-03-28,atistirmalik,Eti Burçak Sütlü Kremalı Bisküvi 3 Lü 300 Gr,93.00,TRY
2026-03-28,atistirmalik,Eti Burçak Yulaflı Bisküvi 125 Gr,34.50,TRY
2026-03-28,atistirmalik,Eti Burçak Yulaflı Bisküvi 3 Lü 375 Gr,88.50,TRY
2026-03-28,atistirmalik,Eti Canga Yer Fıstıklı Karamelli Nuga Bar 45 Gr,32.00,TRY
2026-03-28,atistirmalik,Eti Cicibebe 400 Gr,113.50,TRY
2026-03-28,atistirmalik,Eti Çikolata İçibol %27 Antep Fıstıklı 30 Gr,72.50,TRY
2026-03-28,atistirmalik,Eti Çikolatalı Gofret 34 Gr,19.50,TRY
2026-03-28,atistirmalik,Eti Cin Çilek Soslu Bisküvi 25 Gr,7.50,TRY
2026-03-28,atistirmalik,Eti Cin Lokmalık 114 Gr,34.50,TRY
2026-03-28,atistirmalik,Eti Cin Lokmalık 342 Gr,99.00,TRY
2026-03-28,atistirmalik,Eti Cin Portakal Soslu Bisküvi 13 Lü 325 Gr,80.50,TRY
2026-03-28,atistirmalik,Eti Cin Portakal Soslu Bisküvi 25 Gr,7.50,TRY
2026-03-28,atistirmalik,Eti Crax Baharatlı Çubuk Kraker 175 Gr,50.00,TRY
2026-03-28,atistirmalik,Eti Crax Baharatlı Çubuk Kraker 80 Gr,25.50,TRY
2026-03-28,atistirmalik,Eti Crax Çubuk Kraker 85 Gr,16.50,TRY
2026-03-28,atistirmalik,Eti Crax Patlayan Lezzet Acı Baharatlı Kraker 50 Gr – 1 adet,28.00,TRY
2026-03-28,atistirmalik,Eti Crax Patlayan Lezzet Acı Baharatlı Kraker 50 Gr – 20 adet,542.00,TRY
2026-03-28,atistirmalik,Eti Crax Patlayan Lezzet Limon Acı Biberli Kraker 50 Gr,26.50,TRY
2026-03-28,atistirmalik,Eti Crax Peynirli Çubuk Kraker 175 Gr,50.00,TRY
2026-03-28,atistirmalik,Eti Crax Peynirli Çubuk Kraker 80 Gr,25.50,TRY
2026-03-28,atistirmalik,Eti Çubuk Kraker 40 Gr,7.50,TRY
2026-03-28,atistirmalik,Eti Etimek Form Kızarmış Ekmek 138 Gr,82.00,TRY
2026-03-28,atistirmalik,Eti Etimek Klasik Kızarmış Ekmek 143 Gr,68.50,TRY
2026-03-28,atistirmalik,Eti Etimek Tuzsuz Kızarmış Ekmek 148 Gr,68.50,TRY
2026-03-28,atistirmalik,Eti Finger Bisküvi 900 Gr,184.00,TRY
2026-03-28,atistirmalik,Eti Fındıklı Kurabiye 198 Gr,79.00,TRY
2026-03-28,atistirmalik,Eti Form Bisküvi Kepekli 45 Gr,18.00,TRY
2026-03-28,atistirmalik,Eti Form Bitter Çikolata Kaplı Lifli Bisküvi 50 Gr,49.00,TRY
2026-03-28,atistirmalik,Eti Form Limon Lifli Kepekli Bisküvi 50 Gr,25.00,TRY
2026-03-28,atistirmalik,Eti Form Tahıllı Buğday Patlağı 41 Gr,32.50,TRY
2026-03-28,atistirmalik,Eti Gong Mısır Ve Pirinç Patlağı 64 Gr,31.00,TRY
2026-03-28,atistirmalik,Eti Gong Peynirli Acılı Pirinç Patlağı 68 Gr,41.00,TRY
2026-03-28,atistirmalik,Eti Gong Pops Baharat Çeşnili Mısır Ve Pirinç Patlağı 80 Gr,59.00,TRY
2026-03-28,atistirmalik,Eti Gong Pops Mısır Ve Pirinç Patlağı 80 Gr,59.00,TRY
2026-03-28,atistirmalik,Eti Hoşbeş Çilekli Gofret 142 Gr,75.00,TRY
2026-03-28,atistirmalik,Eti Hoşbeş Fındık Kremalı Gofret 70 Gr,41.50,TRY
2026-03-28,atistirmalik,Eti Hoşbeş Fındıklı Gofret 142 Gr,75.00,TRY
2026-03-28,atistirmalik,Eti Hoşbeş Hindistan Cevizli Gofret 142 Gr,75.00,TRY
2026-03-28,atistirmalik,Eti Hoşbeş Hindistan Cevizli Gofret 70 Gr,41.50,TRY
2026-03-28,atistirmalik,Eti Hoşbeş Kakaolu Gofret 142 Gr,75.00,TRY
2026-03-28,atistirmalik,Eti Hoşbeş Kakaolu Gofret 70 Gr,41.50,TRY
2026-03-28,atistirmalik,Eti Hoşbeş Muzlu Gofret 120 Gr,75.00,TRY
2026-03-28,atistirmalik,Eti Karam %27 Antep Fıstıklı Bitter Çikolata 28 Gr,72.50,TRY
2026-03-28,atistirmalik,Eti Karam %54 Bitter Tablet Çikolata 60 Gr – 1 adet,80.00,TRY
2026-03-28,atistirmalik,Eti Karam %54 Bitter Tablet Çikolata 60 Gr – 10 adet,798.00,TRY
2026-03-28,atistirmalik,Eti Karam Bitter %45 Kakaolu Kare Çikolata 60 Gr,81.00,TRY
2026-03-28,atistirmalik,Eti Karam Bitter %54 Kakaolu Antep Fıstıklı 60 Gr,101.50,TRY
2026-03-28,atistirmalik,Eti Karam Bitter %70 Kakaolu Çikolata 60 Gr,79.50,TRY
2026-03-28,atistirmalik,Eti Karam Gofret 50 Gr,39.00,TRY
2026-03-28,atistirmalik,Eti Kremalı Bisküvi 61 Gr,18.00,TRY
2026-03-28,atistirmalik,Eti Kremalı Bisküvi Çilekli 61 Gr,18.00,TRY
2026-03-28,atistirmalik,Eti Kremalı Bisküvi Fındıklı 61 Gr,18.00,TRY
2026-03-28,atistirmalik,Eti Lifalif Bitter Çikolatalı Yulaf Bar 35 Gr,44.00,TRY
2026-03-28,atistirmalik,Eti Lifalif Bitter Çikolatalı Yulaf Bar 35 Gr x 12 Adet,519.50,TRY
2026-03-28,atistirmalik,Eti Lifalif Kuru Meyveli Müsli Bar 35 Gr,44.00,TRY
2026-03-28,atistirmalik,Eti Lifalif Kuru Meyveli Müsli Bar 35 Gr x 12 Adet,519.50,TRY
2026-03-28,atistirmalik,Eti Lifalif Kuru Yemişli Müsli Bar 35 Gr,44.00,TRY
2026-03-28,atistirmalik,Eti Lifalif Kuru Yemişli Müsli Bar 35 Gr x 12 Adet,519.50,TRY
2026-03-28,atistirmalik,Eti Maximus Loading Bar 50 Gr,29.50,TRY
2026-03-28,atistirmalik,Eti Mini Pop Kek Bitter Çikolatalı 162 Gr,74.50,TRY
2026-03-28,atistirmalik,Eti Petit Beurre Bisküvi 2 Li 400 Gr,81.00,TRY
2026-03-28,atistirmalik,Eti Petit Beurre Bisküvi Kakaolu 2 Li 370 Gr,81.00,TRY
2026-03-28,atistirmalik,Eti Petito Ayıcık Mini Sütlü Çikolata 32 G,51.50,TRY
2026-03-28,atistirmalik,Eti Petito Ayıcık Mini Sütlü Çikolata 72 G,118.00,TRY
2026-03-28,atistirmalik,Eti Petito Sütlü Çikolata 18 Gr,24.00,TRY
2026-03-28,atistirmalik,Eti Pizza Kraker 76 Gr,21.00,TRY
2026-03-28,atistirmalik,Eti Popkek Hindistan Cevizli Kek 180 Gr,75.50,TRY
2026-03-28,atistirmalik,Eti Popkek Kakao Kaplamalı Mini Kek 180 Gr,75.50,TRY
2026-03-28,atistirmalik,Eti Popkek Kakaolu Kek 60 Gr,20.50,TRY
2026-03-28,atistirmalik,Eti Popkek Limon Kaplamalı Mini Kek 180 Gr,75.50,TRY
2026-03-28,atistirmalik,Eti Popkek Limonlu Kek 60 Gr,20.50,TRY
2026-03-28,atistirmalik,Eti Popkek Muzlu Kek 60 Gr,20.50,TRY
2026-03-28,atistirmalik,Eti Popkek Muzlu Mini Kek 180 Gr,75.50,TRY
2026-03-28,atistirmalik,Eti Popkek Portakallı Kek 60 Gr,20.50,TRY
2026-03-28,atistirmalik,Eti Popkek Vişneli Kek 60 Gr,20.50,TRY
2026-03-28,atistirmalik,Eti Puf Hindistan Cevizli 16 Gr,8.00,TRY
2026-03-28,atistirmalik,Eti Puf Kakaolu 18 Gr,8.00,TRY
2026-03-28,atistirmalik,Eti Puf Renkli 18 Gr (Adet),8.00,TRY
2026-03-28,atistirmalik,Eti Susamlı Çubuk Kraker 120 Gr,37.00,TRY
2026-03-28,atistirmalik,Eti Susamlı Çubuk Kraker 56 Gr,18.50,TRY
2026-03-28,atistirmalik,Eti Sütlü Çubuk Çikolata 34 Gr,44.00,TRY
2026-03-28,atistirmalik,Eti Tartini Frambuazlı Turta 114 Gr,53.00,TRY
2026-03-28,atistirmalik,Eti Topkek Çilekli Kek 40 Gr,16.50,TRY
2026-03-28,atistirmalik,Eti Topkek Kakaolu Kek 35 Gr,16.50,TRY
2026-03-28,atistirmalik,Eti Topkek Meyveli Kek 40 Gr,16.50,TRY
2026-03-28,atistirmalik,Eti Tutku Kakao Kremalı Mozaik Bisküvi 100 Gr,35.50,TRY
2026-03-28,atistirmalik,Eti Tutku Kakao Kremalı Mozaik Bisküvi 150 Gr,49.50,TRY
2026-03-28,atistirmalik,Eti Tutku Kakao Kremalı Mozaik Bisküvi 210 Gr,69.00,TRY
2026-03-28,atistirmalik,Eti Tutku Kakao Kremalı Mozaik Bisküvi Bold 138 Gr,49.50,TRY
2026-03-28,atistirmalik,Eti Uzun Çikolata Keyfi Antep Fıstıklı 34 Gr,54.00,TRY
2026-03-28,atistirmalik,Eti Yeni Gold Antep Fıstıklı Kare Çikolata 60 Gr,124.50,TRY
2026-03-28,atistirmalik,Falım 5’li Damla Aromalı Sakız 35 gr,51.00,TRY
2026-03-28,atistirmalik,Falım Çilek Aromalı Şekersiz Sakız 100 Adet,192.00,TRY
2026-03-28,atistirmalik,Falım Damla Sakızı Aromalı Şekersiz Sakız 5’li,11.00,TRY
2026-03-28,atistirmalik,Falım Damla Tekli Sakız 100 Ad.,192.00,TRY
2026-03-28,atistirmalik,Falım Karışık Meyve Aromalı Şekersiz Sakız 100 Adet,192.00,TRY
2026-03-28,atistirmalik,Falım Nane Aromalı Şekersiz Sakız 7gr x 5 Adet,49.00,TRY
2026-03-28,atistirmalik,"First Çilek Aromalı Sakız 13,5 Gr",18.50,TRY
2026-03-28,atistirmalik,First Sensations Çilek Aromalı Sakız 27 Gr,49.00,TRY
2026-03-28,atistirmalik,First Sensations Damla Sakızı Aromalı Sakız 27 Gr,49.00,TRY
2026-03-28,atistirmalik,First Sensations Karpuz Aromalı Sakız 27 Gr,49.00,TRY
2026-03-28,atistirmalik,First Sensations Nane Aromalı Sakız 27 Gr,49.00,TRY
2026-03-28,atistirmalik,First Sensations Tropikal Meyve Aromalı Sakız 27 Gr,49.00,TRY
2026-03-28,atistirmalik,First Sensations Yeşil Nane Aromalı Sakız 27 Gr,49.00,TRY
2026-03-28,atistirmalik,First X-Fresh Şeftali Karpuz Aromalı Sakız 27 G,49.00,TRY
2026-03-28,atistirmalik,Haribo 45Gr Roulette,34.00,TRY
2026-03-28,atistirmalik,Haribo Altın Ayıcık Şekerleme 80 Gr,58.00,TRY
2026-03-28,atistirmalik,Haribo Berries Şekerleme 80 Gr,58.00,TRY
2026-03-28,atistirmalik,Haribo Chammallows Pembe Beyaz Marshmallow 70 Gr,58.00,TRY
2026-03-28,atistirmalik,Haribo Chammallows Rubino Marshmallow 70 Gr,58.00,TRY
2026-03-28,atistirmalik,Haribo Chammalow Klasik 150 Gr,103.00,TRY
2026-03-28,atistirmalik,Haribo Diş Şekerleme 80 Gr,58.00,TRY
2026-03-28,atistirmalik,Haribo Fizz Mix Şekerleme 70 Gr,58.00,TRY
2026-03-28,atistirmalik,Haribo Happy Cola Şekerleme 160 Gr,103.00,TRY
2026-03-28,atistirmalik,Haribo Happy Cola Şekerleme 80 Gr,58.00,TRY
2026-03-28,atistirmalik,Haribo Phantasia Şekerleme 80 Gr,58.00,TRY
2026-03-28,atistirmalik,Haribo Solucan Şekerleme 160 Gr,103.00,TRY
2026-03-28,atistirmalik,Haribo Solucan Şekerleme 80 Gr,58.00,TRY
2026-03-28,atistirmalik,Haribo Starmix Şekerleme 160 Gr,101.50,TRY
2026-03-28,atistirmalik,Haribo Starmix Şekerleme 80 Gr,58.00,TRY
2026-03-28,atistirmalik,Haribo Taş Ayıcık Şekerleme175 Gr,149.50,TRY
2026-03-28,atistirmalik,Haribo Taş Kola Şekerleme 175 Gr,121.50,TRY
2026-03-28,atistirmalik,Haribo Tropik Meyve Şekerleme 80 Gr,58.00,TRY
2026-03-28,atistirmalik,Haribo Worms Fizz Solucan Şekerleme 70 Gr,58.00,TRY
2026-03-28,atistirmalik,Kent Missbon Çilekli Elmalı Şeker 43 Gr,28.00,TRY
2026-03-28,atistirmalik,Kent Missbon Kahveli 43 Gr,29.00,TRY
2026-03-28,atistirmalik,Kent Olips Nane 28 Gr,28.50,TRY
2026-03-28,atistirmalik,Kent Tipitip Karikatürlü Sakız 27 Gr,44.50,TRY
2026-03-28,atistirmalik,Kent Tipitip Sakız 27 Gr,44.50,TRY
2026-03-28,atistirmalik,Kent Tofita Portakal Aromalı Şeker 47 Gr,28.50,TRY
2026-03-28,atistirmalik,Kent Tofita Vişne Aromalı Şeker 47 Gr,28.50,TRY
2026-03-28,atistirmalik,Kinder Joy T1 Erkeklere Özel 20 Gr,53.00,TRY
2026-03-28,atistirmalik,Kinder Joy T1 Kızlara Özel 20 G,56.00,TRY
2026-03-28,atistirmalik,Koska Krokan Fındık 30Gr,82.00,TRY
2026-03-28,atistirmalik,Koska Krokan Fıstık 30Gr,146.50,TRY
2026-03-28,atistirmalik,Mars Çikolata 51 Gr,50.50,TRY
2026-03-28,atistirmalik,Mentos Karışık Meyve Aromalı Şeker,31.00,TRY
2026-03-28,atistirmalik,Mentos Nane Aromalı Şeker 20 Adet,32.50,TRY
2026-03-28,atistirmalik,Milka Fındıklı Sütlü Tablet Çikolata 80 Gr,101.00,TRY
2026-03-28,atistirmalik,Milka Sütlü Tablet Çikolata 80 Gr,101.00,TRY
2026-03-28,atistirmalik,Milka Üzümlü Fındıklı Tablet Çikolata 80 Gr,101.00,TRY
2026-03-28,atistirmalik,Mixmey Meyve Bar Elma + Hurma 20Gr,37.50,TRY
2026-03-28,atistirmalik,Mixmey Meyve Barı Çilek 20 Gr,39.00,TRY
2026-03-28,atistirmalik,Mixmey Meyve Barı Elma + Böğürtlen 20Gr,37.50,TRY
2026-03-28,atistirmalik,Mixmey Meyve Barı Elma + Erik 20Gr,37.50,TRY
2026-03-28,atistirmalik,Mixmey Meyve Barı Elma + Şeftali 20Gr,37.50,TRY
2026-03-28,atistirmalik,Mixmey Meyve Barı Elma + Vişne 20Gr,37.50,TRY
2026-03-28,atistirmalik,Natur Bitkisel Zencefilli Limonlu Seker 65 Gr,73.50,TRY
2026-03-28,atistirmalik,Natur Bitkisel Zencefilli Naneli Seker 65 Gr,73.50,TRY
2026-03-28,atistirmalik,Nestle 1927 %82 Kakao Bitter Çikolata 60 Gr,119.50,TRY
2026-03-28,atistirmalik,Nestle 1927 Bol Sütlü Kare Çikolata 65 Gr,105.00,TRY
2026-03-28,atistirmalik,Nestle 1927 Ekstra Bitter Çikolata 60 Gr,105.00,TRY
2026-03-28,atistirmalik,Nestle Çıtır Gofret 27 Gr,12.00,TRY
2026-03-28,atistirmalik,Nestlé Classic Bitter Çikolata Kare 60 Gr,75.00,TRY
2026-03-28,atistirmalik,Nestle Damak Antep Fıstıklı Çikolata 70 Gr,134.00,TRY
2026-03-28,atistirmalik,Nestle Damak Baklavalı 60 Gr Yepyeni Bir Efsane,87.50,TRY
2026-03-28,atistirmalik,Nestle Damak Baton Çikolata 30 Gr,59.00,TRY
2026-03-28,atistirmalik,Nestle Damak Gece %55 Kakao 60 Gr,111.50,TRY
2026-03-28,atistirmalik,Nestle Damak İnci Antep Fıstıklı Beyaz Çikolata 60 Gr,104.00,TRY
2026-03-28,atistirmalik,Nestle Damak İnci Baton Çikolata 30 Gr,53.50,TRY
2026-03-28,atistirmalik,Nestle Damak Kare Antep Fıstıklı Çikolata 60 Gr,87.50,TRY
2026-03-28,atistirmalik,Nestle Gofret 27Gr Crunc,27.50,TRY
2026-03-28,atistirmalik,Nestle Kare 60Gr Fıstıklı,104.00,TRY
2026-03-28,atistirmalik,Nestle Kitkat Çikolata 38 Gr,37.00,TRY
2026-03-28,atistirmalik,Nestle Klasik Sütlü Kare Çikolata 60 Gr,75.00,TRY
2026-03-28,atistirmalik,"Nestle Nesfit Bitter Çikolata Bar 23,5 Gr",26.00,TRY
2026-03-28,atistirmalik,"Nestle Nesfit Çilekli Çikolata Bar 23,5 Gr",26.00,TRY
2026-03-28,atistirmalik,"Nestle Nesfit Karamelli Çikolata Bar 23,5 Gr",25.50,TRY
2026-03-28,atistirmalik,"Nestle Nesfit Kırmızı Meyveli Çikolata Bar 23,5 Gr",37.00,TRY
2026-03-28,atistirmalik,"Nestle Nesquik Gofret Sütlü Çikolata 26,7 Gr",21.00,TRY
2026-03-28,atistirmalik,Nestle Nesquik Kakaolu Tam Tahıllı Bar 25 Gr,27.00,TRY
2026-03-28,atistirmalik,Nestle Sütlü Çikolata Baton 30 Gr,43.50,TRY
2026-03-28,atistirmalik,Oneo Slims 60Dk.Nane 14Grx27X6,29.00,TRY
2026-03-28,atistirmalik,Oreo Bisküvi 220Gr 12Lı,122.50,TRY
2026-03-28,atistirmalik,Polo Sparmint Tube 34Gr,29.50,TRY
2026-03-28,atistirmalik,Rocco Rengarenk 33Gr,33.50,TRY
2026-03-28,atistirmalik,Snickers Bar Çikolata 50 Gr,50.50,TRY
2026-03-28,atistirmalik,Şölen Biscolata Mood Bisküvi 125 Gr,85.00,TRY
2026-03-28,atistirmalik,Şölen Biscolata Mood Bitter Bisküvi 125 Gr,86.50,TRY
2026-03-28,atistirmalik,Şölen Biscolata Mood Sütlü Bisküvi 40 Gr,34.00,TRY
2026-03-28,atistirmalik,Şölen Biscolata Pia Çikolatalı 100 Gr,86.50,TRY
2026-03-28,atistirmalik,Şölen Biscolata Pia Frambuazlı 100 Gr,86.50,TRY
2026-03-28,atistirmalik,Şölen Biscolata Pia Portakallı 100 Gr,86.50,TRY
2026-03-28,atistirmalik,Şölen Biscolata Starz Bitter Bisküvi 82 Gr,37.00,TRY
2026-03-28,atistirmalik,Şölen Biscolata Starz Sütlü Bisküvi 82 Gr,37.00,TRY
2026-03-28,atistirmalik,Şölen Biscolata Veni Çikolatalı Gofret 110 Gr,56.50,TRY
2026-03-28,atistirmalik,Şölen Biscolata Veni Fındıklı Gofret 110,56.50,TRY
2026-03-28,atistirmalik,Şölen Boombastic Fantastik Bar,28.50,TRY
2026-03-28,atistirmalik,Şölen Boombastic Kek Bar 40 Gr,28.50,TRY
2026-03-28,atistirmalik,Şölen Chocodans Tüm Fındıklı Karamelli Çikolata 125 Gr,103.00,TRY
2026-03-28,atistirmalik,Şölen Greta Mevsim Yeşillikli Kraker 120 Gr,71.50,TRY
2026-03-28,atistirmalik,Şölen Greta Zeytinli Ve Dağ Kekikli Kraker 120 Gr,71.50,TRY
2026-03-28,atistirmalik,Şölen Hoppo Bardak Bisküvi 90 Gr,69.50,TRY
2026-03-28,atistirmalik,Şölen Luppo Kakaolu Sandviç Kek 184 Gr,89.50,TRY
2026-03-28,atistirmalik,Şölen Luppo Karamelli Sandviç Kek 182 Gr,95.50,TRY
2026-03-28,atistirmalik,Şölen Luppo Sütlü Sandviç Kek 184 Gr,89.50,TRY
2026-03-28,atistirmalik,Şölen Nutymax Antep Fıstıklı Kremalı Çikolata 44 Gr,44.50,TRY
2026-03-28,atistirmalik,Şölen Nutymax Fındıklı Kremalı Çikolata 44 Gr,44.50,TRY
2026-03-28,atistirmalik,Şölen Ozmo 40Gr Hoppo,34.00,TRY
2026-03-28,atistirmalik,Şölen Ozmo Burger 36 Gr,34.00,TRY
2026-03-28,atistirmalik,Şölen Ozmo Cornet 25 Gr,20.50,TRY
2026-03-28,atistirmalik,Şölen Ozmo Cornet Çikolata 25 Gr,20.00,TRY
2026-03-28,atistirmalik,Şölen Ozmo Cornet Çok Al Az Öde 100 Gr,74.50,TRY
2026-03-28,atistirmalik,Şölen Ozmo Egg Çikolatalı Yumurta 20 Gr,53.50,TRY
2026-03-28,atistirmalik,Şölen Ozmo Fun Figürlü Çikolata 23 Gr,34.00,TRY
2026-03-28,atistirmalik,Şölen Ozmo Hoppo Çilekli Bisküvi 40 Gr,34.00,TRY
2026-03-28,atistirmalik,Şölen Ozmo Krem Tüp Kakaolu Fındık Kreması 35 Gr,34.00,TRY
2026-03-28,atistirmalik,Şölen Ozmo Ogopogo Kakao Sütlü Kek 30 Gr,17.50,TRY
2026-03-28,atistirmalik,Şölen Ozmo Popsy Renkli Çikolatalı Draje 24 Gr,35.50,TRY
2026-03-28,atistirmalik,Şölen Ozmo Popsy Renkli Çikolatalı Draje 3 Lü 24 Gr,97.00,TRY
2026-03-28,atistirmalik,Tadelle King Size Fındıklı Çikolata 52 Gr,71.00,TRY
2026-03-28,atistirmalik,Tadım Bar Antep Fıstıklı 20 Gr,86.50,TRY
2026-03-28,atistirmalik,Toblerone Beyaz Çikolata 100 Gr,134.50,TRY
2026-03-28,atistirmalik,Toblerone Bitter Çikolata 100 Gr,154.50,TRY
2026-03-28,atistirmalik,Toblerone Sütlü Çikolata 100 Gr,134.50,TRY
2026-03-28,atistirmalik,Toblerone Sütlü Çikolata 35 Gr,66.50,TRY
2026-03-28,atistirmalik,Torku 1 Daha Bol Çikolatalı Gofret 32 Gr,27.00,TRY
2026-03-28,atistirmalik,Torku Antep Fıstıklı Çikolata 65 Gr,108.50,TRY
2026-03-28,atistirmalik,Torku Bitter Çikolata 65 Gr,70.50,TRY
2026-03-28,atistirmalik,Torku Bitter Ve Portakal Kremalı Gofret 142 Gr,60.00,TRY
2026-03-28,atistirmalik,Torku Çilekli Gofret 142 Gr,60.00,TRY
2026-03-28,atistirmalik,Torku Çokofest Frambuazlı Bar Çikolata 34 Gr,27.50,TRY
2026-03-28,atistirmalik,Torku Çokofest Karamelli Bar Çikolata 34 Gr,27.50,TRY
2026-03-28,atistirmalik,Torku Çokofest Karamelli Bar Çikolata 60 Gr,41.00,TRY
2026-03-28,atistirmalik,Torku Çubuk Kraker 32 Gr,8.00,TRY
2026-03-28,atistirmalik,Torku Enjoy Ahududu Soslu Kek 55 G,17.00,TRY
2026-03-28,atistirmalik,Torku Enjoy Çoko Çikolatalı Kek 55 Gr,17.00,TRY
2026-03-28,atistirmalik,Torku Enjoy Çoko Muzlu Kek 55 Gr,17.00,TRY
2026-03-28,atistirmalik,Torku Fav Muz 61Gr,16.50,TRY
2026-03-28,atistirmalik,Torku Favori Kremalı Muz 4*76Gr,55.50,TRY
2026-03-28,atistirmalik,Torku Favorimo Çikolata Kremalı Bisküvi 4 Lü 76 Gr,57.00,TRY
2026-03-28,atistirmalik,Torku Favorimo Çikolata Kremalı Bisküvi 61 Gr,16.50,TRY
2026-03-28,atistirmalik,Torku Fındık Kremalı Bisküvi 4 Lü 76 Gr,57.00,TRY
2026-03-28,atistirmalik,Torku Fındık Kremalı Bisküvi 61 Gr,16.50,TRY
2026-03-28,atistirmalik,Torku Fındıklı Çikolata 60 Gr,70.50,TRY
2026-03-28,atistirmalik,Torku Fındıklı Gofret 142 Gr,60.00,TRY
2026-03-28,atistirmalik,Torku Gala Karamelli Kek 50 Gr,26.00,TRY
2026-03-28,atistirmalik,Torku Gala Orman Meyveli Kek 50 Gr,26.00,TRY
2026-03-28,atistirmalik,Torku Kakaolu Fındıklı Kek 35 Gr,13.50,TRY
2026-03-28,atistirmalik,Torku Kakaolu Vanilyalı Gofret 142 Gr,60.00,TRY
2026-03-28,atistirmalik,Torku Karamel Ve Fındık Kremalı Gofret 142 Gr,60.00,TRY
2026-03-28,atistirmalik,Torku Meyveli Kek 35 Gr,13.50,TRY
2026-03-28,atistirmalik,Torku Miniki Nuga Çikolatalı Bar 72 Gr,63.00,TRY
2026-03-28,atistirmalik,Torku Miniki Portakallı Turtacık 94 Gr,21.50,TRY
2026-03-28,atistirmalik,Torku No 1 Çikolatalı Gofret 35 Gr,20.00,TRY
2026-03-28,atistirmalik,Torku No 1 Çikolatalı Gofret 5 X 35 Gr,98.00,TRY
2026-03-28,atistirmalik,Torku Orman Meyveli Gofret 142 Gr,60.00,TRY
2026-03-28,atistirmalik,Torku Pötibör Bisküvi 700 Gr,103.50,TRY
2026-03-28,atistirmalik,Torku Premio Bisküvi 3 Lü 86 Gr,65.50,TRY
2026-03-28,atistirmalik,Torku Premio Bisküvi 86 Gr,24.00,TRY
2026-03-28,atistirmalik,Torku Sade Kremalı Bisküvi 61 Gr,16.50,TRY
2026-03-28,atistirmalik,Torku Tam Buğdaylı Bisküvi 131 Gr,31.50,TRY
2026-03-28,atistirmalik,Torku Tam Buğdaylı Bisküvi 3 X 131 Gr,84.50,TRY
2026-03-28,atistirmalik,Torku Tam Çikolatam 3 Lü Bisküvi 83 Gr,92.00,TRY
2026-03-28,atistirmalik,Torku Tam Çikolatam Bisküvi 83 Gr,32.00,TRY
2026-03-28,atistirmalik,Torku Tam Kakaolu Kremalım Bisküvi 3 Lü 83 Gr,78.00,TRY
2026-03-28,atistirmalik,Torku Tam Kremalım Kakao Kremalı Bisküvi 83 Gr,27.50,TRY
2026-03-28,atistirmalik,Torku Tam Ruşeymli Çikolatalı Bisküvi 84 Gr,41.00,TRY
2026-03-28,atistirmalik,Torku Tam Yulaflı Bisküvi 3X118 Gr,74.00,TRY
2026-03-28,atistirmalik,Torku Tatkrak Baharatlı Kraker 77 Gr,18.00,TRY
2026-03-28,atistirmalik,Torku Tatkrak Peynirli Kraker 77 Gr,18.00,TRY
2026-03-28,atistirmalik,Toybox Çakıl Çikolata 15 Gr,24.00,TRY
2026-03-28,atistirmalik,Toybox Choco Stick Kakolu Fındık Kreması 56 Gr,61.00,TRY
2026-03-28,atistirmalik,Toybox Fındıklı Sütlü Çikolata 20 Gr,29.50,TRY
2026-03-28,atistirmalik,Toybox Metre Sakız 35 Gr,24.00,TRY
2026-03-28,atistirmalik,Twix Çikolata 50 Gr,50.00,TRY
2026-03-28,atistirmalik,Ülker %60 Bitter Çikolata 60 Gr,79.50,TRY
2026-03-28,atistirmalik,Ülker %60 Bitter Tablet Çikolata 70 Gr,117.00,TRY
2026-03-28,atistirmalik,Ülker %80 Bitter Çikolata 60 Gr,79.50,TRY
2026-03-28,atistirmalik,Ülker 9 Kat Tat Fındık Kremalı Gofret 39 Gr,16.00,TRY
2026-03-28,atistirmalik,Ülker 9 Kat Tat İnce İnce Çilek Gofret 114 Gr,48.00,TRY
2026-03-28,atistirmalik,Ülker 9 Kat Tat İnce İnce Hindistan Cevizli Gofret 114 Gr,48.00,TRY
2026-03-28,atistirmalik,Ülker Albeni 40 Gr,26.50,TRY
2026-03-28,atistirmalik,Ülker Albeni 72 Gr,48.00,TRY
2026-03-28,atistirmalik,Ülker Albeni Büyük 52 Gr,29.50,TRY
2026-03-28,atistirmalik,Ülker Albeni Extra 170 Gr,114.00,TRY
2026-03-28,atistirmalik,Ülker Albeni Kek 43 Gr,33.00,TRY
2026-03-28,atistirmalik,Ülker Albeni Mini Çoklu Paket 89 Gr,73.00,TRY
2026-03-28,atistirmalik,Ülker Albeni Tane Tane Çikolata 29 Gr,38.50,TRY
2026-03-28,atistirmalik,Ülker Albeni Viva 36 Gr,20.50,TRY
2026-03-28,atistirmalik,Ülker Alpella 3Gen Gofret Beyaz 28 Gr,22.50,TRY
2026-03-28,atistirmalik,Ülker Altınbaşak Çörekotlu Kinoalı Bisküvi 40 Gr,18.00,TRY
2026-03-28,atistirmalik,Ülker Altınbaşak Grissini 125 Gr,80.50,TRY
2026-03-28,atistirmalik,Ülker Altınbaşak Kepekli Grissini 125 Gr,81.00,TRY
2026-03-28,atistirmalik,Ülker Altınbaşak Light Yulaflı Kraker 46 Gr,17.00,TRY
2026-03-28,atistirmalik,Ülker Altınbaşak Yulaflı Kepekli Bisküvi 5 X 46 Gr,82.00,TRY
2026-03-28,atistirmalik,Ülker Antep Fıstıklı Beyaz Çikolata 65 Gr (1 adet),131.50,TRY
2026-03-28,atistirmalik,Ülker Antep Fıstıklı Beyaz Çikolata 65 Gr (6 adet),782.00,TRY
2026-03-28,atistirmalik,Ülker Antep Fıstıklı Çikolata 30 Gr,68.50,TRY
2026-03-28,atistirmalik,Ülker Bebe Bisküvisi 172 Gr,54.00,TRY
2026-03-28,atistirmalik,Ülker Bebe Bisküvisi 800 Gr,191.00,TRY
2026-03-28,atistirmalik,Ülker Biskrem 100 Gr,34.50,TRY
2026-03-28,atistirmalik,Ülker Biskrem 150 Gr,48.00,TRY
2026-03-28,atistirmalik,Ülker Biskrem 200 Gr,63.00,TRY
2026-03-28,atistirmalik,Ülker Biskrem Extra Kakao Kremalı Bisküvi 184 Gr,69.00,TRY
2026-03-28,atistirmalik,Ülker Bitter Çikolata 30 Gr,46.00,TRY
2026-03-28,atistirmalik,Ülker Bonbon Karışık Meyve 36 Gr,26.50,TRY
2026-03-28,atistirmalik,Ülker Bonbon Nane 36 Gr,26.50,TRY
2026-03-28,atistirmalik,Ülker Bütün Antep Fıstıklı Çikolata 65 Gr,103.50,TRY
2026-03-28,atistirmalik,Ülker Canpare Kremalı Bisküvi 81 Gr,32.50,TRY
2026-03-28,atistirmalik,Ülker Canpare Kremalı Bisküvi Fındıklı 81 Gr,32.50,TRY
2026-03-28,atistirmalik,Ülker Caramio Baton Çikolata 32 Gr,36.50,TRY
2026-03-28,atistirmalik,Ülker Caramio Baton Çikolata 55 Gr,58.00,TRY
2026-03-28,atistirmalik,Ülker Çikolata İstanbul Fındıklı Çıtır Kadayıflı 93 Gr,116.00,TRY
2026-03-28,atistirmalik,Ülker Çikolatalı Bitter Gofret 36 Gr,21.50,TRY
2026-03-28,atistirmalik,Ülker Çikolatalı Gofret 36 Gr,20.00,TRY
2026-03-28,atistirmalik,Ülker Çikolatalı Gofret Mini 82 Gr,72.50,TRY
2026-03-28,atistirmalik,Ülker Çikolatalı Rulo Pasta 235 Gr,91.00,TRY
2026-03-28,atistirmalik,Ülker Çilekli Rulo Pasta 235 Gr,91.00,TRY
2026-03-28,atistirmalik,Ülker Çizi Kraker 280 Gr,73.00,TRY
2026-03-28,atistirmalik,Ülker Çizi Peynirli Kraker 70 Gr,20.00,TRY
2026-03-28,atistirmalik,Ülker Çiziviç 3 Lü 246 Gr,75.00,TRY
2026-03-28,atistirmalik,Ülker Çiziviç Kraker 82 Gr,26.50,TRY
2026-03-28,atistirmalik,Ülker Cocostar 25 Gr,17.00,TRY
2026-03-28,atistirmalik,Ülker Cocostar Atıştırmalık Büyük Boy 154 Gr,95.00,TRY
2026-03-28,atistirmalik,Ülker Cocostar Atıştırmalık Sandviç Bisküvi 66 Gr,36.50,TRY
2026-03-28,atistirmalik,Ülker Çokomel 4 Lü Sade 36 Gr,23.00,TRY
2026-03-28,atistirmalik,Ülker Çokomilk Sütlü Nugalı Bar Çikolata 24 Gr,13.00,TRY
2026-03-28,atistirmalik,Ülker Çokonat 33 Gr,33.50,TRY
2026-03-28,atistirmalik,Ülker Çokoprens 30 Gr,11.50,TRY
2026-03-28,atistirmalik,Ülker Çokoprens 300 Gr,77.00,TRY
2026-03-28,atistirmalik,Ülker Çokoprens 81 Gr,26.50,TRY
2026-03-28,atistirmalik,Ülker Çubuk Kraker 40 Gr,8.50,TRY
2026-03-28,atistirmalik,Ülker Çubuk Kraker 80 Gr,15.00,TRY
2026-03-28,atistirmalik,Ülker Dankek 8 Kek Çikolatalı Çilekli Kek 55 Gr,17.00,TRY
2026-03-28,atistirmalik,Ülker Dankek 8 Kek Duble Çikolatalı Kek 55 Gr,17.00,TRY
2026-03-28,atistirmalik,Ülker Dankek 8 Kek Muzlu Çikolatalı Kek 55 Gr,17.00,TRY
2026-03-28,atistirmalik,Ülker Dankek Çay Saati Kakaolu Kek 200 Gr,72.50,TRY
2026-03-28,atistirmalik,Ülker Dankek Çay Saati Meyveli Kek 200 Gr,72.50,TRY
2026-03-28,atistirmalik,Ülker Dankek Çay Saati Mozaik Kek 200 Gr,72.50,TRY
2026-03-28,atistirmalik,Ülker Dankek Lokmalık Havuçlu Tarçınlı Kek 160 Gr,67.00,TRY
2026-03-28,atistirmalik,Ülker Dankek Lokmalık Hindistan Cevizli Kek 160 Gr,67.00,TRY
2026-03-28,atistirmalik,Ülker Dankek Lokmalık Kakaolu Kek 160 Gr,67.00,TRY
2026-03-28,atistirmalik,Ülker Dankek Lokmalık Üzümlü Kek 160 Gr,67.00,TRY
2026-03-28,atistirmalik,Ülker Dankek Pöti Muffin Hindistan Cevizli Kek 35 Gr,13.50,TRY
2026-03-28,atistirmalik,Ülker Dankek Pöti Muffin Kakaolu Kek 35 Gr,13.50,TRY
2026-03-28,atistirmalik,Ülker Dankek Pöti Muffin Meyveli Kek 35 Gr,13.50,TRY
2026-03-28,atistirmalik,Ülker Dido Sütlü Çikolatalı Gofret 35 Gr,36.50,TRY
2026-03-28,atistirmalik,"Ülker Dido Trio Beyaz Çikolatalı Gofret 36,5 Gr",39.50,TRY
2026-03-28,atistirmalik,Ülker Dore Çikolata Dolgulu Bisküvi 86 Gr,39.00,TRY
2026-03-28,atistirmalik,Ülker Finger Bisküvi 150 Gr,133.00,TRY
2026-03-28,atistirmalik,Ülker Fındık Aromalı Gofret 220 Gr,69.00,TRY
2026-03-28,atistirmalik,"Ülker Fındık Rüyası Çikolata 40,5 Gr",46.50,TRY
2026-03-28,atistirmalik,Ülker Fındıklı Çikolata 30 Gr,46.00,TRY
2026-03-28,atistirmalik,Ülker Fındıklı Çikolata 60 Gr,95.00,TRY
2026-03-28,atistirmalik,Ülker Fıstıklı Kare Bitter Çikolata 65 Gr,131.00,TRY
2026-03-28,atistirmalik,Ülker Halley Çikolata Kaplamalı Bisküvi 30 Gr,16.50,TRY
2026-03-28,atistirmalik,Ülker Halley Çikolata Kaplamalı Bisküvi 8 Li 240 Gr,120.50,TRY
2026-03-28,atistirmalik,Ülker Halley Karadutlu Çikolata Kaplamalı Bisküvi 7 Li,117.50,TRY
2026-03-28,atistirmalik,Ülker Halley Karadutlu Çikolata Kaplamalı Mini Bisküvi 74 Gr,36.50,TRY
2026-03-28,atistirmalik,Ülker Hanımeller Asorti Kurabiye 150 Gr,48.50,TRY
2026-03-28,atistirmalik,Ülker Hanımeller Çokodamla Poşet Bisküvi 150 Gr,56.00,TRY
2026-03-28,atistirmalik,Ülker Hanımeller Fındıklı Bisküvi 82 Gr,26.50,TRY
2026-03-28,atistirmalik,Ülker Hanımeller Tuzlu Karma Poşet Bisküvi 150 Gr,56.00,TRY
2026-03-28,atistirmalik,Ülker Haylayf 64 Gr,17.00,TRY
2026-03-28,atistirmalik,Ülker Haylayf Bisküvi 256 Gr,59.50,TRY
2026-03-28,atistirmalik,Ülker Hobby Çikolata Kaplı Fındıklı Bar 25 Gr,13.50,TRY
2026-03-28,atistirmalik,Ülker İkram Çikolata Kremalı Sandviç Bisküvi 252 Gr,77.50,TRY
2026-03-28,atistirmalik,Ülker İkram Fındık Kremalı Sandviç Bisküvi 252 Gr,77.50,TRY
2026-03-28,atistirmalik,Ülker İkram Kremalı Bisküvi 84 Gr,29.50,TRY
2026-03-28,atistirmalik,Ülker İkram Kremalı Bisküvi Çikolatalı 84 Gr,29.50,TRY
2026-03-28,atistirmalik,Ülker Kat Kat Çilekli Milföy 28 Gr,13.50,TRY
2026-03-28,atistirmalik,Ülker Kat Kat Fındıklı Milföy 25 Gr,13.50,TRY
2026-03-28,atistirmalik,Ülker Kekstra Çilekli Kek 40 Gr,15.00,TRY
2026-03-28,atistirmalik,Ülker Kekstra Konfeti Kakaolu Kek 38 Gr,18.50,TRY
2026-03-28,atistirmalik,Ülker Kremalı Sandviç Bisküvi 4 Lü 244 Gr,66.50,TRY
2026-03-28,atistirmalik,Ülker Kremalı Sandviç Bisküvi 61 Gr,17.00,TRY
2026-03-28,atistirmalik,Ülker Kremalı Sandviç Bisküvi 8 Li 488 Gr,119.50,TRY
2026-03-28,atistirmalik,Ülker Kremini Ahududulu Şeker 44 Gr,26.50,TRY
2026-03-28,atistirmalik,Ülker Kremini Çilekli Şeker 44 Gr,26.50,TRY
2026-03-28,atistirmalik,Ülker Kremini Karpuzlu Şeker 44 Gr,26.50,TRY
2026-03-28,atistirmalik,Ülker Kremini Tropikal Şeker 30 Gr,26.50,TRY
2026-03-28,atistirmalik,Ülker Kremini Vişneli Şeker 44 Gr,26.50,TRY
2026-03-28,atistirmalik,Ülker Krispi Baharatlı Çubuk 43 Gr,13.50,TRY
2026-03-28,atistirmalik,Ülker Krispi Meksika Acılı Çubuk Kraker 43 Gr,13.50,TRY
2026-03-28,atistirmalik,Ülker Laviva Dolgulu Ve Bisküvili Çikolata 35 Gr,36.50,TRY
2026-03-28,atistirmalik,Ülker Metro 36 Gr,21.50,TRY
2026-03-28,atistirmalik,"Ülker Metro Büyük 50,4 Gr",29.00,TRY
2026-03-28,atistirmalik,Ülker Metro Mini Çoklu Paket 102 Gr,74.50,TRY
2026-03-28,atistirmalik,Ülker Muzlu Rulo Pasta 235 Gr,91.00,TRY
2026-03-28,atistirmalik,Ülker Napoliten Sütlü Çikolata 33 Gr,56.50,TRY
2026-03-28,atistirmalik,Ülker Olala Frambuazlı Sufle Kek 70 Gr,46.50,TRY
2026-03-28,atistirmalik,Ülker Olala Sufle Kek 70 Gr,46.50,TRY
2026-03-28,atistirmalik,Ülker Oneo Çilek Aromalı Draje 60 Gr,73.50,TRY
2026-03-28,atistirmalik,Ülker Oneo Dopdolu Nane Draje Sakız 76 Gr,111.50,TRY
2026-03-28,atistirmalik,Ülker Oneo Fliptop Nane Aromalı Draje 21 Gr,29.50,TRY
2026-03-28,atistirmalik,Ülker Oneo Karpuz Aromalı Draje 60 Gr,73.50,TRY
2026-03-28,atistirmalik,Ülker Oneo Nane Aromalı Draje 60 Gr,73.50,TRY
2026-03-28,atistirmalik,Ülker Oneo Slim Çilek Aromalı Sakız 14 Gr,29.00,TRY
2026-03-28,atistirmalik,Ülker Oneo Slim Karpuz Aromalı Sakız 14 Gr,29.00,TRY
2026-03-28,atistirmalik,Ülker Oneo Slim Nane Aromalı Sakız 14 Gr,29.00,TRY
2026-03-28,atistirmalik,Ülker Oneo Slim Yeşil Nane Aromalı Sakız 14 Gr,29.00,TRY
2026-03-28,atistirmalik,Ülker Petibör Çifte Kavrulmuş Bisküvi 175 Gr,40.50,TRY
2026-03-28,atistirmalik,Ülker Piko Portakallı Çikolata Kaplamalı 18 Gr,13.50,TRY
2026-03-28,atistirmalik,Ülker Pötibör Bisküvi 175 Gr,40.50,TRY
2026-03-28,atistirmalik,Ülker Pötibör Bisküvi 450 Gr,92.00,TRY
2026-03-28,atistirmalik,Ülker Pötibör Bisküvi 800 Gr,137.50,TRY
2026-03-28,atistirmalik,Ülker Pötibör Çifte Kavrulmuş Bisküvi 450 Gr,92.00,TRY
2026-03-28,atistirmalik,Ülker Probis 75 Gr,29.50,TRY
2026-03-28,atistirmalik,Ülker Probis Bisküvi 10 Lu 28 Gr,95.50,TRY
2026-03-28,atistirmalik,Ülker Rondo Çilek Kremalı Bisküvi 488 Gr,121.50,TRY
2026-03-28,atistirmalik,Ülker Rondo Çilek Kremalı Bisküvi 61 Gr,17.50,TRY
2026-03-28,atistirmalik,Ülker Rondo Muz Kremalı Bisküvi 61 Gr,17.50,TRY
2026-03-28,atistirmalik,Ülker Rulokat 42 Gr,24.50,TRY
2026-03-28,atistirmalik,Ülker Rulokat Teneke 170 Gr,88.00,TRY
2026-03-28,atistirmalik,Ülker Saklıköy Çikolatalı Kremalı Bisküvi 87 Gr,29.50,TRY
2026-03-28,atistirmalik,Ülker Saklıköy Çikolatalı Sütlü Kremalı Bisküvi 100 Gr,46.00,TRY
2026-03-28,atistirmalik,Ülker Saklıköy Sütlü Kremalı Bisküvi 100 Gr,30.50,TRY
2026-03-28,atistirmalik,Ülker Saklıköy Sütlü Kremalı Bisküvi 264 Gr,74.00,TRY
2026-03-28,atistirmalik,Ülker Susamlı Çubuk Kraker 45 Gr,15.00,TRY
2026-03-28,atistirmalik,Ülker Susamlı Çubuk Kraker 70 Gr,21.50,TRY
2026-03-28,atistirmalik,Ülker Sütlü Çikolata 30 Gr,46.00,TRY
2026-03-28,atistirmalik,Ülker Sütlü Kare Çikolata 60 Gr,79.50,TRY
2026-03-28,atistirmalik,Ülker Taç Kraker 76 Gr,20.50,TRY
2026-03-28,atistirmalik,Ülker Üzümlü Fındıklı Kare Çikolata 65 Gr,95.50,TRY
2026-03-28,atistirmalik,Ülker Vanilya Aromalı Gofret 220 Gr,69.00,TRY
2026-03-28,atistirmalik,Ülker Yupo Jelly Ayıcık 80 Gr,44.50,TRY
2026-03-28,atistirmalik,Ülker Yupo Jelly Böğürtlen 20 Gr,18.00,TRY
2026-03-28,atistirmalik,Ülker Yupo Jelly Kola 80 Gr,44.50,TRY
2026-03-28,atistirmalik,Ülker Yupo Jelly Meyve Bahçesi 80 Gr,44.50,TRY
2026-03-28,atistirmalik,Ülker Yupo Jelly Portakal 20 Gr,18.00,TRY
2026-03-28,atistirmalik,Ülker Yupo Solucan 80 Gr,44.50,TRY
2026-03-28,atistirmalik,Uzungil 10 Lu Kornet Külahı 30 Gr,38.50,TRY
2026-03-28,atistirmalik,Uzungil Hurma Şekeri 400Gr,124.00,TRY
2026-03-28,atistirmalik,Uzungil Kağıt Helva 45 Gr,25.00,TRY
2026-03-28,atistirmalik,Uzungil Pişmaniye 400Gr,116.50,TRY
2026-03-28,atistirmalik,Vivident 360 Karpuz Aromalı Sakız 33 gr (1 adet),67.50,TRY
2026-03-28,atistirmalik,Vivident Air Action Bottle Mentol Okalip Aromalı Sakız 67GR,111.00,TRY
2026-03-28,atistirmalik,Vivident Cube Nane Aromalı Sakız 86 Gr,146.50,TRY
2026-03-28,atistirmalik,Vivident Cüzdan 360 Nane,67.50,TRY
2026-03-28,atistirmalik,Vivident Cüzdan Active Nane Aromalı Sakız,70.00,TRY
2026-03-28,atistirmalik,Vivident Cüzdan Damla Sakızlı 18’li x 26 gr,1242.00,TRY
2026-03-28,atistirmalik,Vivident Cüzdan Damla Sakızlı 26 gr,70.00,TRY
2026-03-28,atistirmalik,Vivident Cüzdan Extra Mentol Nane Aromalı,67.50,TRY
2026-03-28,atistirmalik,Vivident Extra Sakız Mentol&Nane Aromalı 66 G Şişe,111.00,TRY
2026-03-28,atistirmalik,Vivident Storming 45 Dakika,67.50,TRY
2026-03-28,atistirmalik,Vivident Storming Ahududu Aromalı Sakız 33 Gr,67.50,TRY
2026-03-28,atistirmalik,Vivident Storming Çilek Aromalı Sakız 12 Li,70.00,TRY
2026-03-28,atistirmalik,Vivident Storming Damla Sakızı Aromalı Sakız 12 Li,67.50,TRY
2026-03-28,atistirmalik,Vivident Storming Karpuz Aromalı Sakız,70.00,TRY
2026-03-28,atistirmalik,Vivident Storming Nane Aromalı Sakız 12 Li,67.50,TRY
2026-03-28,atistirmalik,Vivident Storming Yeşil Nane Aromalı Sakız 33 Gr,67.50,TRY
2026-03-28,atistirmalik,Vivident Yeşil Nane Aromalı Sakız 67 G,111.00,TRY
2026-03-28,atistirmalik,Ülker Meşhur Dubai Lezzeti Dubai Çikolatası 93 gr (1 adet),164.50,TRY
2026-03-28,atistirmalik,Ülker Meşhur Dubai Lezzeti Dubai Çikolatası 93 gr (6 adet),924.00,TRY
2026-03-28,icecek,Alpimilk Çikolatalı Süt 6 X 180 Ml,137.50,TRY
2026-03-28,icecek,Atatürk Orman Çiftliği Elma Suyu 1 Lt,131.00,TRY
2026-03-28,icecek,Atatürk Orman Çiftliği Elma Suyu 250 Ml,59.00,TRY
2026-03-28,icecek,Atatürk Orman Çiftliği Vişne Nektarı 250 Ml,59.00,TRY
2026-03-28,icecek,Bağdat Adaçayı 40 Gr,65.50,TRY
2026-03-28,icecek,Bağdat Çiçek Ihlamur 25 Gr,280.00,TRY
2026-03-28,icecek,Beta Bayce Opa Seylan Çay 500 Gr,690.00,TRY
2026-03-28,icecek,Beta Tea Bergamotlu Demlik Poşet Çay 48 Li 153 Gr,188.50,TRY
2026-03-28,icecek,Beta Tea Beyaz Çay 24 Gr,141.00,TRY
2026-03-28,icecek,Beta Tea Champion Demlik Poşet Çay 100 Lü 320 Gr,593.00,TRY
2026-03-28,icecek,Beta Tea Kızıl Dem Bardak Poşet Çay 25 Li 50 Gr,118.50,TRY
2026-03-28,icecek,Beta Tea Kızıl Dem Demlik Poşet Çay 100 Lü 320 Gr,158.50,TRY
2026-03-28,icecek,Beta Tea Kızıl Dem Türk Çayı 1 Kg,333.00,TRY
2026-03-28,icecek,Beta Tea Opa Seylan Dökme Çay 250 Gr,391.00,TRY
2026-03-28,icecek,Beta Tea Taç Yaprak Demlik Poşet Çay 100 Lü 320 Gr,406.00,TRY
2026-03-28,icecek,Beta Tea Taç Yaprak Türk Çayı 1 Kg,395.00,TRY
2026-03-28,icecek,Beta Tea Yüksek Tepeler Dökme Çay 1 Kg,318.00,TRY
2026-03-28,icecek,Burn Enerji İçeceği 250 Ml,58.50,TRY
2026-03-28,icecek,Burn Enerji İçeceği 500 Ml,98.00,TRY
2026-03-28,icecek,Burn Gold 250Ml,59.50,TRY
2026-03-28,icecek,Cafe Crown Choco Latte 17 Gr,15.00,TRY
2026-03-28,icecek,Cafe Crown Filtre Kahve 250 Gr (5 adet),1614.00,TRY
2026-03-28,icecek,Cafe Crown Filtre Kahve 250 Gr 1 adet,349.00,TRY
2026-03-28,icecek,Cafe Crown Latte Köpüklü Sütlü Kahve 17 Gr,15.00,TRY
2026-03-28,icecek,Caffeo Kahve Filtre Kağıdı 1X2,90.50,TRY
2026-03-28,icecek,Cappy %100 Elma Meyve Suyu 1 Lt,138.50,TRY
2026-03-28,icecek,Cappy %100 Elma Meyve Suyu Cam 250 Ml,69.00,TRY
2026-03-28,icecek,Cappy Atom Meyve Suyu 1 Lt,93.50,TRY
2026-03-28,icecek,Cappy Karışık Meyve Suyu 1 Lt,93.50,TRY
2026-03-28,icecek,Cappy Karışık Meyve Suyu Cam 250 Ml,63.00,TRY
2026-03-28,icecek,Cappy Kayısı Meyve Suyu 1 Lt,93.50,TRY
2026-03-28,icecek,Cappy Portakal Meyve Suyu 1 Lt,93.50,TRY
2026-03-28,icecek,Cappy Pulpy Portakal Parçacıklı Meyve Suyu 1 Lt,93.50,TRY
2026-03-28,icecek,Cappy Ramazan Şerbeti 1 Lt,80.50,TRY
2026-03-28,icecek,Cappy Şeftali Meyve Suyu 1 Lt,93.50,TRY
2026-03-28,icecek,Cappy Şeftali Meyve Suyu Cam 250 Ml,63.00,TRY
2026-03-28,icecek,Cappy Vişneli Meyve Suyu Cam 250 Ml,63.00,TRY
2026-03-28,icecek,Çaykur 100 Lü Siyah Bardak Poşet Çay 200 Gr,281.50,TRY
2026-03-28,icecek,Çaykur 42 Nolu Tirebolu Çayı 500 Gr,253.50,TRY
2026-03-28,icecek,Çaykur Altınbaş Çay 500 Gr,260.50,TRY
2026-03-28,icecek,Çaykur Altınbaş Çayı 2000 Gr,823.00,TRY
2026-03-28,icecek,Çaykur Çay Çiçeği Dökme Çay 500 Gr,237.50,TRY
2026-03-28,icecek,Çaykur Filiz Çayı 500 Gr,211.50,TRY
2026-03-28,icecek,Çaykur Filiz Dökme Çay 1 Kg,410.00,TRY
2026-03-28,icecek,Çaykur Kamelya Çayı 500 Gr,181.50,TRY
2026-03-28,icecek,Çaykur Kamelya Dökme Çay 1 Kg,352.50,TRY
2026-03-28,icecek,Çaykur Rize Çayı Hediyelik 500 gr,311.50,TRY
2026-03-28,icecek,Çaykur Rize Turist Çayı 1 Kg,368.50,TRY
2026-03-28,icecek,Çaykur Rize Turist Çayı 2 Kg,719.00,TRY
2026-03-28,icecek,Çaykur Rize Turist Çayı 200 Gr,99.50,TRY
2026-03-28,icecek,Çaykur Rize Turist Çayı 500 Gr,189.00,TRY
2026-03-28,icecek,Çaykur Tamdem Bergamot Aromalı Çay 1000 Gr,410.00,TRY
2026-03-28,icecek,Çaykur Tiryaki Dökme Çay 1 Kg,360.50,TRY
2026-03-28,icecek,Çaykur Tiryaki Dökme Çay 2 Kg,704.50,TRY
2026-03-28,icecek,Çaykur Tiryaki Dökme Çay 500 Gr,189.00,TRY
2026-03-28,icecek,Çaykur Tiryaki Siyah Dökme Çay 5 Kg,1711.00,TRY
2026-03-28,icecek,Çaykur Tomurcuk Çay 200 Gr,163.00,TRY
2026-03-28,icecek,Çaykur Tomurcuk Çay Teneke 125 Gr,133.50,TRY
2026-03-28,icecek,Coffee Filters Filtre Kahve Kağıdı 2 Numara 80’li,176.00,TRY
2026-03-28,icecek,Coffee Filters Filtre Kahve Kağıdı 4 Numara 80’li,175.50,TRY
2026-03-28,icecek,Colombo Seylan Yaprak Çay 300 gr,331.00,TRY
2026-03-28,icecek,Cook Premium Filtre Kahve Kağıdı Ebat 4,160.50,TRY
2026-03-28,icecek,Dark Blue Enerji İçeceği 1 Lt,61.00,TRY
2026-03-28,icecek,Didi Bergamot Aromalı Soğuk Çay 500 Ml,39.00,TRY
2026-03-28,icecek,Didi Bergomat 330Ml,30.00,TRY
2026-03-28,icecek,Didi Limon Aromalı Soğuk Çay 330 Ml,33.00,TRY
2026-03-28,icecek,Didi Limon Aromalı Soğuk Çay 500 Ml,39.00,TRY
2026-03-28,icecek,Didi Şeftali Aromalı Soğuk Çay 500 Ml,39.00,TRY
2026-03-28,icecek,Dimes %100 Elma – Vişne Suyu 1 Lt,146.50,TRY
2026-03-28,icecek,Dimes %100 Elma Suyu 1 Lt,140.50,TRY
2026-03-28,icecek,Dimes %100 Kırmızı Meyve Suyu 1 Lt,140.00,TRY
2026-03-28,icecek,Dimes %100 Portakal Suyu 1 Lt,185.50,TRY
2026-03-28,icecek,Dimes %100 Sıkma Portakal Suyu Cam 700 Ml,247.50,TRY
2026-03-28,icecek,Dimes 7/24 Tahıllı Karışık Meyve Suyu 200 Ml 27 Adet,548.00,TRY
2026-03-28,icecek,Dimes Active 7/24 Tahıllı Karışık Meyve Suyu 1 Lt,86.50,TRY
2026-03-28,icecek,Dimes Active Ekşi Elma Meyve Suyu 1 Lt,93.00,TRY
2026-03-28,icecek,Dimes Active Vişne Suyu 1 Lt,93.00,TRY
2026-03-28,icecek,Dimes Cool Lime Özü 310 Ml x1 adet,61.00,TRY
2026-03-28,icecek,Dimes Cool Lime Özü 310 Ml x6 adet,400.00,TRY
2026-03-28,icecek,Dimes Karışık Meyve Suyu 1 Lt,93.00,TRY
2026-03-28,icecek,Dimes Karışık Meyve Suyu 200 Ml 27 Adet,548.00,TRY
2026-03-28,icecek,Dimes Karışık Meyve Suyu Teneke 250 Ml,35.00,TRY
2026-03-28,icecek,Dimes Kayısı Meyve Suyu 1 Lt,93.00,TRY
2026-03-28,icecek,Dimes Kayısı Meyve Suyu 200 Ml 27 Adet,548.00,TRY
2026-03-28,icecek,Dimes Kırmızı Meyveler Meyve Suyu 1 Lt,93.00,TRY
2026-03-28,icecek,Dimes Mango Meyve Suyu 1 Lt,93.00,TRY
2026-03-28,icecek,Dimes Milkshake Muzlu – Kurabiyeli 310 Ml,67.00,TRY
2026-03-28,icecek,Dimes Milkshake Vanilyalı – Beyaz Çikolatalı 310 Ml,67.00,TRY
2026-03-28,icecek,Dimes Şeftali Meyve Suyu 200 Ml 27 Adet,548.00,TRY
2026-03-28,icecek,Dimes Şeftali Suyu 1 Lt,93.00,TRY
2026-03-28,icecek,Dimes Smoothie Çilek Muz Elma 310 Ml,67.00,TRY
2026-03-28,icecek,Dimes Vişne Meyve Suyu 200 Ml 27 Adet,548.00,TRY
2026-03-28,icecek,Dimes Vişne Meyve Suyu Teneke 250 Ml,35.00,TRY
2026-03-28,icecek,Doğadan Adaçayı Bardak Poşet 20 Li,126.00,TRY
2026-03-28,icecek,Doğadan Ayvalı Ihlamur Bitki Çayı 18’Li,112.50,TRY
2026-03-28,icecek,Doğadan Böğürtlen 40 Gr,124.50,TRY
2026-03-28,icecek,Doğadan Elma Çayı 20 Li,126.00,TRY
2026-03-28,icecek,Doğadan Form Kayısılı Bitki Çayı,129.00,TRY
2026-03-28,icecek,Doğadan Form Kiraz Saplı Bitki Çayı,129.00,TRY
2026-03-28,icecek,Doğadan Gizli Bahçe 100 Adet Demlik Poşet Çay 320 Gr,267.00,TRY
2026-03-28,icecek,Doğadan Ihlamur Bitki Çayı,127.00,TRY
2026-03-28,icecek,Doğadan İyi Uykular Çayı 18 Li,129.00,TRY
2026-03-28,icecek,Doğadan Kuşburnu Çayı,129.00,TRY
2026-03-28,icecek,Doğadan Papatya Çayı,129.00,TRY
2026-03-28,icecek,Doğadan Rahat Hisset Passifloralı Bitki Çayı 18 Li,129.00,TRY
2026-03-28,icecek,Doğadan Rezene Çayı,129.00,TRY
2026-03-28,icecek,Doğadan Sade Yeşil Çay 35 Gr,125.50,TRY
2026-03-28,icecek,Doğadan Yeşil Çay Açai Ananaslı 20 Li,126.00,TRY
2026-03-28,icecek,Doğadan Yeşil Çay Limonlu,129.00,TRY
2026-03-28,icecek,Doğadan Yumuşak İçimli Yeşil Çay,129.00,TRY
2026-03-28,icecek,Doğadan Zencefil Limonlu Bitki Çayı,129.00,TRY
2026-03-28,icecek,Doğanay Şalgam Suyu Acı 300 Ml,31.00,TRY
2026-03-28,icecek,Doğanay Şalgam Suyu Acı1 Lt,74.50,TRY
2026-03-28,icecek,Doğanay Şalgam Suyu Tatlı 1 Lt,74.50,TRY
2026-03-28,icecek,Doğanay Şalgam Suyu Tatlı 300 Ml,31.00,TRY
2026-03-28,icecek,Doğuş Adaçayı Zarflı Süzen Poşet Çay 20 Adet 26 Gr,84.00,TRY
2026-03-28,icecek,Doğuş Ayvalı -Zencefilli Çay 20’li 38 gr,82.50,TRY
2026-03-28,icecek,Doğuş Bergamotlu Yeşil Çay 20li 35 gr,84.00,TRY
2026-03-28,icecek,Doğuş Black Label Bardak Poşet Çay 25 li 50 Gr,82.00,TRY
2026-03-28,icecek,Doğuş Black Label Demlik Poşet Çay 100 Lü 320 Gr,222.00,TRY
2026-03-28,icecek,Doğuş Earl Grey 100 Lü Bardak Poşet Çay 200 Gr,265.50,TRY
2026-03-28,icecek,Doğuş Earl Grey Demlik Poşet Çay 100 Lü 320 Gr,219.00,TRY
2026-03-28,icecek,Doğuş Elma Çayı,84.00,TRY
2026-03-28,icecek,Doğuş Filiz Çayı 3 Kg,1111.00,TRY
2026-03-28,icecek,Doğuş Gurme 25 Li Bardak Poşet Çay,89.50,TRY
2026-03-28,icecek,Doğuş Gurme Siyah Çay 1 kg,409.50,TRY
2026-03-28,icecek,Doğuş Ihlamur Bitki Çayı 20’Li,81.00,TRY
2026-03-28,icecek,Doğuş Ihlamurlu Ballı Zencefilli,81.00,TRY
2026-03-28,icecek,Doğuş Karadeniz Filiz Çayı 1 Kg,352.50,TRY
2026-03-28,icecek,Doğuş Kayısılı Form Çayı,81.00,TRY
2026-03-28,icecek,Doğuş Kiraz Saplı Form Çayı,81.00,TRY
2026-03-28,icecek,Doğuş Kuşburnu Çayı,81.00,TRY
2026-03-28,icecek,Doğuş Limonlu Yeşil Çay,81.00,TRY
2026-03-28,icecek,Doğuş Limonlu Zencefilli Yeşil Çay,81.00,TRY
2026-03-28,icecek,Doğuş Maydonoz Limon Çayı,81.00,TRY
2026-03-28,icecek,Doğuş Nane Limon Çayı,81.00,TRY
2026-03-28,icecek,Doğuş Rezene Çayı,81.00,TRY
2026-03-28,icecek,Doğuş Sade Form Çayı,81.00,TRY
2026-03-28,icecek,Doğuş Sade Yeşil Çay,81.00,TRY
2026-03-28,icecek,Doğuş Şeftalili Yeşil Çay,81.00,TRY
2026-03-28,icecek,Doğuş Tomurcuk Çay 100 Gr,82.00,TRY
2026-03-28,icecek,Dola Atom Çayı Kış Çayı 150 Gr,109.50,TRY
2026-03-28,icecek,Dola Atom Çayı Nane Limon Zencefil 135 g,113.00,TRY
2026-03-28,icecek,Dola Ihlamur Atom Çayı 135 Gr,113.00,TRY
2026-03-28,icecek,Dr.Oetker Milkshake Çikolata 24 Gr,15.00,TRY
2026-03-28,icecek,Dr.Oetker Milkshake Çikolatalı – Çilekli 24 Gr,15.00,TRY
2026-03-28,icecek,Dr.Oetker Milkshake Muzlu 20 Gr,15.00,TRY
2026-03-28,icecek,Ece Yaprak Çay Ceylon Tea Seylan Çayı 500 Gr,491.00,TRY
2026-03-28,icecek,Fanta Portakal 330 Ml,53.00,TRY
2026-03-28,icecek,Fanta Portakal Teneke 250 Ml,49.50,TRY
2026-03-28,icecek,Fiero 3 ü 1 Arada 1000 Gr.,267.00,TRY
2026-03-28,icecek,Fiero Kahve Kreması 1000 Gr.,268.00,TRY
2026-03-28,icecek,Fiero Salep 1000 Gr.,307.00,TRY
2026-03-28,icecek,Fiero Sıcak Çikolata 1000 Gr.,308.00,TRY
2026-03-28,icecek,Freshers Granül Kuşburnu 300 Gr,84.50,TRY
2026-03-28,icecek,Freshers Granül Portakal 300 Gr,84.50,TRY
2026-03-28,icecek,İçim İçimino Çilekli Süt 6X180 Ml,126.50,TRY
2026-03-28,icecek,İçim Karışık Meyve Suyu 1 Lt,68.50,TRY
2026-03-28,icecek,İçim Kayısılı Meyve Suyu 1 Lt,68.50,TRY
2026-03-28,icecek,İçim Laktozsuz Süt 1Lt,99.00,TRY
2026-03-28,icecek,İçim Laktozsuz Süt 200 Ml,29.50,TRY
2026-03-28,icecek,İçim Sade Süt 6 X 200Ml,150.00,TRY
2026-03-28,icecek,İçim Şeftali Meyve Suyu 1 Lt,68.50,TRY
2026-03-28,icecek,İçim Süt Yarım Yağlı 1 Lt x 1 Adet,82.50,TRY
2026-03-28,icecek,İçim Süt Yarım Yağlı 1 Lt x 4 Adet,297.00,TRY
2026-03-28,icecek,İçim Tam Yağlı Süt 1 Lt,94.50,TRY
2026-03-28,icecek,"Jacobs 2 si 1 Arada 10,5 gr 16 lı Paket 168 Gr",131.00,TRY
2026-03-28,icecek,Jacobs 2 Si 1 Arada 14 Gr,10.50,TRY
2026-03-28,icecek,Jacobs 2’si 1 Arada 10’lu,110.00,TRY
2026-03-28,icecek,Jacobs 3 Ü 1 Arada Gold Yumuşak Lezzet 10 Lu Paket,174.50,TRY
2026-03-28,icecek,Jacobs 3 ü 1 Arada Yoğun 10 Adet,168.00,TRY
2026-03-28,icecek,Jacobs 3’ü 1 Arada 16’lı Paket,131.00,TRY
2026-03-28,icecek,Jacobs 3’ü 1 Arada Karışım Kahve 10’lu Paket,110.00,TRY
2026-03-28,icecek,Jacobs 3in1 Orginal 16 gr,10.50,TRY
2026-03-28,icecek,Jacobs Barista Classic Filtre Kahve 200gr,358.00,TRY
2026-03-28,icecek,Jacobs Barista Editions Filtre Kahve Medium 225 Gr,358.00,TRY
2026-03-28,icecek,Jacobs Barista Yoğun Filtre Kahve 200gr,358.00,TRY
2026-03-28,icecek,Jacobs Espresso 10 Intenso Nespresso Uyumlu Alüminyum Kapsül Kahve 10 Adet,275.00,TRY
2026-03-28,icecek,Jacobs Espresso 7 Classico Kapsül Kahve Nespresso Uyumlu 10 Kapsül,275.00,TRY
2026-03-28,icecek,Jacobs Gold 3’Ü 1 Arada Yumuşak Lezzet 18 Gr,18.50,TRY
2026-03-28,icecek,Jacobs Lungo 8 Intenso Nespresso Uyumlu Alüminyum Kapsül Kahve 10 Adet,276.00,TRY
2026-03-28,icecek,Jacobs Monarch Filtre Kahve 250 Gr,424.00,TRY
2026-03-28,icecek,Jacobs Monarch Gold Kahve 100 Gr,381.50,TRY
2026-03-28,icecek,Jacobs Origin Brazil Granül Kahve Cam Kavanoz 95 Gr,495.00,TRY
2026-03-28,icecek,Jacobs Selection Filtre Kahve 250g,424.00,TRY
2026-03-28,icecek,Jacobs Velvet Foam Granül Kahve 100 Gr,263.00,TRY
2026-03-28,icecek,Jacobs Velvet Gold Foam Kahve 70 Gr,222.00,TRY
2026-03-28,icecek,Kahve Dünyası Türk Kahvesi 100 Gr x 1 Adet,77.00,TRY
2026-03-28,icecek,Kahve Dünyası Türk Kahvesi 100 Gr x 12 Adet,884.00,TRY
2026-03-28,icecek,Karali Demliğin Beklediği Dökme Çay 5 Kg,2205.00,TRY
2026-03-28,icecek,Karali Kral Filiz Siyah Çay 5 Kg,1935.00,TRY
2026-03-28,icecek,Kent Boringer Freshers Elma 300Gr,84.50,TRY
2026-03-28,icecek,Kent Boringer Freshers Limon 300Gr,84.50,TRY
2026-03-28,icecek,Kilikya Şalgam Suyu Acı 1 Lt,61.50,TRY
2026-03-28,icecek,Kilikya Şalgam Suyu Acı 300 Ml,20.50,TRY
2026-03-28,icecek,Kilikya Şalgam Suyu Sade 300 Ml,20.50,TRY
2026-03-28,icecek,Kocatepe Damla Sakızı Aromalı Türk Kahvesi 100 Gr,183.00,TRY
2026-03-28,icecek,Kocatepe Dibek Kahvesi 100 Gr,183.00,TRY
2026-03-28,icecek,Kocatepe Premium Filtre Kahve 250 Gr,340.50,TRY
2026-03-28,icecek,Kocatepe Türk Kahvesi 100 Gr,96.00,TRY
2026-03-28,icecek,Kocatepe Türk Kahvesi 500 Gr Teneke,619.50,TRY
2026-03-28,icecek,Kocatepe Türk Kahvesi Folyo 1 Kg,1020.50,TRY
2026-03-28,icecek,Kurukahveci Mehmet Efendi Brazilian Filtre Kahve 250 Gr,337.00,TRY
2026-03-28,icecek,Kurukahveci Mehmet Efendi Colombian Filtre Kahve 250 Gr,387.00,TRY
2026-03-28,icecek,Kurukahveci Mehmet Efendi Etiyopya Öğütülmüş Filtre Kahve 250 Gr,433.00,TRY
2026-03-28,icecek,Kurukahveci Mehmet Efendi Kakao 250 Gram,474.00,TRY
2026-03-28,icecek,Kurukahveci Mehmet Efendi Kavrulmuş Espresso Çekirdek Kahve 1 Kg,1447.00,TRY
2026-03-28,icecek,Kurukahveci Mehmet Efendi Tek Fincanlık Türk Kahvesi 6 Gr 6 Lı,65.50,TRY
2026-03-28,icecek,Kurukahveci Mehmet Efendi Türk Kahvesi 100 Gr (1 adet),111.00,TRY
2026-03-28,icecek,Kurukahveci Mehmet Efendi Türk Kahvesi 100 Gr (25 adet),555.00,TRY
2026-03-28,icecek,Kurukahveci Mehmet Efendi Türk Kahvesi Teneke 250 Gr,378.50,TRY
2026-03-28,icecek,Kurukahveci Mehmet Efendi Türk Kahvesi Teneke 500 Gr,657.00,TRY
2026-03-28,icecek,Lipton 40Gr Yeşil Çay Limon,88.00,TRY
2026-03-28,icecek,Lipton Ada Çayı 30 Gr,87.00,TRY
2026-03-28,icecek,Lipton Doğu Karadeniz 100 Lü 200 Gr Bardak Poşet Çay,300.00,TRY
2026-03-28,icecek,Lipton Doğu Karadeniz 25 Li Bardak Poşet Çay 50 Gr,97.00,TRY
2026-03-28,icecek,Lipton Doğu Karadeniz Çayı 1 Kg,356.50,TRY
2026-03-28,icecek,Lipton Doğu Karadeniz Demlik Poşet Çay 150 Lı,256.00,TRY
2026-03-28,icecek,Lipton Doğu Karadeniz Demlik Poşet Çay 48 Adet 153 Gr,131.00,TRY
2026-03-28,icecek,Lipton Doğu Karadeniz Demlik Poşet Çay 500 ‘lü,830.00,TRY
2026-03-28,icecek,Lipton Doğu Karadeniz Dökme Çay 500 Gr,154.50,TRY
2026-03-28,icecek,Lipton Earl Grey Bardak Poşet Çay 100 Lü 200 Gr,327.00,TRY
2026-03-28,icecek,Lipton Earl Grey Bardak Poşet Çay 25 Li 50 Gr,118.50,TRY
2026-03-28,icecek,Lipton Earl Grey Demlik Poşet Çay 100 Lü 320 Gr,300.00,TRY
2026-03-28,icecek,Lipton Earl Grey Demlik Poşet Çay 250Li,514.00,TRY
2026-03-28,icecek,Lipton Earl Grey Demlik Poşet Çay 48 Li 153 Gr,148.50,TRY
2026-03-28,icecek,Lipton Earl Grey Dökme Çay 1 Kg,396.00,TRY
2026-03-28,icecek,Lipton Earl Grey Dökme Çay 500 Gr,237.50,TRY
2026-03-28,icecek,Lipton Ekstra Dem Demlik Poşet Çay 100 Lü 320 Gr,349.50,TRY
2026-03-28,icecek,Lipton Extra Dem Dökme Çay 500 Gr,260.50,TRY
2026-03-28,icecek,Lipton Ice Tea Karpuz 330 Cc,48.00,TRY
2026-03-28,icecek,Lipton Ice Tea Light Şeftali 330 Cc,48.00,TRY
2026-03-28,icecek,Lipton Ice Tea Limon 330 Cc,48.00,TRY
2026-03-28,icecek,Lipton Ice Tea Mango 330 Cc,48.00,TRY
2026-03-28,icecek,Lipton Ice Tea Şeftali 330 Cc,48.00,TRY
2026-03-28,icecek,Lipton Ihlamur Çayı 32 Gr,87.00,TRY
2026-03-28,icecek,Lipton Kuşburnu Çayı 40 Gr,87.50,TRY
2026-03-28,icecek,Lipton Mango & Ananaslı Yeşil Çay 20 Li,87.50,TRY
2026-03-28,icecek,Lipton Papatya Çayı 30 Gr,87.00,TRY
2026-03-28,icecek,Lipton Profesyonellere Özel Harman Dökme Çay 3 Kg,1091.00,TRY
2026-03-28,icecek,Lipton Profesyonellere Özel Jumbo Demlik Poşet Çay 30X25Gr,506.00,TRY
2026-03-28,icecek,Lipton Rezene Çayı 40 Gr,87.50,TRY
2026-03-28,icecek,Lipton Sade Yeşil Çay 40 Gr,87.50,TRY
2026-03-28,icecek,Lipton Slim Plus Kayısılı Bitki Çayı 20 Li,87.50,TRY
2026-03-28,icecek,Lipton Slim Plus Kiraz Saplı Bitki Çayı 20 Li,87.50,TRY
2026-03-28,icecek,Lipton Yellow Label Bardak Poşet Çay 100 Lü 200 Gr,327.00,TRY
2026-03-28,icecek,Lipton Yellow Label Bardak Poşet Çay 25 Li 50 Gr,114.00,TRY
2026-03-28,icecek,Lipton Yellow Label Demlik Poşet Çay 100 Lü 320 Gr,299.50,TRY
2026-03-28,icecek,Lipton Yellow Label Demlik Poşet Çay 150 Adet,284.00,TRY
2026-03-28,icecek,Lipton Yellow Label Demlik Poşet Çay 250Li,514.50,TRY
2026-03-28,icecek,Lipton Yellow Label Demlik Poşet Çay 48 Li 153 Gr,148.50,TRY
2026-03-28,icecek,Lipton Yellow Label Dökme Çay 1 Kg,365.50,TRY
2026-03-28,icecek,Lipton Yellow Label Dökme Çay 500 Gr,222.50,TRY
2026-03-28,icecek,Lipton Yumuşak İçimli Yeşil Çay 20 Gr,87.50,TRY
2026-03-28,icecek,Mehmet Efendi Colombian Filtre Kahve 80 G,118.00,TRY
2026-03-28,icecek,Mehmet Efendi Kafeinsiz Türk Kahvesi 50 Gr,128.50,TRY
2026-03-28,icecek,Meysu %100 Portakal Suyu 1 Lt,115.00,TRY
2026-03-28,icecek,Meysu %100 Üzüm Suyu 1 Lt x 1 Adet,119.00,TRY
2026-03-28,icecek,Meysu %100 Üzüm Suyu 1 Lt x 12 Adet,1360.00,TRY
2026-03-28,icecek,Meysu Ananas Meyve Suyu 1 Lt,81.50,TRY
2026-03-28,icecek,Meysu Elma Meyve Suyu 1 Lt,88.00,TRY
2026-03-28,icecek,Meysu Karışık Meyve Suyu 1 Lt,81.50,TRY
2026-03-28,icecek,Meysu Kayısı Meyve Suyu 1 Litre,81.50,TRY
2026-03-28,icecek,Meysu Mango Meyve Suyu 1 Lt,79.50,TRY
2026-03-28,icecek,Meysu Meyve Suyu Kayısı 200 Ml 6 Lı Paket,115.00,TRY
2026-03-28,icecek,Meysu Meyve Suyu Şeftali 200 Ml 6 Lı Paket,115.00,TRY
2026-03-28,icecek,Meysu Meyve Suyu Vişne 200 Ml 6 Lı Paket,115.00,TRY
2026-03-28,icecek,Meysu Nar Meyve Suyu 1 Lt,81.50,TRY
2026-03-28,icecek,Meysu Şeftali Nektarı 1 Lt,81.50,TRY
2026-03-28,icecek,Meysu Vişne Meyve Suyu 1 Lt,81.50,TRY
2026-03-28,icecek,Nescafe 2 Si 1 Arada 10 Adet 10 Gr,105.00,TRY
2026-03-28,icecek,Nescafe 2 Si 1 Arada 10 Gr,14.35,TRY
2026-03-28,icecek,"Nescafe 3 Ü 1 Arada 17,5 Gr",14.40,TRY
2026-03-28,icecek,Nescafe 3 Ü 1 Arada Ekstra 10 Lu,107.00,TRY
2026-03-28,icecek,"Nescafe 3 Ü 1 Arada Ekstra 16,5 Gr",14.40,TRY
2026-03-28,icecek,Nescafe Classic Eko Paket 200 Gr,413.40,TRY
2026-03-28,icecek,Nescafe Gold 14’lü Paket 2 gr,177.50,TRY
2026-03-28,icecek,Nescafe Gold Eko 50 Gr,218.50,TRY
2026-03-28,icecek,Nescafe Gold Filtre Kahve 250 Gr,340.00,TRY
2026-03-28,icecek,Nescafe Gold Kahve 100 Gr Cam Kavanoz,519.00,TRY
2026-03-28,icecek,Nescafe Gold Kahve 100 Gr Ekonomik,285.80,TRY
2026-03-28,icecek,Nescafe Gold Kahve 200 Gr Cam Kavanoz,1030.50,TRY
2026-03-28,icecek,Nescafe Gold Kahve 200 Gr Ekonomik,598.80,TRY
2026-03-28,icecek,Nescafe Gold Kahve 900 Gr Teneke,2216.00,TRY
2026-03-28,icecek,Nescafe Klasik Kahve 1 Kg Teneke,1717.00,TRY
2026-03-28,icecek,Nescafe Klasik Kahve 100 Gr Cam Kavanoz,325.60,TRY
2026-03-28,icecek,Nescafe Klasik Kahve 100 Gr Ekonomik,249.10,TRY
2026-03-28,icecek,Nescafe Klasik Kahve 200 Gr Cam Kavanoz,539.80,TRY
2026-03-28,icecek,"Nescafe Mocha 17,9 Gr",18.00,TRY
2026-03-28,icecek,Nescafe Original 3’ü 1 Arada 10’lu Hazır Kahve,100.50,TRY
2026-03-28,icecek,"Nescafe Sütlü Köpüklü 10 X 17,4 Gr",105.00,TRY
2026-03-28,icecek,"Nescafe Sütlü Köpüklü 17,4 Gr",14.35,TRY
2026-03-28,icecek,Nescafe Xpress Americano 250 Ml,66.00,TRY
2026-03-28,icecek,Nescafe Xpress Cafe Latte 250 Ml,69.00,TRY
2026-03-28,icecek,Nescafe Xpress Çikolata 250 Ml,68.80,TRY
2026-03-28,icecek,Nescafe Xpress Latte Orijinal Tat 250 Ml,66.70,TRY
2026-03-28,icecek,Nescafe Xpress Vanilya 250 Ml,68.80,TRY
2026-03-28,icecek,Nestle Cappucino 14 Gr x 1 Adet,17.60,TRY
2026-03-28,icecek,Nestle Cappucino 14 Gr x 24 Adet,432.00,TRY
2026-03-28,icecek,Nestle Coffee Mate Kahve Kreması 170 Gr,119.50,TRY
2026-03-28,icecek,Nestle Coffee Mate Kahve Kreması 2 Kg,989.50,TRY
2026-03-28,icecek,Nestle Coffee Mate Kahve Kreması Eko 200 Gr,150.00,TRY
2026-03-28,icecek,Nestle Coffee Mate Kahve Kreması Eko 500 Gr,296.50,TRY
2026-03-28,icecek,Nestle Nesquik Kakaolu Süt 6 X 180 Ml,151.50,TRY
2026-03-28,icecek,Nestle Salep 15 Gr,14.00,TRY
2026-03-28,icecek,"Nestle Sıcak Çikolata 18,5 gr 1 adet",16.00,TRY
2026-03-28,icecek,"Nestle Sıcak Çikolata 18,5 gr 24’lü Paket",368.00,TRY
2026-03-28,icecek,Ofçay Hazine Zengin Dem Demlik Poşet Çay 30Gr X 30 Lu,555.50,TRY
2026-03-28,icecek,Osso Dibek Kahvesi 200 Gr,112.50,TRY
2026-03-28,icecek,Osso Osmanlı Kahvesi 200 Gr,112.50,TRY
2026-03-28,icecek,Pınar Biodenge Laktozsuz Süt 1 Lt,100.50,TRY
2026-03-28,icecek,Pınar Kahveli Protein Süt 500 Ml,103.50,TRY
2026-03-28,icecek,Pınar Laktozsuz Süt 200 Ml,35.00,TRY
2026-03-28,icecek,Pınar Organik Süt 200 Ml,35.00,TRY
2026-03-28,icecek,Pınar Protein Çilekli Süt 500 Ml,103.50,TRY
2026-03-28,icecek,Pınar Protein Kakaolu Süt 500 Ml,103.50,TRY
2026-03-28,icecek,Pınar Protein Muzlu Ve Yer Fıstıklı Süt 500 Ml,103.50,TRY
2026-03-28,icecek,Pınar Protein Vanilyalı Süt 500 Ml,103.50,TRY
2026-03-28,icecek,Pınar Süt %1 Yağlı 1 Lt,84.50,TRY
2026-03-28,icecek,Pınar Tam Yağlı Süt 1Lt,99.00,TRY
2026-03-28,icecek,Poli Toz İçecek Elmalı 300 Gr,54.00,TRY
2026-03-28,icecek,Poli Toz İçecek Karadut 300 Gr,54.50,TRY
2026-03-28,icecek,Poli Toz İçecek Kekik 300 Gr,54.50,TRY
2026-03-28,icecek,Poli Toz İçecek Kivi 300 Gr,54.00,TRY
2026-03-28,icecek,Poli Toz İçecek Kuşburnu 300 Gr,54.00,TRY
2026-03-28,icecek,Poli Toz İçecek Limon 300 Gr,54.00,TRY
2026-03-28,icecek,Poli Toz İçecek Nane Limon 250 Gr,50.50,TRY
2026-03-28,icecek,Poli Toz İçecek Portakal 300 Gr,54.00,TRY
2026-03-28,icecek,Poli Toz İçecek Soğuk Limon 450 Gr,112.00,TRY
2026-03-28,icecek,Poli Toz İçecek Soğuk Portakal 450 Gr,112.00,TRY
2026-03-28,icecek,Poli Toz İçecek Sütlü Muz 250 Gr,50.50,TRY
2026-03-28,icecek,Poli Toz İçecek Sütlü Salep 250 Gr,50.50,TRY
2026-03-28,icecek,Poli Toz İçecek Tarçın 300 Gr,54.00,TRY
2026-03-28,icecek,Powerade Ice Blast Enerji İçeceği Pet 500 Ml,61.00,TRY
2026-03-28,icecek,Red Bull Blue Enerji İçeceği 250 Ml,76.00,TRY
2026-03-28,icecek,Red Bull Enerji İçeceği 355 Ml,119.50,TRY
2026-03-28,icecek,Red Bull Enerji İçeceği 473 Ml,152.00,TRY
2026-03-28,icecek,Red Bull Klasik Enerji İçeceği 250 Ml,76.00,TRY
2026-03-28,icecek,Red Bull Şekersiz Enerji İçeceği 250 Ml,76.00,TRY
2026-03-28,icecek,Red Bull Summer Enerji İçeceği Şeftali 250 Ml,76.00,TRY
2026-03-28,icecek,Red Bull White Enerji İçeceği 250 Ml,76.00,TRY
2026-03-28,icecek,Schweppes Mandalina Şişe 250 Ml,62.50,TRY
2026-03-28,icecek,Sprite Teneke 250 Ml,49.50,TRY
2026-03-28,icecek,Sütaş Çilekli Süt 6 X 180 Ml,124.50,TRY
2026-03-28,icecek,Sütaş Kakaolu 6 X 180 Ml,125.50,TRY
2026-03-28,icecek,Sütaş Muzlu Süt 6 X 180 Ml,128.00,TRY
2026-03-28,icecek,Sütaş Tam Yağlı Süt 1 Lt,90.00,TRY
2026-03-28,icecek,Sütaş Tam Yağlı Süt 6 X 180 Ml,125.50,TRY
2026-03-28,icecek,Sütaş Yarım Yağlı Süt 1 Lt,71.50,TRY
2026-03-28,icecek,Tchibo Beyaz Kağıt Filtre 4 Numara 80 Adet,173.00,TRY
2026-03-28,icecek,Tchibo Cafissimo Caffe Crema Rich Aroma 10’lu Kapsül Kahve,348.00,TRY
2026-03-28,icecek,Tchibo Gold Selection Çözünebilir Kahve 100 Gr,432.00,TRY
2026-03-28,icecek,Tchibo Gold Selection Çözünebilir Kahve Ekonomik Paket 75 g,177.50,TRY
2026-03-28,icecek,Tchibo Gold Selection Öğütülmüş Filtre Kahve 250 Gr,353.00,TRY
2026-03-28,icecek,Tchibo Privat Kaffee African Blue Öğütülmüş Filtre Kahve 250 g,754.00,TRY
2026-03-28,icecek,Tchibo Privat Kaffee Brazil Mild Öğütülmüş Filtre Kahve 250 g,755.00,TRY
2026-03-28,icecek,Tchibo Privat Kaffee Latin Grande Öğütülmüş Filtre Kahve 250 g,754.00,TRY
2026-03-28,icecek,Tchibo Türk Kahvesi 100Gr,89.50,TRY
2026-03-28,icecek,Teksüt Yarım Yağlı Süt 1 Lt,69.50,TRY
2026-03-28,icecek,Torku Kakaolu Süt 6X180 Ml,142.50,TRY
2026-03-28,icecek,Torku Muzlu Süt 6 X 180 Ml,136.00,TRY
2026-03-28,icecek,Torku Süt Yarım Yağlı 1 Lt,74.00,TRY
2026-03-28,icecek,Ülker Cafe Crown 2 Si 1 Arada Fındık,13.00,TRY
2026-03-28,icecek,Ülker Cafe Crown 2 Si 1 Arada Sade,13.00,TRY
2026-03-28,anne-bebek,Aptamil Devam Sütü Maması No2 6-9 Ay 350 Gr,744.00,TRY
2026-03-28,anne-bebek,Dalin 3 Lü Bebek Sabunu 300 Gr,120.00,TRY
2026-03-28,anne-bebek,Dalin Bebe Yağı 300 Ml,232.00,TRY
2026-03-28,anne-bebek,Dalin Islak Havlu 3 X 56,148.00,TRY
2026-03-28,anne-bebek,Dalin Kolay Tarama Spreyi 200 Ml,200.00,TRY
2026-03-28,anne-bebek,Dalin Şampuan 200 Ml,105.00,TRY
2026-03-28,anne-bebek,Dalin Şampuan 500 Ml,197.50,TRY
2026-03-28,anne-bebek,Dalin Vazelin 100 Ml,172.50,TRY
2026-03-28,anne-bebek,Eyüp Sabri Tuncer Zeytinyağlı Bebe Şampuanı 600 Ml,322.50,TRY
2026-03-28,anne-bebek,Hero Baby Karışık Meyveli Yulaflı Kavanoz Maması 120 Gr,61.00,TRY
2026-03-28,anne-bebek,Hero Baby Mandalinalı Armutlu Kavanoz Maması 120 Gr,61.00,TRY
2026-03-28,anne-bebek,Hero Baby Sütlü Meyveli 8 Tahıllı Kaşık Maması 400 Gr,293.50,TRY
2026-03-28,anne-bebek,Hipp 1 Organik Combiotic Bebek Sütü 350 Gr,904.50,TRY
2026-03-28,anne-bebek,Hipp 2 Organik Combiotic Devam Sütü 350 Gr,904.50,TRY
2026-03-28,anne-bebek,Hipp 3 Organik Combiotic Devam Sütü 350 Gr,904.50,TRY
2026-03-28,anne-bebek,Hipp Organik 5 Tahıllı Tahıl Bazlı Ek Gıda 200 Gr,232.50,TRY
2026-03-28,anne-bebek,Hipp Organik Armut Püresi 125 Gr,123.50,TRY
2026-03-28,anne-bebek,Hipp Organik Bebek Bisküvisi 180 Gr,205.50,TRY
2026-03-28,anne-bebek,Hipp Organik Elma Püresi 125 Gr,117.50,TRY
2026-03-28,anne-bebek,Hipp Organik Erik Püresi 125 Gr,123.50,TRY
2026-03-28,anne-bebek,Hipp Organik İyi Geceler Sütlü Elmalı Tahıllı Kaşık Maması 250 Gr,260.50,TRY
2026-03-28,anne-bebek,Hipp Organik Kayısı Püresi 125 Gr,117.50,TRY
2026-03-28,anne-bebek,Hipp Organik Pirinçli Tahıl Bazlı Ek Gıda 200 Gr,232.50,TRY
2026-03-28,anne-bebek,Hipp Organik Şeftali Püresi 125 Gr,123.50,TRY
2026-03-28,anne-bebek,Hipp Organik Yulaflı Tahıl Bazlı Ek Gıda 200 Gr,232.50,TRY
2026-03-28,anne-bebek,Johnson’s Baby Bebek Losyonu 300 Ml,304.00,TRY
2026-03-28,anne-bebek,Johnson’s Baby Bedtime Bebek Sabunu 90 Gr,59.50,TRY
2026-03-28,anne-bebek,Johnson’s Baby Bedtime Yağı 200 Ml,189.50,TRY
2026-03-28,anne-bebek,Johnson’s Baby Işıldayan Parlaklık Saç Şampuanı 750 Ml,371.50,TRY
2026-03-28,anne-bebek,Johnson’s Baby Işıldayan Parlaklık Şampuanı 500 Ml,277.00,TRY
2026-03-28,anne-bebek,Johnson’s Baby Normal Bebe Yağı 300 Ml,263.50,TRY
2026-03-28,anne-bebek,Johnson’s Baby Şampuan 200 Ml,89.50,TRY
2026-03-28,anne-bebek,Johnson’s Baby Şampuan 750 Ml,183.00,TRY
2026-03-28,anne-bebek,Johnson’s Baby Söz Dinleyen Kolay Tarama Saç Spreyi 500 Ml,277.00,TRY
2026-03-28,anne-bebek,Johnson’s Baby Süt Sabunu 100 Gr,59.50,TRY
2026-03-28,anne-bebek,Johnson’s Bebek Nemlendirici Jel Yağ 200 Ml,362.50,TRY
2026-03-28,anne-bebek,Molfix Bebek Bezi 3 Beden Midi 68 Adet,395.50,TRY
2026-03-28,anne-bebek,Molfix Bebek Bezi 4 Beden Maxi Fırsat Paketi 60 Adet,395.50,TRY
2026-03-28,anne-bebek,Molfix Bebek Bezi 5 Beden Junior Fırsat Paketi 48 Adet,395.50,TRY
2026-03-28,anne-bebek,Molfix Bebek Bezi Junior Plus 5+ Beden 44 Adet,395.50,TRY
2026-03-28,anne-bebek,Molfix Fırsat Paket 6 Beden 38 Adet Ekstra Large,395.50,TRY
2026-03-28,anne-bebek,Molfix Junior 5 Beden Bebek Bezi 78 Adet,549.00,TRY
2026-03-28,anne-bebek,Prima Bebek Bezi Aktif Bebek 3 Beden Midi Fırsat Paketi 62 Adet,803.00,TRY
2026-03-28,anne-bebek,Prima Bebek Bezi Aktif Bebek 4 Beden Maxi Fırsat Paketi 54 Adet,803.00,TRY
2026-03-28,anne-bebek,Prima Bebek Bezi Aktif Bebek 5 Beden Junior Fırsat Paketi 46 Adet,803.00,TRY
2026-03-28,anne-bebek,Prima Bebek Bezi Aktif Bebek 6 Beden Ekstra Large Fırsat Paketi 40 Adet,795.00,TRY
2026-03-28,anne-bebek,Prima Bebek Bezi Aktif Bebek 8 Beden Fırsat Paketi 31 Adet,803.00,TRY
2026-03-28,anne-bebek,Prima Mayo Bebek Bezi 4-5 Beden 11 Li,327.00,TRY
2026-03-28,anne-bebek,Prima Mayo Bebek Bezi 5-6 Beden 10 Lu,327.00,TRY
2026-03-28,anne-bebek,Prima Premium Care Bebek Bezi 1 Beden Ekonomik Paket 70 Adet,814.00,TRY
2026-03-28,anne-bebek,Prima Premium Care Bebek Bezi 2 Beden Mini Ekonomik Paket 60 Adet,814.00,TRY
2026-03-28,anne-bebek,Prima Premium Care Bebek Bezi 3 Beden Midi Ekonomik Paket 52 Adet,814.00,TRY
2026-03-28,anne-bebek,Prima Premium Care Bebek Bezi 4 Beden Maxi Ekonomik Paket 46 Adet,814.00,TRY
2026-03-28,anne-bebek,Prima Premium Care Bebek Bezi 5 Beden Junior Ekonomik Paket 42 Adet,814.00,TRY
2026-03-28,anne-bebek,Prima Premium Care Bebek Bezi 6 Beden Ekstra Large 35 Adet,817.00,TRY
2026-03-28,anne-bebek,Sleepy Bebek Bezi Bio Natural 4 Numara Maxi 82’li Fırsat Paket,579.00,TRY
2026-03-28,anne-bebek,Sleepy Bio Natural 2’li Fırsat Paketi Bebek Bezi 6 Numara XL 46 Adet,674.00,TRY
2026-03-28,anne-bebek,SMA 1 Optipro Bebek Sütü 400 Gr,691.00,TRY
2026-03-28,anne-bebek,SMA 1 Optipro Bebek Sütü 800 Gr,1270.00,TRY
2026-03-28,anne-bebek,SMA 2 Optipro Devam Sütü 400 Gr,691.00,TRY
2026-03-28,anne-bebek,SMA 2 Optipro Devam Sütü 800 Gr,1270.00,TRY
2026-03-28,anne-bebek,SMA 2 Optipro Probiyotikli 6-12 Ay Devam Sütü (500 Gr X 2 Paket) 1 Kg,1750.00,TRY
2026-03-28,anne-bebek,SMA 3 Optipro Devam Sütü (1-3 Yaş) Kutu 1200 Gr,1682.00,TRY
2026-03-28,anne-bebek,Uni Baby Aile Islak Mendil 3 X 52 Adet,90.00,TRY
2026-03-28,anne-bebek,Uni Baby Aile Islak Mendil 90 Lı,45.50,TRY
2026-03-28,anne-bebek,Uni Baby Bebek Kolonyası Bahar Çiçekleri 150 ml,93.00,TRY
2026-03-28,anne-bebek,Uni Baby Kolay Tarama Şampuanı 700 Ml,192.00,TRY
2026-03-28,anne-bebek,Uni Baby Şampuan 700 Ml,184.50,TRY
2026-03-28,kisisel-bakim,"Activex Antibakteriyel Sıvı Sabun Aktif 1,5 Lt",342.00,TRY
2026-03-28,kisisel-bakim,"Activex Hassas Antibakteriyel Sıvı Sabun 1,5 Lt",314.00,TRY
2026-03-28,kisisel-bakim,Arko Cool Tıraş Kolonyası 250 Ml,196.00,TRY
2026-03-28,kisisel-bakim,Arko Cool Tıraş Köpüğü 200 Ml,189.00,TRY
2026-03-28,kisisel-bakim,Arko Extra Sensitive Tıraş Köpüğü 200 Ml,189.00,TRY
2026-03-28,kisisel-bakim,Arko Klasik Yağlı Krem 20 Cc,45.50,TRY
2026-03-28,kisisel-bakim,Arko Krem Değerli Yağlar Serisi Avokado 60 Ml,100.00,TRY
2026-03-28,kisisel-bakim,Arko Krem Değerli Yağlar Serisi Zeytinyağlı 60 Ml,100.00,TRY
2026-03-28,kisisel-bakim,Arko Krem Nemlendirici Soft Bakım 60 Ml,84.50,TRY
2026-03-28,kisisel-bakim,Arko Krem Prebiyotik Yulaf Sütü 250Ml,190.00,TRY
2026-03-28,kisisel-bakim,Arko Men Anti-Irritation Tıraş Jeli 200 Ml,257.00,TRY
2026-03-28,kisisel-bakim,Arko Men Banyo Tıraş Bıçağı 5 Li,92.00,TRY
2026-03-28,kisisel-bakim,Arko Men Cool Tıraş Kremi 100 Gr,95.00,TRY
2026-03-28,kisisel-bakim,Arko Men Sensitive Tıraş Kremi 100 Gr,95.00,TRY
2026-03-28,kisisel-bakim,Arko Men T1 Tıraş Bıçağı 10Lu Kullan At Bıçak,170.00,TRY
2026-03-28,kisisel-bakim,Arko Nem Değerli Yağlar Avokadolu El Ve Vücut Kremi 250 Ml,190.00,TRY
2026-03-28,kisisel-bakim,Arko Nem Değerli Yağlar Hindistan Cevizli El Ve Vücut Kremi 250 Ml,190.00,TRY
2026-03-28,kisisel-bakim,Arko Nem Değerli Yağlar Zeytinyağlı El Ve Vücut Kremi 250 Ml,190.00,TRY
2026-03-28,kisisel-bakim,Arko Nem Ekstra Nemlendirici Gliserinli Bakım Kremi 250 Ml,170.00,TRY
2026-03-28,kisisel-bakim,Arko Nem Soft Touch Krem 250 Ml,170.00,TRY
2026-03-28,kisisel-bakim,Arko Tıraş Jeli 2 İn 1 Black 200 Ml,257.00,TRY
2026-03-28,kisisel-bakim,Arko Tıraş Jeli Cool 200 Ml,257.00,TRY
2026-03-28,kisisel-bakim,Arko Tıraş Kolonyası Black Edition 255 ml,196.00,TRY
2026-03-28,kisisel-bakim,Arko Tıraş Kolonyası Platinum 255 ml,196.00,TRY
2026-03-28,kisisel-bakim,Arko Tıraş Köpüğü Anti-İrritation 200 Ml,196.00,TRY
2026-03-28,kisisel-bakim,Arko Tıraş Köpüğü Black 200 Ml,196.00,TRY
2026-03-28,kisisel-bakim,Arko Tıraş Sabunu 75 Gr,94.00,TRY
2026-03-28,kisisel-bakim,Axe Deodorant Apollo 150 Ml Erkek,231.00,TRY
2026-03-28,kisisel-bakim,Axe Deodorant Black 150 Ml Erkek,231.00,TRY
2026-03-28,kisisel-bakim,Axe Deodorant Dark Temptation Chocolate 150 Ml Erkek,231.00,TRY
2026-03-28,kisisel-bakim,Axe Deodorant You 150 Ml Erkek,231.00,TRY
2026-03-28,kisisel-bakim,Axe Erkekler İçin Sprey Deodorant Ice Chill 150 Ml,231.00,TRY
2026-03-28,kisisel-bakim,Bambino 70 Li Makyaj Pamuğu,33.00,TRY
2026-03-28,kisisel-bakim,Bioblas 200Ml Sıvı Sbk Saç Dökülme Karşıtı,222.00,TRY
2026-03-28,kisisel-bakim,Bioblas Botanic Oils Argan Saç Bakım Yağı 100 Ml,262.50,TRY
2026-03-28,kisisel-bakim,Bioblas Saç Dökülmesi Ve Yağlanmaya Karşı Şampuan 360 Ml,144.00,TRY
2026-03-28,kisisel-bakim,Bioblas Saç Dökülmesine Karşı Siyah Sarımsak Şampuanı 1000 Ml,297.00,TRY
2026-03-28,kisisel-bakim,Bioblas Saç Dökülmesine Karşı Yavaş Uzayan Saçlar İçin Şampuan 360 Ml,144.00,TRY
2026-03-28,kisisel-bakim,Bioblas Tüm Saçlar İçin Argan Şampuanı 360 Ml,144.00,TRY
2026-03-28,kisisel-bakim,Blendax Badem Yağı Özlü Şampuan 500 Ml,123.00,TRY
2026-03-28,kisisel-bakim,Blendax Erkek Kepeğe Karşı Etkili Şampuan 500 Ml,123.00,TRY
2026-03-28,kisisel-bakim,Bonhair Saç Jölesi 700 Ml,157.00,TRY
2026-03-28,kisisel-bakim,Bonhair Styling Wax Gum Gel 700 Ml,187.00,TRY
2026-03-28,kisisel-bakim,Caldion Bay Deodorant 150 Ml,127.00,TRY
2026-03-28,kisisel-bakim,Caldion Bayan Deodorant 150 Ml,127.00,TRY
2026-03-28,kisisel-bakim,Caldion Classic Bayan Set 50 Ml Parfüm Edt + 150 Ml Deodorant,660.50,TRY
2026-03-28,kisisel-bakim,Caldion Edt Erkek 100 Ml + Deodorant 150 Ml,724.50,TRY
2026-03-28,kisisel-bakim,Caldion Erkek Roll-On 50 Ml,122.00,TRY
2026-03-28,kisisel-bakim,Caldion Kadın Roll-On 50 Ml,122.00,TRY
2026-03-28,kisisel-bakim,Canbebe Bebek Bakım Örtüsü 8 Adet,145.50,TRY
2026-03-28,kisisel-bakim,Canped Belbantlı Hasta Bezi Extra Küçük 30 Lu,756.50,TRY
2026-03-28,kisisel-bakim,Canped Emici Külot Büyük Boy 8 Li,298.00,TRY
2026-03-28,kisisel-bakim,Canped Emici Külot Ekstra Large 8 Li,298.00,TRY
2026-03-28,kisisel-bakim,Canped Emici Külot Orta Boy 9 Lu,288.00,TRY
2026-03-28,kisisel-bakim,Canped Günlük Mesane Pedi Büyük 10 Lu,220.50,TRY
2026-03-28,kisisel-bakim,Canped Günlük Mesane Pedi Orta Boy 10 Lu,220.50,TRY
2026-03-28,kisisel-bakim,Canped Kulotlu Mesane Pedı L 9Lu,404.50,TRY
2026-03-28,kisisel-bakim,Canped Kulotlu Mesane Pedı M 10Lu,393.00,TRY
2026-03-28,kisisel-bakim,Canped Mesane Pedi Büyük Boy Yoğun 20’Li Avantaj Paketi,401.50,TRY
2026-03-28,kisisel-bakim,Canped Mesane Pedı Avantaj M 20Lı,401.50,TRY
2026-03-28,kisisel-bakim,Canped Ultra Mesane Pedi 10 Lu,245.00,TRY
2026-03-28,kisisel-bakim,Canped Yatak Koruyucu Örtü 60*90 Cm 10’lu,167.50,TRY
2026-03-28,kisisel-bakim,Canped Yatak Koruyucu Ortu 80*180 Cm 10Lu,289.00,TRY
2026-03-28,kisisel-bakim,Cansın Yara Bandı 5 Li,30.00,TRY
2026-03-28,kisisel-bakim,Colgate 360 İnter Diş Arası Temizliği Orta 1+1,106.50,TRY
2026-03-28,kisisel-bakim,Colgate 360 Komple Ağız Temizliği Diş Fırçası Orta 1+1,368.00,TRY
2026-03-28,kisisel-bakim,Colgate 360 Optik Beyaz Diş Fırçası Orta 1+1,368.00,TRY
2026-03-28,kisisel-bakim,Colgate 360 Visible White Beyazlatıcı Orta Diş Fırçası,106.50,TRY
2026-03-28,kisisel-bakim,Colgate Çocuk Diş Fırçası Barbi – Spiderman 2 – 5 Yaş,223.50,TRY
2026-03-28,kisisel-bakim,Colgate Çocuk Diş Macunu 50 Ml,177.50,TRY
2026-03-28,kisisel-bakim,Colgate Diş Fırçası Çocuk,151.50,TRY
2026-03-28,kisisel-bakim,Colgate Diş Fırçası Extra Clean 2+1,189.50,TRY
2026-03-28,kisisel-bakim,Colgate Diş Macunu Gelişmiş Beyazlık 50Ml,51.50,TRY
2026-03-28,kisisel-bakim,Colgate Ekstra Clean Diş Fırçası 1+1,138.00,TRY
2026-03-28,kisisel-bakim,Colgate Ekstra Clean Diş Fırçası 2+1,198.50,TRY
2026-03-28,kisisel-bakim,Colgate Maksimum Anti Çürük Diş Macunu 75 Ml,105.00,TRY
2026-03-28,kisisel-bakim,Colgate Maksimum White Kalıcı Beyazlık Diş Macunu 75 Ml,162.50,TRY
2026-03-28,kisisel-bakim,Colgate Mikro İnce Siyah Diş Fırçası 1+1,350.50,TRY
2026-03-28,kisisel-bakim,Colgate Minions Çocuk Diş Fırçası 6+ Yaş,229.00,TRY
2026-03-28,kisisel-bakim,Colgate Optik Beyaz Diş Macunu 75 Ml,324.50,TRY
2026-03-28,kisisel-bakim,Colgate Plax Buz Serinliği Alkolsüz Gargara 500 Ml,298.00,TRY
2026-03-28,kisisel-bakim,Colgate Plax Çay Ve Limon Ağız Bakım Suyu 500 Ml,209.50,TRY
2026-03-28,kisisel-bakim,Colgate Plax Nane Ferahlığı 250 Ml,187.00,TRY
2026-03-28,kisisel-bakim,Colgate Total Gelişmiş Beyazlık Diş Macunu 75 Ml,251.50,TRY
2026-03-28,kisisel-bakim,Colgate Üçlü Etki Diş Macunu 150 Ml X 2 – İkili Paket,205.50,TRY
2026-03-28,kisisel-bakim,Colgate Üçlü Etki Orta Diş Fırçası,89.50,TRY
2026-03-28,kisisel-bakim,Corega Diş Protezi Temizleyici Tablet 30 Adet,270.00,TRY
2026-03-28,kisisel-bakim,Dalan Antik Defneli Zeytinyağı Sabunu 900 Gr,178.00,TRY
2026-03-28,kisisel-bakim,Dalan Antik Geleneksel Zeytinyağlı Sabun 900 Gr,131.00,TRY
2026-03-28,kisisel-bakim,Dalan D Olive Zeytinyağlı Yoğun Bakım El Vücut Kremi 20 Ml,24.50,TRY
2026-03-28,kisisel-bakim,Dalan Geleneksel Beyaz Sabun Klasik 600 Gr,147.50,TRY
2026-03-28,kisisel-bakim,Dalan Lavanta Banyo Sabunu 600 Gr,147.50,TRY
2026-03-28,kisisel-bakim,Dalan Leylak Sıvı Sabun 3 Lt,195.00,TRY
2026-03-28,kisisel-bakim,Dalan Sabun Botanica Frezya 600Gr,110.50,TRY
2026-03-28,kisisel-bakim,Dalan Sıvı Sabun Bahar Çiçekleri 3 Lt,195.00,TRY
2026-03-28,kisisel-bakim,Dalan Zeytinyağlı Banyo Sabunu 600 Gr,147.50,TRY
2026-03-28,kisisel-bakim,Dalan Zeytinyağlı Sıvı Sabun 3 Lt,195.00,TRY
2026-03-28,kisisel-bakim,Dalin Bıcı Bıcı Bebek Kolonyası 150 Ml,126.50,TRY
2026-03-28,kisisel-bakim,Dalin Kulak Temizleme Çubuğu 100 Lü,80.50,TRY
2026-03-28,kisisel-bakim,Derby Banyo Kullan At Tıraş Bıçağı 5 Li,82.00,TRY
2026-03-28,kisisel-bakim,Derby Kopuk Limon 200 Ml,96.00,TRY
2026-03-28,kisisel-bakim,Derby Lady Platinum 3 Lü,168.50,TRY
2026-03-28,kisisel-bakim,Derby Lady Tıraş Bıçağı 5 Li Poşet,88.00,TRY
2026-03-28,kisisel-bakim,Derby Nemlendiricili Tıraş Köpüğü Mentol 200 Ml,96.00,TRY
2026-03-28,kisisel-bakim,Derby Nemlendiricili Tıraş Köpüğü Normal 200 Ml,96.00,TRY
2026-03-28,kisisel-bakim,Derby Samurai 3 5 Lı Poşet,175.00,TRY
2026-03-28,kisisel-bakim,Derby Samurai 3 Platinum Tıraş Bıçağı 3 Lü,168.00,TRY
2026-03-28,kisisel-bakim,Derby Samurai 3 Platinum Tıraş Bıçağı 6 Lı,265.00,TRY
2026-03-28,kisisel-bakim,Derby Samurai Platinum 2 Blister 6’Lı,165.00,TRY
2026-03-28,kisisel-bakim,Derby Tek Bıçaklı Tıraş Bıçağı 5 Li,82.00,TRY
2026-03-28,kisisel-bakim,Dove Aloe Vera Kepeğe Karşı Şampuan 400 Ml,167.50,TRY
2026-03-28,kisisel-bakim,Dove Argan Yağı Onarıcı Bakım Şampuan 400 Ml,167.50,TRY
2026-03-28,kisisel-bakim,Dove Besleyici Bakım Şampuan 400 Ml,167.50,TRY
2026-03-28,kisisel-bakim,Dove Cream Bar Sabun Original 90 Gr,61.00,TRY
2026-03-28,kisisel-bakim,Dove Cream Bar Sabun Pink 90 Gr,61.00,TRY
2026-03-28,kisisel-bakim,Dove Even Tone Kadın Deodorant 150 Ml,282.50,TRY
2026-03-28,kisisel-bakim,Dove Gentle Exfoliating Beauty Cream Bar Sabun 90 Gr,59.00,TRY
2026-03-28,kisisel-bakim,Dove Go Fresh Touch Sabun 90 Gr,61.00,TRY
2026-03-28,kisisel-bakim,Dove Hindistan Cevizi Yağı Şampuan 400 Ml,167.50,TRY
2026-03-28,kisisel-bakim,Dove Invisible Dry Kadın Deodorant 150 Ml,282.50,TRY
2026-03-28,kisisel-bakim,Dove Invisible Dry Stick Deodorant Kadın 40Ml,220.50,TRY
2026-03-28,kisisel-bakim,Dove Men Erkek Deodorant Stick Invisible Dry,222.00,TRY
2026-03-28,kisisel-bakim,Dove Original Kadın Roll-On 50 Ml,281.50,TRY
2026-03-28,kisisel-bakim,Dove Original Kadın Sprey Deodorant 150 Ml,282.50,TRY
2026-03-28,kisisel-bakim,Dove Uzun Saç Terapisi Şampuan 400 Ml,167.50,TRY
2026-03-28,kisisel-bakim,Dove Yoğun Onarıcı Şampuan 400 Ml,167.50,TRY
2026-03-28,kisisel-bakim,Duru Beyaz Sabun 600 Gr,168.00,TRY
2026-03-28,kisisel-bakim,Duru Duş Sabun Zeytin Yağı Özü 5X150 Gr,186.00,TRY
2026-03-28,kisisel-bakim,Duru Fresh Çiçek Tazeliği Güzellik Sabunu 4 X 110 Gr,151.00,TRY
2026-03-28,kisisel-bakim,Duru Fresh Ocean Güzellik Sabunu 4 X 110 Gr,151.00,TRY
2026-03-28,kisisel-bakim,Duru Fresh Sensations Çiçek Tazeliği Duş Sabunu 600 Gr,224.00,TRY
2026-03-28,kisisel-bakim,Duru Fresh Sensations Okyanus Tazeliği Duş Sabunu 600 Gr,224.00,TRY
2026-03-28,kisisel-bakim,Duru Fresh Sensations Zeytinyağlı Duş Sabunu 600 Gr,224.00,TRY
2026-03-28,kisisel-bakim,Duru Geleneksel Pirina Sabun 800 Gr,170.50,TRY
2026-03-28,kisisel-bakim,Duru Gül Sabunu 600 Gr,168.00,TRY
2026-03-28,kisisel-bakim,Duru Hydro Pure Aloe Vera 3X135Gr,216.00,TRY
2026-03-28,kisisel-bakim,Duru Hydro Pure Sakura Çiçeği 2X135Gr,216.00,TRY
2026-03-28,kisisel-bakim,Duru Lavanta Sabunu 600 Gr,168.00,TRY
2026-03-28,kisisel-bakim,Duru Lux Perfumes Jasmin Amber Duş Jeli 450 Ml,164.00,TRY
2026-03-28,kisisel-bakim,Duru Lux Perfumes Lotus Çiçeği Duş Jeli 450 Ml,164.00,TRY
2026-03-28,kisisel-bakim,Duru Lux Perfumes Orkide Özleri Duş Jeli 450 Ml,164.00,TRY
2026-03-28,kisisel-bakim,Duru Saf Doğal Ferahlık Güzellik Sabunu 4 X 70 Gr,99.50,TRY
2026-03-28,kisisel-bakim,Duru Saf Doğal Gül Güzellik Sabunu 4 X 70 Gr,99.50,TRY
2026-03-28,kisisel-bakim,Duru Saf Doğal Lavanta Güzellik Sabunu 4 X 70 Gr,99.50,TRY
2026-03-28,kisisel-bakim,Duru Sıvı Sabun Avokado 500Ml,115.50,TRY
2026-03-28,kisisel-bakim,Duru Sıvı Sabun Gul 500 Ml,115.50,TRY
2026-03-28,kisisel-bakim,Duru Sıvı Sabun Hindistan Cevizi 500 Ml,115.50,TRY
2026-03-28,kisisel-bakim,Duru Sıvı Sabun Kiraz Çiçeği 500Ml,115.50,TRY
2026-03-28,kisisel-bakim,Duru Sıvı Sabun Lavanta 500Ml,115.50,TRY
2026-03-28,kisisel-bakim,Duru Sıvı Sabun Mand&Greyfurt 500Ml,115.50,TRY
2026-03-28,kisisel-bakim,Duru Sıvı Sabun Okyanus 500 Ml,115.50,TRY
2026-03-28,kisisel-bakim,Duru Sıvı Sabun Zeytinyağlı 500 Ml,115.50,TRY
2026-03-28,kisisel-bakim,Duru Zeytinyağlı Sabun 600 Gr,168.50,TRY
2026-03-28,kisisel-bakim,"Duru Zeytinyağlı Sıvı Sabun 1,5 Lt",264.00,TRY
2026-03-28,kisisel-bakim,Egos Islak Ve Sert Jöle 150 Ml,168.00,TRY
2026-03-28,kisisel-bakim,Egos Jöle Ultra Güçlü Tutuş 250 Ml,198.50,TRY
2026-03-28,kisisel-bakim,Egos Krem Jöle 150 Ml,163.00,TRY
2026-03-28,kisisel-bakim,Elidor Doğanın Enerjisi Argan Yağı Ve Hibuskus Özü Şampuan 400 Ml,195.00,TRY
2026-03-28,kisisel-bakim,Elidor Hindistan Cevizi Yağı Onarıcı Ve Yıpranma Karşıtı Şampuan 400 Ml,195.00,TRY
2026-03-28,kisisel-bakim,Emotion Aqua Kiss Kadın Deodorant 150 Ml,202.50,TRY
2026-03-28,kisisel-bakim,Emotion Deo Natural Bloom 150 Ml,202.00,TRY
2026-03-28,kisisel-bakim,Emotion Invisible Fresh Kadın Deodorant 150 Ml,202.00,TRY
2026-03-28,kisisel-bakim,Emotion Natural Breeze Kadın Deodorant 150 Ml,202.50,TRY
2026-03-28,kisisel-bakim,"Eyüp Sabri Tuncer Alaçatı Lavantası Sıvı Sabun 1,5 Lt",376.50,TRY
2026-03-28,kisisel-bakim,Eyüp Sabri Tuncer Amber Zeytinyağlı Sıvı Sabun 500 Ml,167.50,TRY
2026-03-28,kisisel-bakim,Eyüp Sabri Tuncer Argan Yağlı Duş Jeli 600 Ml,294.50,TRY
2026-03-28,kisisel-bakim,"Eyüp Sabri Tuncer Ayvalık Zeytin Çiçeği Sıvı Sabun 1,5 Lt",376.50,TRY
2026-03-28,kisisel-bakim,Eyüp Sabri Tuncer Ayvalık Zeytin Çiçeği Zeytinyağlı Sıvı Sabun 500 Ml,167.50,TRY
2026-03-28,kisisel-bakim,Eyüp Sabri Tuncer Bodrum Köpük Sabun 500 Ml,219.00,TRY
2026-03-28,kisisel-bakim,Eyüp Sabri Tuncer Bodrum Mandalinası Kolonyası Pet 400 Ml,220.00,TRY
2026-03-28,kisisel-bakim,"Eyüp Sabri Tuncer Bodrum Mandalinası Sıvı Sabun 1,5 Lt",376.50,TRY
2026-03-28,kisisel-bakim,Eyüp Sabri Tuncer Bodrum Mandalinası Zeytinyağlı Sıvı Sabun 500 Ml,167.50,TRY
2026-03-28,kisisel-bakim,Eyüp Sabri Tuncer Çeşme Bodrum Mandalinası Sprey Kolonya 150 Ml,126.00,TRY
2026-03-28,kisisel-bakim,Eyüp Sabri Tuncer Çeşme Limonu Sprey Kolonya 150 Ml,126.50,TRY
2026-03-28,kisisel-bakim,Eyüp Sabri Tuncer Diş Macunu 90 Ml – Doğal Karanfil Özlü,205.50,TRY
2026-03-28,kisisel-bakim,Eyüp Sabri Tuncer Diş Macunu 90 ml – Doğal Misvak Özlü,205.50,TRY
2026-03-28,kisisel-bakim,Eyüp Sabri Tuncer Doğal Argan Yağlı Şampuan 600 Ml,296.00,TRY
2026-03-28,kisisel-bakim,Eyüp Sabri Tuncer Doğal Bambu Karbonlu Diş Macunu 90 Ml,219.00,TRY
2026-03-28,kisisel-bakim,Eyüp Sabri Tuncer Doğal Hindistan Cevizi Sütlü Şampuan 600 Ml,296.00,TRY
2026-03-28,kisisel-bakim,Eyüp Sabri Tuncer Doğal Macadamia Yağlı Şampuan 600 Ml,296.00,TRY
2026-03-28,kisisel-bakim,Eyüp Sabri Tuncer Doğal Zeytinyağlı Saç Bakım Kremi 600 Ml,410.50,TRY
2026-03-28,kisisel-bakim,Eyüp Sabri Tuncer Doğal Zeytinyağlı Şampuan 600 Ml,296.00,TRY
2026-03-28,kisisel-bakim,Eyüp Sabri Tuncer Duş Jeli 750 Ml – Love Kisses,300.00,TRY
2026-03-28,kisisel-bakim,Eyüp Sabri Tuncer El Ve Vücut Losyonu 250 Ml,152.00,TRY
2026-03-28,kisisel-bakim,Eyüp Sabri Tuncer Gül Suyu 350 Ml,159.00,TRY
2026-03-28,kisisel-bakim,Eyüp Sabri Tuncer Japon Kiraz Çiçeği Kolonyası 1 Lt,347.00,TRY
2026-03-28,kisisel-bakim,Eyüp Sabri Tuncer Japon Kiraz Çiçeği Kolonyası Pet 400 Ml,220.00,TRY
2026-03-28,kisisel-bakim,"Eyüp Sabri Tuncer Japon Kiraz Çiçeği Sıvı Sabun 1,5 Lt",376.50,TRY
2026-03-28,kisisel-bakim,Eyüp Sabri Tuncer Japon Kiraz Çiçeği Sprey Kolonya 150 Ml,126.50,TRY
2026-03-28,kisisel-bakim,Eyüp Sabri Tuncer Japon Kiraz Çiçeği Zeytinyağlı Sıvı Sabun 500 Ml,167.50,TRY
2026-03-28,kisisel-bakim,Eyüp Sabri Tuncer Japon Kirazı Köpük Sabun 500 Ml,219.00,TRY
2026-03-28,kisisel-bakim,Eyüp Sabri Tuncer Kolanyalı Mendil Okyanus 150 Li,566.50,TRY
2026-03-28,kisisel-bakim,Eyüp Sabri Tuncer Kolonya Okyanus 1 Lt,347.00,TRY
2026-03-28,kisisel-bakim,Eyüp Sabri Tuncer Kolonya Plastik 1 Lt,347.00,TRY
2026-03-28,kisisel-bakim,Eyüp Sabri Tuncer Kolonya Plastik 400 Ml,208.00,TRY
2026-03-28,kisisel-bakim,Eyüp Sabri Tuncer Kolonyalı Mendil Limon 150 Li,566.50,TRY
2026-03-28,kisisel-bakim,Eyüp Sabri Tuncer Limon Kolonyası 5 Lt,1650.00,TRY
2026-03-28,kisisel-bakim,Eyüp Sabri Tuncer Limon Kolonyası Plastik 200 Ml,151.50,TRY
2026-03-28,kisisel-bakim,Eyüp Sabri Tuncer Limon Kolonyası Pompalı 1 Lt,364.00,TRY
2026-03-28,kisisel-bakim,Eyüp Sabri Tuncer Okyanus Köpük Sabun 500 Ml,219.00,TRY
2026-03-28,kisisel-bakim,"Eyüp Sabri Tuncer Okyanus Sıvı Sabun 1,5 Lt",376.50,TRY
2026-03-28,kisisel-bakim,Eyüp Sabri Tuncer Okyanus Zeytinyağlı Sıvı Sabun 500 Ml,167.50,TRY
2026-03-28,kisisel-bakim,Eyüp Sabri Tuncer Sprey Limon Kolonyası 150 Ml,126.50,TRY
2026-03-28,kisisel-bakim,Eyüp Sabri Tuncer Tıraş Kolonyası 250 Ml No: 1,218.00,TRY
2026-03-28,kisisel-bakim,Eyüp Sabri Tuncer Tıraş Kolonyası 250 Ml No: 4,218.00,TRY
2026-03-28,kisisel-bakim,Eyüp Sabri Tuncer Tütün Kolonyası Plastik 400 Ml,218.50,TRY
2026-03-28,kisisel-bakim,Eyüp Sabri Tuncer Zeytinyağlı Duş Jeli 600 Ml,294.50,TRY
2026-03-28,kisisel-bakim,Eyüp Sabri Tuncer Zeytinyağlı Sıvı Sabun 750 Ml,215.00,TRY
2026-03-28,kisisel-bakim,Gillette Blue 3 6’lı Hassas Poşet,377.50,TRY
2026-03-28,kisisel-bakim,Gillette Klasik Tıraş Köpüğü 200 Ml,148.00,TRY
2026-03-28,kisisel-bakim,Gillette Mach3 2 Li Yedek Tıraş Bıçağı,336.50,TRY
2026-03-28,kisisel-bakim,Gillette Mach3 4 Lü Tıraş Bıçağı,665.00,TRY
2026-03-28,kisisel-bakim,Gillette Normal Tıraş Köpüğü 200 Ml,148.00,TRY
2026-03-28,kisisel-bakim,Gillette Permatik Banyo Kullan At Tıraş Bıçağı 10 Lu,194.00,TRY
2026-03-28,kisisel-bakim,Gillette Permatik Kullan At Tıraş Bıçağı 10 Lu,191.50,TRY
2026-03-28,kisisel-bakim,Gillette Series Hassas Tıraş Jeli 200 Ml,236.50,TRY
2026-03-28,kisisel-bakim,Gliss Dökülme Karşıtı Şampuan 500 Ml,147.00,TRY
2026-03-28,kisisel-bakim,Gliss Ultimate Oil Elixir Şampuan 500 Ml,147.00,TRY
2026-03-28,kisisel-bakim,H&S Şampuan Derinlemesine Temiz Kaşinti Giderici Nane 300 Ml,213.00,TRY
2026-03-28,kisisel-bakim,Hacı Şakir Doğal Sabun 600 Gr,168.50,TRY
2026-03-28,kisisel-bakim,Hacı Şakir Elegan Sabun 4 X 70 Gr,106.50,TRY
2026-03-28,kisisel-bakim,Hacı Şakir Gliserinli Zeytin Yağlı Duş Sabunu 4 X 125 Gr,208.00,TRY
2026-03-28,kisisel-bakim,Hacı Şakir Gül Sabunu 600 Gr,168.50,TRY
2026-03-28,kisisel-bakim,"Hacı Şakir Hindistan Cevizli Sıvı Sabun 1,5 Lt",308.50,TRY
2026-03-28,kisisel-bakim,Hacı Şakir Klasik Sabun 4 X 70 Gr,106.50,TRY
2026-03-28,kisisel-bakim,Hacı Şakir Lavanta Sabunu 4 X 70 Gr,106.50,TRY
2026-03-28,kisisel-bakim,Hacı Şakir Lavanta Sabunu 600 Gr,168.50,TRY
2026-03-28,kisisel-bakim,Hacı Şakir Leylak Sabunu 600 Gr,168.50,TRY
2026-03-28,kisisel-bakim,Hacı Şakir Şampuan 500 Ml Bal Özü,75.50,TRY
2026-03-28,kisisel-bakim,Hacı Şakir Şampuan Badem Kuru Ve Yıpranan Saçlar İçin 2 Si 1 Arada 500 Ml,75.50,TRY
2026-03-28,kisisel-bakim,Hacı Şakir Şampuan Hindistan Cevizli Normal Saçlar İçin 2 Si 1 Arada 500 Ml,75.50,TRY
2026-03-28,kisisel-bakim,Hacı Şakir Şampuan Zeytin Yağlı Tüm Saç Tipleri İçin 2 Si 1 Arada 500 Ml,75.50,TRY
2026-03-28,kisisel-bakim,Hacı Şakir Zeytinyağı Ve Bal Kalıp Sabun 600 Gr,168.50,TRY
2026-03-28,kisisel-bakim,Head & Shoulders 2’Si 1 Arada Şampuan Klasik Bakım 625 Ml,276.50,TRY
2026-03-28,kisisel-bakim,Head & Shoulders Derinlemesine Temiz Kaşıntı Giderici Şampuan 300 Ml,213.00,TRY
2026-03-28,kisisel-bakim,Head & Shoulders Mentol Ferahlığı Şampuan 625 Ml,276.50,TRY
2026-03-28,kisisel-bakim,Head & Shoulders Şampuan Derin Temizlik Yağlanma Kontrolü 300 ml,213.00,TRY
2026-03-28,kisisel-bakim,Hunca Defne Ve Sarımsak Şampuanı 675 Ml,90.00,TRY
2026-03-28,kisisel-bakim,İpek Bebek Temizleme Pamuğu 60 Ad.,89.50,TRY
2026-03-28,kisisel-bakim,İpek Gül Özlü Boyalı Saçlar İçin 2 Si 1 Arada Şampuan 480 Ml,82.50,TRY
2026-03-28,kisisel-bakim,İpek Koparak Dökülmelere Karşı Şampuan 450 Ml,82.50,TRY
2026-03-28,kisisel-bakim,İpek Makyaj Pamuğu,38.50,TRY
2026-03-28,kisisel-bakim,İpek Menekşe Özlü İnce Telli Saçlar İçin Şampuan 480 Ml,82.50,TRY
2026-03-28,kisisel-bakim,İpek Mentollü Şampuan 480 Ml,82.50,TRY
2026-03-28,kisisel-bakim,İpek Pamuk 100 Gr,61.00,TRY
2026-03-28,kisisel-bakim,İpek Pamuk 250 Gr,152.50,TRY
2026-03-28,kisisel-bakim,Jagler Black Erkek Parfüm 90 ml + Deodorant 150 ml,405.50,TRY
2026-03-28,kisisel-bakim,Jagler Classic Erkek Deodorant 150 Ml,125.50,TRY
2026-03-28,kisisel-bakim,Jagler Sport Erkek Deodorant 150 Ml,125.50,TRY
2026-03-28,kisisel-bakim,Jagler Storm Erkek Roll-On 50 Ml,122.00,TRY
2026-03-28,kisisel-bakim,Johnson’s Baby Kolay Tarama Spreyi 200 Ml,270.00,TRY
2026-03-28,kisisel-bakim,Johnson’s Baby Parfümsüz Vazelin 100 Ml,175.00,TRY
2026-03-28,kisisel-bakim,Johnson’s Baby Vazelin Parfümlü 100 Ml,175.00,TRY
2026-03-28,kisisel-bakim,Kotex Günlük Ped İnce 56 Lı,113.50,TRY
2026-03-28,kisisel-bakim,Kotex Günlük Ped İnce Parfümsüz 18 Li,39.00,TRY
2026-03-28,kisisel-bakim,Kotex Günlük Ped Parfümlü 34 Lü,68.50,TRY
2026-03-28,kisisel-bakim,Kotex Natural Günlük Ped Normal 28 Li,71.00,TRY
2026-03-28,kisisel-bakim,Kotex Natural Hijyenik Ped Pamuk Hipoalerjenik Gece 14’Lü,110.50,TRY
2026-03-28,kisisel-bakim,Kotex Natural Uzun 16 Lı,108.00,TRY
2026-03-28,kisisel-bakim,Kotex Regl Gece Külodu 2 Li,97.00,TRY
2026-03-28,kisisel-bakim,Kotex Ultra 8 Li Normal,42.50,TRY
2026-03-28,kisisel-bakim,Kotex Ultra Gece 16 Lı,108.00,TRY
2026-03-28,kisisel-bakim,Kotex Ultra Gece 6 Lı,42.50,TRY
2026-03-28,kisisel-bakim,Kotex Ultra Normal 24 Lü,108.00,TRY
2026-03-28,kisisel-bakim,Kotex Ultra Uzun 18 Li,108.00,TRY
2026-03-28,kisisel-bakim,Kotex Ultra Uzun 7 Li,44.00,TRY
2026-03-28,kisisel-bakim,L’oreal Elseve Renk Koruyucu Bakım Şampuanı 2 Si 1 Arada 360 Ml,124.50,TRY
2026-03-28,kisisel-bakim,Le Petit Marseillais Bio Organik Duş Jeli Portakal Çiçeği 400Ml,179.50,TRY
2026-03-28,kisisel-bakim,Le Petit Marseillais Bio Organik Duş Jelı Argan Balı 400Ml,635.50,TRY
2026-03-28,kisisel-bakim,Le Petit Marseillais Duş Jeli Beyaz Şeftali Ve Nektarin 650Ml,290.00,TRY
2026-03-28,kisisel-bakim,Le Petit Marseillais Kan Portakalı Ve Safran Duş Jeli Ve Şampuan 400 Ml For Men,191.50,TRY
2026-03-28,kisisel-bakim,Le Petit Marseillais Mineraller Ve Sedir Ağacı Duş Jeli 400 Ml,191.50,TRY
2026-03-28,kisisel-bakim,Le Petit Marseillais Zencefil Ve Akdeniz Selvisi Duş Jeli 400 Ml For Men,191.50,TRY
2026-03-28,kisisel-bakim,Listerine Advance White 500 Ml,294.00,TRY
2026-03-28,kisisel-bakim,Listerine Ağız Gargarası Cool Mint 500 Ml,249.50,TRY
2026-03-28,kisisel-bakim,Listerine Ağız Gargarası Cool Mint Hafif Tat 500 Ml,249.50,TRY
2026-03-28,kisisel-bakim,Listerine Ağız Gargarası Cool Mint Nane 95 ml,79.50,TRY
2026-03-28,kisisel-bakim,Listerine Ağız Gargarası Hassasiyet 500 Ml,294.00,TRY
2026-03-28,kisisel-bakim,Listerine Ağız Gargarası Total Care 1 Lt,575.50,TRY
2026-03-28,kisisel-bakim,Listerine Ağız Gargarası Total Care Hafif Nane 500 Ml,294.00,TRY
2026-03-28,kisisel-bakim,Lofçalı Sıvı Arap Sabunu 1500 Ml,160.00,TRY
2026-03-28,kisisel-bakim,Mehmet Aydın Zeytinyağlı Bıttım Sabunu 480 Gr,151.00,TRY
2026-03-28,kisisel-bakim,Mehmet Aydın Zeytinyağlı Defne Sabunu 950 Gr,257.50,TRY
2026-03-28,kisisel-bakim,Molped Günlük Ped İlk Ve Son Gün Pedi Uzun 16 Lı,74.50,TRY
2026-03-28,kisisel-bakim,Molped Pure Soft İncelik Ekonomik 30 Lu,109.50,TRY
2026-03-28,kisisel-bakim,Molped Pure Soft Normal Super Eko 24 Adet,111.50,TRY
2026-03-28,kisisel-bakim,Molped Pure Soft Süper Ekonomik Gece 16 Lı,111.50,TRY
2026-03-28,kisisel-bakim,Molped Supernight Hijyenik Ped Gece 16 Lı,111.50,TRY
2026-03-28,kisisel-bakim,Molped Supernight Süper Gece Süper Ekonomik 14 Adet,111.50,TRY
2026-03-28,kisisel-bakim,Morfose Ekstra Siyah Saç Spreyi 400 Ml,180.50,TRY
2026-03-28,kisisel-bakim,Morfose Saç Spreyi 400 Ml,151.50,TRY
2026-03-28,kisisel-bakim,Neutrogena Besleyici Yoğun Bakım Kremi 200 Ml,134.00,TRY
2026-03-28,kisisel-bakim,Neutrogena Parfümsüz El Kremi 75 Ml,188.50,TRY
2026-03-28,kisisel-bakim,Neutrogena Tırnak Bakım Kremi 75 Ml,188.50,TRY
2026-03-28,kisisel-bakim,Neutrogena Yoğun Bakım Kremi 200 Ml,134.00,TRY
2026-03-28,kisisel-bakim,Niceplast Islak Mendil Ankara Temalı 12×10 100’lü,41.00,TRY
2026-03-28,kisisel-bakim,Niceplast Islak Mendil Ankara Temalı 5×10 100’lü,54.00,TRY
2026-03-28,kisisel-bakim,Nivea Black And White Invisible İpeksi Pürüzsüzlük Kadın Roll-On 50 Ml,259.00,TRY
2026-03-28,kisisel-bakim,Nivea Deep Dimension Tıraş Köpüğü 200 Ml,282.50,TRY
2026-03-28,kisisel-bakim,Nivea Double Effect Kadın Deodorant 150 Ml,268.00,TRY
2026-03-28,kisisel-bakim,Nivea Double Effect Kadın Roll-On 50 Ml,260.50,TRY
2026-03-28,kisisel-bakim,Nivea Fresh Active Pump Sprey Deodorant Erkek 75 Ml,231.00,TRY
2026-03-28,kisisel-bakim,Nivea Fresh Active Pump Sprey Deodorant Kadın 75 Ml,231.00,TRY
2026-03-28,kisisel-bakim,Nivea Fresh Erkek Deodorant 150 Ml,268.00,TRY
2026-03-28,kisisel-bakim,Nivea Fresh Erkek Roll-On Deodorant 50 Ml,260.50,TRY
2026-03-28,kisisel-bakim,Nivea Fresh Natural Kadın Deodorant 150 Ml,268.00,TRY
2026-03-28,kisisel-bakim,Nivea Fresh Natural Kadın Roll-On 50 Ml,220.00,TRY
2026-03-28,kisisel-bakim,Nivea Fresh Naturel Deo Stick Kadın 50 Ml,290.00,TRY
2026-03-28,kisisel-bakim,Nivea Invisible Black And White Clear Kadın Deodorant 150 Ml,268.00,TRY
2026-03-28,kisisel-bakim,Nivea Invisible Black And White Pure Bayan Deodorant 150 Ml,268.00,TRY
2026-03-28,kisisel-bakim,Nivea Invisible Black And White Pure Kadın Roll-On 50 Ml,260.50,TRY
2026-03-28,kisisel-bakim,Nivea İnvisible İpeksi Pürüzsüzlük Kadın Deodorant 150 Ml,268.00,TRY
2026-03-28,kisisel-bakim,"NIVEA Kadın Stick Deodorant Pearl&Beauty,48 Saat Anti-perspirant Koruma 50ml",290.00,TRY
2026-03-28,kisisel-bakim,Nivea Krem Teneke 150 Ml,280.50,TRY
2026-03-28,kisisel-bakim,Nivea Krem Teneke 250 Ml,321.50,TRY
2026-03-28,kisisel-bakim,Nivea Men Black and White Original Stick Deodorant 50 Ml,290.00,TRY
2026-03-28,kisisel-bakim,Nivea Men Cool Kick Roll-On 50 Ml,260.50,TRY
2026-03-28,kisisel-bakim,Nivea Men Deep Dimension Deodorant 150 Ml,268.00,TRY
2026-03-28,kisisel-bakim,Nivea Men Deep Dimension Roll-On 50 Ml,260.50,TRY
2026-03-28,kisisel-bakim,Nivea Men Deep Dimension Stick 50 Ml,290.00,TRY
2026-03-28,kisisel-bakim,Nivea Men Dry Fresh Deodorant 150 Ml,268.00,TRY
2026-03-28,kisisel-bakim,Nivea Men Erkek Stick Deodorant Fresh Active 50 Ml,290.00,TRY
2026-03-28,kisisel-bakim,Nivea Men Fresh Power Deodorant 150 Ml,268.00,TRY
2026-03-28,kisisel-bakim,Nivea Men Hassas Tıraş Köpüğü 200 Ml,326.00,TRY
2026-03-28,kisisel-bakim,Nivea Men Invisible Black And White Fresh Deodorant 150 Ml,268.00,TRY
2026-03-28,kisisel-bakim,Nivea Men Invisible Black And White Fresh Roll-On 50 Ml,260.50,TRY
2026-03-28,kisisel-bakim,Nivea Men Invisible Black And White Original Roll-On 50 Ml,260.50,TRY
2026-03-28,kisisel-bakim,Nivea Men Silver Protect Erkek Stick Deodorant 50 Ml,290.00,TRY
2026-03-28,kisisel-bakim,Nivea Nemlendiricili Krem Teneke 75 Ml,206.50,TRY
2026-03-28,kisisel-bakim,Nivea Nemlendiricili Tıraş Jeli 200 Ml,333.50,TRY
2026-03-28,kisisel-bakim,Nivea Nemlendiricili Tıraş Köpüğü 200 Ml,284.00,TRY
2026-03-28,kisisel-bakim,Nivea Pearly Beauty Kadın Deodorant 150 Ml,268.00,TRY
2026-03-28,kisisel-bakim,Nivea Pearly Beauty Kadın Roll-On 50 Ml,260.50,TRY
2026-03-28,kisisel-bakim,Nivea Powder Touch Kadın Roll-On 50 Ml,260.50,TRY
2026-03-28,kisisel-bakim,Nivea Powder Touch Kadın Stick Roll-On 50 Ml,290.00,TRY
2026-03-28,kisisel-bakim,Nivea Roll-On Deodorant Dry Fresh Erkek 50 Ml,260.50,TRY
2026-03-28,kisisel-bakim,Nivea Soft Krem 100 Ml,144.50,TRY
2026-03-28,kisisel-bakim,Nivea Soft Nemlendirici Bakım Kremi 300 Ml,245.50,TRY
2026-03-28,kisisel-bakim,Nivea Soft Nemlendirici Bakım Kremi Tüp 75 Ml,139.00,TRY
2026-03-28,kisisel-bakim,Nivea Sport Duş Jeli Erkek 500 Ml,312.00,TRY
2026-03-28,kisisel-bakim,Nivea Stick Deodorant Black White Invisible Fresh Men 50 Ml,290.00,TRY
2026-03-28,kisisel-bakim,Nivea Sun Koruyucu Ve Nemlendirici Güneş Spreyi 200 Ml,979.00,TRY
2026-03-28,kisisel-bakim,Okey Prezervatif Hisset 10 Lu,268.00,TRY
2026-03-28,kisisel-bakim,Okey Prezervatif Hisset Ekonomik 20 Li,423.50,TRY
2026-03-28,kisisel-bakim,Okey Prezervatif Hot 10 Lu,387.00,TRY
2026-03-28,kisisel-bakim,Okey Prezervatif Klasik Ekonomik 20 Li,373.00,TRY
2026-03-28,kisisel-bakim,Okey Prezervatif Rötar 10 Lu,267.50,TRY
2026-03-28,kisisel-bakim,Okey Prezervatif Rötar Ekonomik 20 Li,423.50,TRY
2026-03-28,kisisel-bakim,Okey Prezervatif Sıcak Temas 10 Lu,267.50,TRY
2026-03-28,kisisel-bakim,Okey Prezervatif Sımsıkı 10 Lu,261.50,TRY
2026-03-28,kisisel-bakim,Okey Prezervatif Ultra Hisset Ekonomik 20 Li,423.50,TRY
2026-03-28,kisisel-bakim,Okey Prezervatif Zirve 10 Lu,267.50,TRY
2026-03-28,kisisel-bakim,Oral-B Cavity Defence Diş Fırçası,102.50,TRY
2026-03-28,kisisel-bakim,Oral-B Çocuk Diş Macunu 75 Ml,177.50,TRY
2026-03-28,kisisel-bakim,Oral-B Çocuklar İçin Soft Diş Fırçası 3-5 Yaş,175.00,TRY
2026-03-28,kisisel-bakim,Oral-B Pro Diş Macunu Ekstra Ferahlık 75 Ml,382.00,TRY
2026-03-28,kisisel-bakim,Oral-B Pro Onarım Hassas Beyazlık Diş Macunu 75 Ml,276.00,TRY
2026-03-28,kisisel-bakim,Orkid Günlük Ped Uzun 28 Adet Ekonomik Paket,118.50,TRY
2026-03-28,kisisel-bakim,Orkid Maxi Hijyenik Ped Normal Süper Ekonomik 34 Lü,229.00,TRY
2026-03-28,kisisel-bakim,Palmolive Aroma Sensations So Firm Duş Jeli 500 Ml,223.50,TRY
2026-03-28,kisisel-bakim,Palmolive Aroma Sensations So Relaxed Duş Jeli 500 Ml,223.50,TRY
2026-03-28,kisisel-bakim,Palmolive Duş Jeli Massage 500 Ml,223.50,TRY
2026-03-28,kisisel-bakim,Pantene 7/24 Anında Onarıcı Ve Nemlendirici Bakım Kremi 300 Ml,300.00,TRY
2026-03-28,kisisel-bakim,Paradontax Beyazlatıcı Tam Koruma Diş Macunu 75 Ml,388.50,TRY
2026-03-28,kisisel-bakim,Paradontax Ekstra Yumuşak Diş Fırçası 1+1,333.50,TRY
2026-03-28,kisisel-bakim,Paradontax Floride Diş Macunu 75 Ml,292.50,TRY
2026-03-28,kisisel-bakim,Paradontax Orijinal Diş Macunu 75 Ml,292.50,TRY
2026-03-28,kisisel-bakim,Paradontax Ultra Temizlik Diş Macunu 75 Ml,266.50,TRY
2026-03-28,kisisel-bakim,Parodontax Ağız Bakım Suyu 500Ml Nane,266.50,TRY
2026-03-28,kisisel-bakim,Parodontax Dıs Etı+Hassasiyet&Ferahlık Dm 75Ml,364.50,TRY
2026-03-28,kisisel-bakim,Parodontax Tam Koruma Diş Macunu 50Ml,87.50,TRY
2026-03-28,kisisel-bakim,Platonik Ağda Bezi 10 Metre,37.00,TRY
2026-03-28,kisisel-bakim,Platonik Ağda Bezi Rulo 10 Metre,37.00,TRY
2026-03-28,kisisel-bakim,Platonik Isıtıcılı Ağda Seti,459.00,TRY
2026-03-28,kisisel-bakim,Platonik Spatula 20 Li,33.00,TRY
2026-03-28,kisisel-bakim,Platonik Vazelin 90 Ml,54.50,TRY
2026-03-28,kisisel-bakim,Privacy Deodorant Bay 150 Ml,204.00,TRY
2026-03-28,kisisel-bakim,Privacy Man Addiction Erkek Deodorant 150 Ml,204.00,TRY
2026-03-28,kisisel-bakim,Privacy Women Addiction Deodorant 150 Ml,204.00,TRY
2026-03-28,kisisel-bakim,Privacy Women Deodorant 150 Ml,204.00,TRY
2026-03-28,kisisel-bakim,Restorex 7 Besleyici Yağ Bakım Şampuan-500 Ml,115.00,TRY
2026-03-28,kisisel-bakim,Restorex Callogen Biotin 500 Ml,115.00,TRY
2026-03-28,kisisel-bakim,Restorex Kuru Ve Yıpranmış Saçlar İçin Şampuan 500 Ml,115.00,TRY
2026-03-28,kisisel-bakim,Restorex Sıvı Saç Kremi 200 Ml,182.00,TRY
2026-03-28,kisisel-bakim,Rexona Aloe Vera Ve Bamboo Kadın Deodorant 150 Ml,227.00,TRY
2026-03-28,kisisel-bakim,Rexona Deodorant Cotton Pudralı Bayan 150 Ml,227.00,TRY
2026-03-28,kisisel-bakim,Rexona Invisible Black + White Kadın Deodorant 150 Ml,227.00,TRY
2026-03-28,kisisel-bakim,Rexona Invisible Fresh Kadın Deodorant 150 Ml,227.00,TRY
2026-03-28,kisisel-bakim,Rexona İnvisible Kadın Roll-On 50 Ml,214.00,TRY
2026-03-28,kisisel-bakim,Rexona Men Erkek Sprey Deodorant Champions 72 Saat Kesintisiz Üstün Koruma 150 ml,227.00,TRY
2026-03-28,kisisel-bakim,Rexona Men İnvisible Black White Roll-On 50 Ml,214.00,TRY
2026-03-28,kisisel-bakim,Rexona Men Invisible Ice Fresh Deodorant 150 Ml,227.00,TRY
2026-03-28,kisisel-bakim,Rexona Men Invisible Ocean Deep Deodorant 150Ml,219.00,TRY
2026-03-28,kisisel-bakim,Rexona Men Xtra Cool Deodorant 150 Ml,227.00,TRY
2026-03-28,kisisel-bakim,Rexona Men Xtra Cool Roll-On 50 Ml,214.00,TRY
2026-03-28,kisisel-bakim,Rexona Roll-On Cotton Bayan 50 Ml,214.00,TRY
2026-03-28,kisisel-bakim,Rexona Roll-On Quantum Men 50 Ml,221.00,TRY
2026-03-28,kisisel-bakim,Rexona Sexy Bouquet Kadın Deodorant 150 Ml,219.00,TRY
2026-03-28,kisisel-bakim,Rexona Sexy Bouquet Kadın Roll-On 50 Ml,214.00,TRY
2026-03-28,kisisel-bakim,Rexona Shower Clean Bayan Deodorant Sprey 150 Ml,227.00,TRY
2026-03-28,kisisel-bakim,Rexona Shower Fresh Kadın Roll-On 50 Ml,214.00,TRY
2026-03-28,kisisel-bakim,Selin Çiçek Buketi Kolonyası Pet 400 ml,137.50,TRY
2026-03-28,kisisel-bakim,Selin Limon Kolonyası 400 Ml,138.00,TRY
2026-03-28,kisisel-bakim,Selin Limon Kolonyası 900 Ml,179.50,TRY
2026-03-28,kisisel-bakim,Selpak Antibakteriyel Islak Cep Mendili 3 Lu,66.00,TRY
2026-03-28,kisisel-bakim,Sensodyne Çok Yönlü Koruma 1+1 Diş Fırçası,349.00,TRY
2026-03-28,kisisel-bakim,Sensodyne Diş Macununu Tam Koruma 75 Ml,329.00,TRY
2026-03-28,kisisel-bakim,Sensodyne Expanding Floss Diş İpi 30 Metre,319.00,TRY
2026-03-28,kisisel-bakim,Sensodyne Ferah Nefes Diş Macunu 100 Ml,258.00,TRY
2026-03-28,kisisel-bakim,Sensodyne Florür Diş Macunu 100 Ml,257.00,TRY
2026-03-28,kisisel-bakim,Sensodyne Gentle Soft Diş Fırçası,244.00,TRY
2026-03-28,kisisel-bakim,Sensodyne Gum Care Diş Fırçası,103.50,TRY
2026-03-28,kisisel-bakim,Sensodyne Hassasiyet Ve Diş Eti Beyazlatıcı Diş Macunu 75 Ml,399.00,TRY
2026-03-28,kisisel-bakim,Sensodyne Hassasiyet Ve Diş Eti Yumuşak Diş Fırçası,288.00,TRY
2026-03-28,kisisel-bakim,Sensodyne Hızlı Rahatlama Diş Fırçası 1+1,348.00,TRY
2026-03-28,kisisel-bakim,Sensodyne Hızlı Rahatlama Diş Macunu 75 Ml,398.00,TRY
2026-03-28,kisisel-bakim,Sensodyne Mint Yeşil Diş Macunu 75 Ml,440.00,TRY
2026-03-28,kisisel-bakim,Sensodyne Naneli Diş Macunu 100 Ml,257.00,TRY
2026-03-28,kisisel-bakim,Sensodyne Nourish Rahatlatıcı Etki Diş Macunu 75 ml,388.00,TRY
2026-03-28,kisisel-bakim,Sensodyne Nourish Sağlıklı Beyazlık Diş Macunu 75ml,478.00,TRY
2026-03-28,kisisel-bakim,Sensodyne Onarım Ve Koruma Diş Macunu 75 Ml,393.00,TRY
2026-03-28,kisisel-bakim,Sensodyne Soft Çok Yönlü Koruma Diş Fırçası Medium,154.00,TRY
2026-03-28,kisisel-bakim,Sensodyne Tam Koruma Beyazlatıcı Diş Macunu 75 Ml,329.00,TRY
2026-03-28,kisisel-bakim,Sensodyne Tam Koruma Diş Macunu 75 Ml + Diş Fırçası,166.00,TRY
2026-03-28,kisisel-bakim,She Is Fun Deodorant For Women 150 Ml,125.50,TRY
2026-03-28,kisisel-bakim,Signal Beyaz Güç Diş Fırçası 12 Gr,72.00,TRY
2026-03-28,kisisel-bakim,Signal Beyazlatıcı Sistem Diş Macunu 75Ml,157.00,TRY
2026-03-28,kisisel-bakim,Signal Diş Fırçası Nazik Diş Eti Bakımı 1+1,214.50,TRY
2026-03-28,kisisel-bakim,Signal Dm Uclu Koruma 120Ml,147.00,TRY
2026-03-28,kisisel-bakim,Signal Ergonomik Diş Fırçası 1+1,160.00,TRY
2026-03-28,kisisel-bakim,Signal Performance Black Yumuşak 1+1 Diş Fırçası,254.00,TRY
2026-03-28,kisisel-bakim,Signal Performance Orta Diş Fırçası 2+1,261.50,TRY
2026-03-28,kisisel-bakim,Signal Performance Yumuşak Diş Fırçası,123.50,TRY
2026-03-28,kisisel-bakim,Signal Premium Action Diş Fırçası 3+1,286.50,TRY
2026-03-28,kisisel-bakim,Signal Profesyonel Bakım Diş Fırçası,122.50,TRY
2026-03-28,kisisel-bakim,Signal White Now Beyaz Dısler 1+1 Dıs Fırcası,273.50,TRY
2026-03-28,kisisel-bakim,Signal White Now Diş Macunu 75 Ml,236.50,TRY
2026-03-28,kisisel-bakim,Signal White Now Extra Fresh Diş Macunu 75 Ml,242.00,TRY
2026-03-28,kisisel-bakim,Signal White Now Men Diş Macunu 75 Ml,236.50,TRY
2026-03-28,kisisel-bakim,Signal White Now Sensitive Diş Macunu 75Ml,244.00,TRY
2026-03-28,kisisel-bakim,Sleepy Doğal Organik Pamuklu Temizlik Havlusu 50 ‘li,47.00,TRY
2026-03-28,kisisel-bakim,Sleepy Doğal Organik Pamuklu Temizlik Havlusu 50 ‘li x 12 Paket,659.00,TRY
2026-03-28,kisisel-bakim,Sleepy Easy Clean Arap Sabunu Katkılı Yüzey Temizlik Havlusu 100 Yaprak,139.00,TRY
2026-03-28,kisisel-bakim,Sleepy Easy Clean Bio Çözünür Deniz Tuzu Ve Deniz Yosunu Yüzey Temizlik Havlusu 50 Yaprak,137.00,TRY
2026-03-28,kisisel-bakim,Sleepy Easy Clean Bio Çözünür Karanfil Ve Tarçın Yüzey Temizlik Havlusu 50 Yaprak,137.00,TRY
2026-03-28,kisisel-bakim,Sleepy Easy Clean Çamaşır Suyu Katkılı Yüzey Temizlik Havlusu 100 Yaprak,139.00,TRY
2026-03-28,kisisel-bakim,Sleepy Easy Clean Kiraz Çiçeği Yüzey Temizlik Havlusu 100 Yaprak,119.00,TRY
2026-03-28,kisisel-bakim,Sleepy Easy Clean Lilyum Buketi Yüzey Temizlik Havlusu 100 Yaprak,119.00,TRY
2026-03-28,kisisel-bakim,Sleepy Easy Clean Orkide Bahçesi Yüzey Temizlik Havlusu 100 Yaprak,119.00,TRY
2026-03-28,kisisel-bakim,Sleepy Easy Clean Süper Kireç Sökücü Havlu 30 Yaprak,143.00,TRY
2026-03-28,kisisel-bakim,Sleepy Easy Clean Süper Yağ Çözücü Havlu 30 Yaprak,151.00,TRY
2026-03-28,kisisel-bakim,Sleepy Easy Clean Yüzey Temizlik Havlusu 100’lü,135.00,TRY
2026-03-28,kisisel-bakim,Sleepy Sensitive Islak Havlu 90 lı,48.50,TRY
2026-03-28,kisisel-bakim,Sleepy Sensitive Islak Havlu 90’lı x12 Paket 1080 Yaprak,624.00,TRY
2026-03-28,kisisel-bakim,Sleepy Zeytinyağlı Islak Mendil 90 Lı,44.50,TRY
2026-03-28,kisisel-bakim,Solo Islak Havlu Bahar Tazeliği 90 Lı,87.00,TRY
2026-03-28,kisisel-bakim,Viva Cappio Classic Edt 60 Ml + Deodorant Sprey 150 Ml Kadın,670.00,TRY
2026-03-28,temizlik,Ace Bahar Çamaşır Suyu 2 Lt,182.00,TRY
2026-03-28,temizlik,Ace Çamaşır Suyu 1 Lt,87.00,TRY
2026-03-28,temizlik,Ace Çamaşır Suyu Bahar 1 Lt,92.00,TRY
2026-03-28,temizlik,Ace Çamaşır Suyu Lavanta 1 Lt,92.00,TRY
2026-03-28,temizlik,Ace Çamaşır Suyu Lavanta 2 Lt,182.00,TRY
2026-03-28,temizlik,Ace Çamaşır Suyu Normal 2 Lt,172.00,TRY
2026-03-28,temizlik,Ace Ultra Çamaşır Suyu Powerjel Limon Tazeliği 750 Ml,89.00,TRY
2026-03-28,temizlik,Ace Ultra Çamaşır Suyu Powerjel Okaliptus 750 Ml,89.00,TRY
2026-03-28,temizlik,Ace Ultra Köpük Çiçek Kokulu 700 Ml,149.50,TRY
2026-03-28,temizlik,Ace Ultra Köpük Ferahlık Etkisi 700 Ml,149.50,TRY
2026-03-28,temizlik,Ace Ultra Power Jel Dağ Ferahlık Etkisi 750 Gr,91.00,TRY
2026-03-28,temizlik,Air Wick Fresh Kit + Yedek Lavanta,586.00,TRY
2026-03-28,temizlik,Air Wick Fresh Yedek Bahar Çiçekleri 250 Ml,209.00,TRY
2026-03-28,temizlik,Air Wick Freshmatic Yedek Sprey Temizliğin Esintisi 250 Ml,209.00,TRY
2026-03-28,temizlik,Air Wick Oda Kokusu Fresh Kit + Yedek Bahar Çiçekleri,598.00,TRY
2026-03-28,temizlik,Air Wick Oda Kokusu Lavanta 250 Ml,209.00,TRY
2026-03-28,temizlik,Air Wick Stick Up İkili Lavanta Oda Kokusu 360 Ml,175.00,TRY
2026-03-28,temizlik,Airwick Aerosol Kiraz Çiçeği 300 Ml,194.00,TRY
2026-03-28,temizlik,Airwick Aerosol Lavanta Esintisi 300 Ml,189.00,TRY
2026-03-28,temizlik,Airwick Aerosol Okyanus Ferahlığı 300 Ml,189.00,TRY
2026-03-28,temizlik,Ankara Kartül Tül Beyazlatıcı 500 Gr,127.00,TRY
2026-03-28,temizlik,Ankara Sodamatik 2 Kg,446.00,TRY
2026-03-28,temizlik,Ankara Sodamatik 500 Gr,130.00,TRY
2026-03-28,temizlik,Ariel Aquapudra Toz Çamaşır Deterjanı Dağ Esintisi 4 Kg,395.00,TRY
2026-03-28,temizlik,"Ariel Toz Çamaşır Deterjanı Dağ Esintisi Beyazlar İçin 1,5 Kg",198.00,TRY
2026-03-28,temizlik,"Ariel Toz Çamaşır Deterjanı Parlak Renkler 1,5 Kg",198.00,TRY
2026-03-28,temizlik,Ariel Toz Çamaşır Deterjanı Parlak Renkler 7 Kg,636.00,TRY
2026-03-28,temizlik,Asperox Mavi Güç Ultra Kireç Ve Pas Sökücü 1000 Ml,140.00,TRY
2026-03-28,temizlik,Asperox Sarı Güç Sprey 1 Lt,140.00,TRY
2026-03-28,temizlik,Berrak Peçete 100 Lü,20.50,TRY
2026-03-28,temizlik,Beybi Lateks Pudralı Eldiven Small 100’lü,260.50,TRY
2026-03-28,temizlik,Beybi Vinil Pudrasız Muayene Eldiven MDR 100’lü Medium,191.50,TRY
2026-03-28,temizlik,Bingo Bakım Renkliler İçin Sıvı Deterjan 3 Lt 50 Yıkama,296.50,TRY
2026-03-28,temizlik,"Bingo Fresh Yüzey Temizleyici Çay Ağacı 2,5 Lt",168.50,TRY
2026-03-28,temizlik,"Bingo Fresh Yüzey Temizleyici Lovely 2,5 Lt",168.50,TRY
2026-03-28,temizlik,"Bingo Fresh Yüzey Temizleyici Manolya 2,5 Lt",168.50,TRY
2026-03-28,temizlik,"Bingo Masal Yüzey Temizleyici 2,5 Lt",168.50,TRY
2026-03-28,temizlik,Bingo Oksijen Çamaşır Suyu Çam Kokulu 750 Ml,79.50,TRY
2026-03-28,temizlik,Bingo Oksijen Çamaşır Suyu Okaliptus 750 Ml,79.50,TRY
2026-03-28,temizlik,Bingo Oksijenli Çamaşır Suyu Limon Kokulu 750 Ml,79.50,TRY
2026-03-28,temizlik,Bingo Onaran Koruma Sıvı Deterjan 3 Lt,296.50,TRY
2026-03-28,temizlik,Bingo Sıvı Bulaşık Deterjanı Limonlu 4 Kg,326.50,TRY
2026-03-28,temizlik,Bingo Sıvı Deterjan Beyazlar&Renkliler Beyaz Sabun Kokulu 40 Yıkama,298.00,TRY
2026-03-28,temizlik,Bingo Soft Konsantre Yumuşatıcı Lovely 60 Yıkama 1440 Ml,211.00,TRY
2026-03-28,temizlik,Bingo Soft Yumuşatıcı Aşkla Gül 1440 Ml,201.50,TRY
2026-03-28,temizlik,Bingo Soft Yumuşatıcı Gülpembe 5 Lt,324.00,TRY
2026-03-28,temizlik,Bref Deluxe Manolya Duopack 2 Li,158.00,TRY
2026-03-28,temizlik,Bref Deluxe Yasemin Duopack 2 Li,158.50,TRY
2026-03-28,temizlik,Bref Power Aktiv Wc Temizleyici Blok 2 Li Çam,124.00,TRY
2026-03-28,temizlik,Bref Power Aktiv Wc Temizleyici Blok 2 Li Okyanus,123.50,TRY
2026-03-28,temizlik,Bref Rezervuar Küpleri Okyanus 2’li,110.00,TRY
2026-03-28,temizlik,Bref Wc Power Aktif Çam,72.50,TRY
2026-03-28,temizlik,Bref Wc Power Aktif Okyanus,72.50,TRY
2026-03-28,temizlik,Bref Wc Power Aktiv Lavanta 2 Li,124.00,TRY
2026-03-28,temizlik,Calgon Çamaşır Makinesi Kireç Önleyici Tablet 15’Li,274.00,TRY
2026-03-28,temizlik,Ceyhanlar Klozet Kapağı Örtüsü 250 Li,170.00,TRY
2026-03-28,temizlik,Cif Jel Tüm Yüzeyler Bahar Ferahlığı 750 Ml,136.00,TRY
2026-03-28,temizlik,Cif Jel Tüm Yüzeyler Çiçek Ferahlığı 750 Ml,136.00,TRY
2026-03-28,temizlik,Cif Konsantre Zemin Uzmanı Fayans Beyaz Sabun 895 Ml,112.50,TRY
2026-03-28,temizlik,Cif Krem Amonyak 750 Ml,128.00,TRY
2026-03-28,temizlik,Cif Krem Limon 750 Ml,128.00,TRY
2026-03-28,temizlik,Cif Krem Mavi Çam 675 Ml,141.50,TRY
2026-03-28,temizlik,Cif Power Shine Banyo 750 Ml,174.50,TRY
2026-03-28,temizlik,Cif Sprey Her Yer Leke Uzmanı 750 Ml,157.50,TRY
2026-03-28,temizlik,Cif Ultra Hijyen Jel 750 Ml,136.00,TRY
2026-03-28,temizlik,Cillit Bang Banyo Temizleyici Aktif Köpük 600 Ml,341.00,TRY
2026-03-28,temizlik,Dalan Roxy Matik Toz Sabun Bahar Çiçekleri 800 Gr,155.50,TRY
2026-03-28,temizlik,Dalin Çamaşır Yumuşatıcı Düş Bahçesi 1500 Ml,239.00,TRY
2026-03-28,temizlik,Dalin Sıvı Çamaşır Deterjanı 1500 Ml,373.00,TRY
2026-03-28,temizlik,Dalin Yum.1.5Lt Bahar Ninnisi,241.00,TRY
2026-03-28,temizlik,Detan Maxi Böcek İlacı 250 Ml,244.00,TRY
2026-03-28,temizlik,Dolphin Lateks Muayene Eldiveni Pudralı (L) 100 Lü,277.00,TRY
2026-03-28,temizlik,Dolphin Latex Eldiven M Pudralı 100 Adet,277.00,TRY
2026-03-28,temizlik,Dolphin Latex Eldiven S Pudralı 100 Lü,277.00,TRY
2026-03-28,temizlik,Dolphin Nitril Eldiven L Pudrasız 100 Lü,269.00,TRY
2026-03-28,temizlik,Dolphin Nitril Eldiven M 100 Lü,269.00,TRY
2026-03-28,temizlik,Domestos Çamaşır Suyu Dağ Esintisi 1850 Ml,170.50,TRY
2026-03-28,temizlik,Domestos Çamaşır Suyu Dağ Esintisi 3240 Ml,274.00,TRY
2026-03-28,temizlik,Domestos Çamaşır Suyu Dağ Esintisi 750 Ml,86.50,TRY
2026-03-28,temizlik,Domestos Çamaşır Suyu Kar Beyazı 1850 Ml,170.50,TRY
2026-03-28,temizlik,Domestos Çamaşır Suyu Kar Beyazı 3240 Ml,274.00,TRY
2026-03-28,temizlik,Domestos Çamaşır Suyu Kar Beyazı 750 Ml,86.50,TRY
2026-03-28,temizlik,Domestos Çamaşır Suyu Limon Ferahlığı 750 Ml,86.50,TRY
2026-03-28,temizlik,Domestos Çamaşır Suyu Okaliptus Ferahlığı 750 Ml,86.50,TRY
2026-03-28,temizlik,Domestos Çamaşır Suyu Okyanus Ferahlığı 3240 Ml,274.00,TRY
2026-03-28,temizlik,Domestos Tuvalet Bloğu 5 Li Güç Çam Ferahlığı,77.00,TRY
2026-03-28,temizlik,Domestos Tuvalet Bloğu 5 Li Güç Okyanus Ferahlığı,77.00,TRY
2026-03-28,temizlik,Domestos Wc Blok 5 Li Güç Çam Ferahlığı 2 Li Paket,147.00,TRY
2026-03-28,temizlik,Domestos Wc Blok 5 Li Güç Duopack Manolya 2 ‘li,147.00,TRY
2026-03-28,temizlik,"Domestos Yüzey Temizleyici Çam 1,5 Lt",146.00,TRY
2026-03-28,temizlik,Duru Granül Matik Klasik 1.6 Kg,501.00,TRY
2026-03-28,temizlik,Duru Granül Matik Sabun Klasik 1 Kg,349.00,TRY
2026-03-28,temizlik,Duru Granül Matik Sabun Lavanta 1 Kg,349.00,TRY
2026-03-28,temizlik,Extreme Bambu Çubuklu Koku Beyaz Çiçek 50 Ml,64.50,TRY
2026-03-28,temizlik,Extreme Bambu Çubuklu Oda Kokusu Lavanta 50 Ml,64.50,TRY
2026-03-28,temizlik,Extreme Bambu Çubuklu Oda Kokusu Orkide 50 Ml,64.50,TRY
2026-03-28,temizlik,Eyüp Sabri Tuncer Bahar Tazeliği Oda Spreyi 500 Ml,235.50,TRY
2026-03-28,temizlik,Eyüp Sabri Tuncer Gizli Bahçe Japon Kiraz Çiçeği Oda Spreyi 500 Ml,235.50,TRY
2026-03-28,temizlik,Eyüp Sabri Tuncer Gizli Bahçe Okyanus Ferahlığı Oda Spreyi 500 Ml,235.50,TRY
2026-03-28,temizlik,Eyüp Sabri Tuncer Kolanyalı Mendil Okyanus 150 Li,566.50,TRY
2026-03-28,temizlik,Eyüp Sabri Tuncer Kolonyalı Mendil Limon 150 Li,566.50,TRY
2026-03-28,temizlik,Fairy Elma Aromalı Bulaşık Deterjanı 650 Ml,109.00,TRY
2026-03-28,temizlik,Fairy Power Sprey 3’Ü 1 Arada Bulaşık Ve Mutfak 500 Ml,154.00,TRY
2026-03-28,temizlik,Fairy Sıvı Bulaşık Deterjanı Elma 1500 Ml,208.00,TRY
2026-03-28,temizlik,Fairy Sıvı Bulaşık Deterjanı Limon 1500 Ml,208.00,TRY
2026-03-28,temizlik,Fairy Sıvı Bulaşık Deterjanı Limon 2600 Ml,344.00,TRY
2026-03-28,temizlik,Fairy Sıvı Bulaşık Deterjanı Limon 650 Ml,109.00,TRY
2026-03-28,temizlik,Familia Peçete 100 Lü,54.00,TRY
2026-03-28,temizlik,Familia Peçete 200 Lü,107.50,TRY
2026-03-28,temizlik,Febreze Banyo Dağ Esintisi Hava Ferahlatıcı Oda Kokusu,274.00,TRY
2026-03-28,temizlik,Febreze Banyo Hava Ferahlatıcı Temiz Çarşaf Ferahlığı Oda Kokusu,287.50,TRY
2026-03-28,temizlik,Febreze Hava Ferahlatıcı Banyo Oda Kokusu Lavanta,274.00,TRY
2026-03-28,temizlik,Febreze Hava Ferahlatıcı Sprey Oda Kokusu Lavanta 185 Ml,280.00,TRY
2026-03-28,temizlik,Finish Bulaşık Makinesi Deterjanı Makine Parlatıcı 800 Ml,243.00,TRY
2026-03-28,temizlik,Finish Bulaşık Makinesi Parlatıcı ve Kurutucu 400 ml,144.50,TRY
2026-03-28,temizlik,Finish Bulaşık Makinesi Tableti Quantum Özel Seri 50 Li,382.50,TRY
2026-03-28,temizlik,Finish Jel Bulaşık Makinesi Deterjanı 1000 Ml,507.50,TRY
2026-03-28,temizlik,Finish Jel Limon Hepsi 1 Arada 1000 Ml,507.50,TRY
2026-03-28,temizlik,Finish Quantum 60 Kapsül Bulaşık Makinesi Deterjanı Tableti,430.50,TRY
2026-03-28,temizlik,Finish Quantum 72 Li Bulaşık Makinesi Tableti,447.50,TRY
2026-03-28,temizlik,"Finish Tuz 1,5 Kg",113.00,TRY
2026-03-28,temizlik,Focus Optimum Dispenser Peçete 250 Yaprak,35.50,TRY
2026-03-28,temizlik,Garden 260Ml Lavanta Oda Kokusu,118.50,TRY
2026-03-28,temizlik,Garden 260Ml Parfume Oda Kokusu,118.50,TRY
2026-03-28,temizlik,Garden 260Ml White Rose Oda Kokusu,118.50,TRY
2026-03-28,temizlik,Garden Sprey Okyanus Oda Kokusu 260 Ml,98.00,TRY
2026-03-28,temizlik,Glade Mini Jel Clean Linen 50 G Oda Kokusu,103.00,TRY
2026-03-28,temizlik,Glade Mini Jel Floral Buket 50 Gr,103.00,TRY
2026-03-28,temizlik,Glade Multi Sprey Lavanta 500 Ml,168.00,TRY
2026-03-28,temizlik,Glade Multi Sprey Oda Kokusu Temiz Çarşaf Ferahlığı 500 Ml,168.00,TRY
2026-03-28,temizlik,Glade Multi Sprey Rose 500 Ml,168.00,TRY
2026-03-28,temizlik,Glade Oda Kokusu Mini Jel Lavanta 70 Gr,103.00,TRY
2026-03-28,temizlik,Koroplast Oluklu Bulaşık Süngeri 8Li,92.50,TRY
2026-03-28,temizlik,Kristal Çamaşır Sodası 500Gr,86.00,TRY
2026-03-28,temizlik,Lofçalı Arap Sabunu Köpük Sprey 1 Lt,98.50,TRY
2026-03-28,temizlik,Lofçalı Aspirin Çok Amaçlı Temizleyici 4 Lt,260.50,TRY
2026-03-28,temizlik,Lofçalı Aspirin Çok Amaçlı Temizleyici 750 Ml,74.00,TRY
2026-03-28,temizlik,Lofçalı Kireç Çözücü 750 Ml,62.50,TRY
2026-03-28,temizlik,Lofçalı Silikonlu Yüzey Temizleyicisi 1000 Ml,88.50,TRY
2026-03-28,temizlik,Lofçalı Sodamatik 1 Kg,145.50,TRY
2026-03-28,temizlik,Lofçalı Yağ Çözücü Sprey 750 Gr,74.00,TRY
2026-03-28,temizlik,Maylo Cep Mendili 10 Lu,41.00,TRY
2026-03-28,temizlik,Maylo Peçete 100 Lü,53.00,TRY
2026-03-28,temizlik,Maylo Peçete 200 Lü,95.00,TRY
2026-03-28,temizlik,Maylo Puf Mendil Çek Kullan 150 Yaprak,48.50,TRY
2026-03-28,temizlik,Melissa Yüzey Temizleyici Lavanta Kokulu 5 Lt,333.00,TRY
2026-03-28,temizlik,Mr. Muscle Lavabo Açıcı 2X50 Gr,119.50,TRY
2026-03-28,temizlik,Mr.Muscle Banyo Temizleyici 750 Ml,104.00,TRY
2026-03-28,temizlik,Mr.Muscle Duck Klozet Blok Orman Esintisi 40 Gr Yeşil,68.50,TRY
2026-03-28,temizlik,Mr.Muscle Klozet Blok Aqua 1+1,120.50,TRY
2026-03-28,temizlik,Mr.Muscle Lavabo Açıcı Jel 1 Lt,195.50,TRY
2026-03-28,temizlik,Niceplast Bambu Cips Çatalı 100’lü,86.00,TRY
2026-03-28,temizlik,Niceplast Islak Mendil Ankara Temalı 12×10 100’lü,41.00,TRY
2026-03-28,temizlik,Niceplast Islak Mendil Ankara Temalı 5×10 100’lü,54.00,TRY
2026-03-28,temizlik,Niceplast Şeffaf Eldiven 100 Lü,32.00,TRY
2026-03-28,temizlik,Nuri Leflef Ayakkabı Boyası,106.50,TRY
2026-03-28,temizlik,Nuri Leflef Krem Boya 50Ml,74.50,TRY
2026-03-28,temizlik,Nuri Leflef Parlatıcı Sünger,121.50,TRY
2026-03-28,temizlik,"Omo Active Fresh Çamaşır Deterjanı 1,5 Kg",176.00,TRY
2026-03-28,temizlik,"Omo Active Fresh Renkliler 5,5 Kg",546.00,TRY
2026-03-28,temizlik,Omo Color Renkliler Için Toz Çamaşır Deterjanı 1.5 Kg,197.50,TRY
2026-03-28,temizlik,Omo Matik Sık Yıkananlar Toz Deterjan 5 Kg,408.00,TRY
2026-03-28,temizlik,Omo Sıvı Deterjan Renkiler 1690 Ml,261.50,TRY
2026-03-28,temizlik,Persil Jel Power Plus 26 Yıkama Gülün Büyüsü 1820 Ml,242.00,TRY
2026-03-28,temizlik,Perwoll Geliştirilmiş Beyaz Sıvı Çamaşır Detarjanı 2970 ml,297.00,TRY
2026-03-28,temizlik,Perwoll Geliştirilmiş Renkli Sıvı Çamaşır Deterjanı 2970 ml,297.00,TRY
2026-03-28,temizlik,"Perwoll Siyah Sıvı Çamaşır Deterjanı 2,97 Lt",297.00,TRY
2026-03-28,temizlik,"Perwoll Spor Giysiler İçin Sıvı Bakım Deterjanı 2,97 Lt",297.00,TRY
2026-03-28,temizlik,Porçöz Banyo Spreyi 750 Ml,100.00,TRY
2026-03-28,temizlik,Porçöz Hijyenik Tuvalet Temizleyici Jel Orkide Kokulu 750 ml,113.00,TRY
2026-03-28,temizlik,Porçöz Kireç Ve Pas Çözücü 1000 Ml,92.50,TRY
2026-03-28,temizlik,Porçöz Lavabo Açıcı 2X50 Gr Toz,61.50,TRY
2026-03-28,temizlik,Porçöz Lavabo Açıcı Jel 1 Lt,138.50,TRY
2026-03-28,temizlik,Porçöz Leke Çıkarıcı Sprey 750 Ml,135.50,TRY
2026-03-28,temizlik,Porçöz Mutfak İçin Yağ Çözücü Sprey 750 Ml,100.00,TRY
2026-03-28,temizlik,Porçöz Yağ Çözücü 1 Lt,98.00,TRY
2026-03-28,temizlik,Porçöz Yağ Sökücü Sprey 750 Ml,103.50,TRY
2026-03-28,temizlik,Pril Adana Portakalı Bulaşık Deterjanı 1350 Gr,169.00,TRY
2026-03-28,temizlik,Pril Adana Portakalı Bulaşık Deterjanı 675 Gr,87.50,TRY
2026-03-28,temizlik,Pril Amasya Elması Bulaşık Deterjanı 1350 Gr,169.00,TRY
2026-03-28,temizlik,Pril Amasya Elması Bulaşık Deterjanı 675 Gr,87.50,TRY
2026-03-28,temizlik,Pril Bulaşık Deterjanı Aloevera 750 Ml,86.00,TRY
2026-03-28,temizlik,Pril Elma Kokulu Bulaşık Deterjanı 4 Kg,313.00,TRY
2026-03-28,temizlik,Pril Excellence 4 ü 1 Arada Bulaşık Makinesi Deterjanı 60 Kapsül,612.00,TRY
2026-03-28,temizlik,Pril Excellence Duo Jel Bulaşık Makinesi Deterjanı Hijyen 50 Yıkama,298.00,TRY
2026-03-28,temizlik,Pril Gold Jel Yağ Çözücü 50 Yıkama,337.00,TRY
2026-03-28,temizlik,Pril Hepsi 1 Arada Jel 1080 Ml,320.20,TRY
2026-03-28,temizlik,Pril Limon Kokulu Bulaşık Deterjanı 4 Kg,323.00,TRY
2026-03-28,temizlik,Pril Sıvı Bulaşık Deterjanı Limon 1350 Ml,173.00,TRY
2026-03-28,temizlik,Pril Sıvı Bulaşık Deterjanı Limon Kokulu 675 Gr,87.50,TRY
2026-03-28,temizlik,Pronto Klasik Ahşap Cilası Sprey 300 Ml,172.50,TRY
2026-03-28,temizlik,Rinso Aloe Vera Renkliler İçin Sıvı Çamaşır Deterjanı 3 Lt,267.00,TRY
2026-03-28,temizlik,Rinso Kömür Siyahlığı Siyahlar İçin Çamaşır Deterjanı 3 Lt,267.00,TRY
2026-03-28,temizlik,Scotch Brite 5 Li Mutfak Bezi,123.00,TRY
2026-03-28,temizlik,Scotch Brite Cam Bezi,153.00,TRY
2026-03-28,temizlik,Scotch Brite Çilek Kokulu Temizlik Bezi 3 Lü,118.00,TRY
2026-03-28,temizlik,Scotch Brite Ekonomik Temizlik Eldiveni No: 7,173.00,TRY
2026-03-28,temizlik,Scotch Brite Hassas Bulaşık Eldiveni M Beden,169.00,TRY
2026-03-28,temizlik,Scotch Brite Mikrofiber Bez Açık 4 Lü,370.00,TRY
2026-03-28,temizlik,Scotch Brite Mikrofiber Temizlik Bezi Eko Paket 3 Lü,221.00,TRY
2026-03-28,temizlik,Scotch Brite Oluklu Sünger 4 Lü,135.00,TRY
2026-03-28,temizlik,Scotch Brite Ovma Teli 3 Al 2 Öde,250.00,TRY
2026-03-28,temizlik,Scotch Brite Sünger 4 Lü,135.00,TRY
2026-03-28,temizlik,Scotch Brite Sünger Yeşil Klasik 2 Li,52.00,TRY
2026-03-28,temizlik,Scotch Brite Tüy Toplayıcı,230.00,TRY
2026-03-28,temizlik,Scotch Brite Yeşil Klasik Oluklu Sünger 8 Li,249.00,TRY
2026-03-28,temizlik,Scotch Brite Yeşil Klasik Sünger 8 Li,249.00,TRY
2026-03-28,temizlik,Scotch Brite Yeşil Oluklu Sünger 1+1,53.00,TRY
2026-03-28,temizlik,Select Dispenser Peçete 250 Yaprak,60.50,TRY
2026-03-28,temizlik,Select Dispenser Peçete Eko 350 Yaprak,57.50,TRY
2026-03-28,temizlik,Select Smart Active Kağıt Havlu 4 Kg,690.00,TRY
2026-03-28,temizlik,Select Z Katlama Havlu 200 Yaprak,57.50,TRY
2026-03-28,temizlik,Selpak Antibakteriyel Islak Cep Mendili 3 Lu,66.00,TRY
2026-03-28,temizlik,Selpak Çiçek Kokulu Mendil 10 Lu,70.50,TRY
2026-03-28,temizlik,Selpak Dekoratif Peçete,56.50,TRY
2026-03-28,temizlik,Selpak Dispenser Peçete 250 Li,62.50,TRY
2026-03-28,temizlik,Selpak Garson Katlama Peçete 33X33 100 Lü,89.50,TRY
2026-03-28,temizlik,Selpak Mendil 10 Lu,69.00,TRY
2026-03-28,temizlik,Selpak Mentollü Mendil 10 Lu,69.00,TRY
2026-03-28,temizlik,Servis Peçetesi 100 Lü,25.00,TRY
2026-03-28,temizlik,Servis Peçetesi 200 Lü,44.00,TRY
2026-03-28,temizlik,Sitil Classic Koyu Kahverengi Ayakkabı Boyası Krem 175 ml,72.50,TRY
2026-03-28,temizlik,Sitil Classic Siyah Ayakkabı Boyası Krem 175 ml,72.50,TRY
2026-03-28,temizlik,Sitil Natuel. Parlatıcı Sünger Geniş Kutu Special,53.00,TRY
2026-03-28,temizlik,Sitil Siyah Parlatıcı Sünger Geniş Kutu Special,53.00,TRY
2026-03-28,temizlik,Sitil Spor Ayakkabı Temizleme Süngeri,92.00,TRY
2026-03-28,temizlik,Sleepy Doğal Organik Pamuklu Temizlik Havlusu 50 ‘li,47.00,TRY
2026-03-28,temizlik,Sleepy Doğal Organik Pamuklu Temizlik Havlusu 50 ‘li x 12 Paket,659.00,TRY
2026-03-28,temizlik,Sleepy Easy Clean Arap Sabunu Katkılı Yüzey Temizlik Havlusu 100 Yaprak,139.00,TRY
2026-03-28,temizlik,Sleepy Easy Clean Bio Çözünür Deniz Tuzu Ve Deniz Yosunu Yüzey Temizlik Havlusu 50 Yaprak,137.00,TRY
2026-03-28,temizlik,Sleepy Easy Clean Bio Çözünür Karanfil Ve Tarçın Yüzey Temizlik Havlusu 50 Yaprak,137.00,TRY
2026-03-28,temizlik,Sleepy Easy Clean Çamaşır Suyu Katkılı Yüzey Temizlik Havlusu 100 Yaprak,139.00,TRY
2026-03-28,temizlik,Sleepy Easy Clean Kiraz Çiçeği Yüzey Temizlik Havlusu 100 Yaprak,119.00,TRY
2026-03-28,temizlik,Sleepy Easy Clean Lilyum Buketi Yüzey Temizlik Havlusu 100 Yaprak,119.00,TRY
2026-03-28,temizlik,Sleepy Easy Clean Orkide Bahçesi Yüzey Temizlik Havlusu 100 Yaprak,119.00,TRY
2026-03-28,temizlik,Sleepy Easy Clean Süper Kireç Sökücü Havlu 30 Yaprak,143.00,TRY
2026-03-28,temizlik,Sleepy Easy Clean Süper Yağ Çözücü Havlu 30 Yaprak,151.00,TRY
2026-03-28,temizlik,Sleepy Easy Clean Yüzey Temizlik Havlusu 100’lü,135.00,TRY
2026-03-28,temizlik,Sleepy Sensitive Islak Havlu 90 lı,48.50,TRY
2026-03-28,temizlik,Sleepy Sensitive Islak Havlu 90’lı x12 Paket 1080 Yaprak,624.00,TRY
2026-03-28,temizlik,Sleepy Zeytinyağlı Islak Mendil 90 Lı,44.50,TRY
2026-03-28,temizlik,Solo Islak Havlu Bahar Tazeliği 90 Lı,87.00,TRY
2026-03-28,temizlik,Solo Peçete 100 Lü,58.00,TRY
2026-03-28,temizlik,Solo Peçete 200 Lü,120.50,TRY
2026-03-28,temizlik,Soyalan Naftalin Tablet 100 Gr,73.00,TRY
2026-03-28,temizlik,Tem Dispenser Peçete 200 Lü,24.00,TRY
2026-03-28,temizlik,Tem Dispenser Peçete 350 Li,43.00,TRY
2026-03-28,temizlik,Teno Peçete 100Lü,21.00,TRY
2026-03-28,temizlik,Teno Peçete 200 Lü,39.50,TRY
2026-03-28,temizlik,Tibtrap Zehirsiz Fare Yapışkanı 125 Ml,98.50,TRY
2026-03-28,temizlik,Uni Baby Çamaşır Deterjanı 1500 ml,402.00,TRY
2026-03-28,temizlik,Uni Baby Çamaşır Deterjanı Sensitive 1500 ml,402.00,TRY
2026-03-28,temizlik,Uni Baby Çamaşır Yumuşatıcısı 1500 Ml,209.50,TRY
2026-03-28,temizlik,Uni Baby Konsantre Yumuşatıcı 1200 Ml,238.50,TRY
2026-03-28,temizlik,Uni Baby Leke Çıkarıcı Sprey 500Ml,183.00,TRY
2026-03-28,temizlik,Vanish Kosla Oxi Action Toz Kristal Beyaz 400 Gr,278.00,TRY
2026-03-28,temizlik,Vanish Kosla Sıvı Beyaz 1000 Ml,287.00,TRY
2026-03-28,temizlik,Vanish Kosla Tül Temizleyici Toz 450 Gr + Tül Parlatıcı 450 Ml,459.00,TRY
2026-03-28,temizlik,Vernel Gülün Büyüsü Çamaşır Yumuşatıcısı 5 Lt,325.00,TRY
2026-03-28,temizlik,Vernel Hassas Ve Yumuşak Çamaşır Yumuşatıcısı 5 Lt,325.00,TRY
2026-03-28,temizlik,"Vernel Max Konsantre Çamaşır Yumuşatıcısı Lale 1,44 Lt",161.00,TRY
2026-03-28,temizlik,"Vernel Max Konsantre Çamaşır Yumuşatıcısı Taze Gül 1,44 Lt",161.00,TRY
2026-03-28,temizlik,"Vernel Max Konsantre Çamaşır Yumuşatıcısı Yasemin 1,44 Lt",161.00,TRY
2026-03-28,temizlik,"Vernel Max Sensitive Konsantre Çamaşır Yumuşatıcısı 1,44 Lt",161.00,TRY
2026-03-28,temizlik,Vernel Max Yumuşatıcı Şakayık Ve Beyaz Çay 1440 Ml,172.00,TRY
2026-03-28,temizlik,Vernel Relax Çamaşır Yumuşatıcısı 5 Lt,325.00,TRY
2026-03-28,temizlik,Vileda %30 Microfiber Soft Paspas,207.00,TRY
2026-03-28,temizlik,Vileda 5 Li Düz Sünger,112.00,TRY
2026-03-28,temizlik,Vileda 5 Li Oluklu Sünger,112.00,TRY
2026-03-28,temizlik,Vileda Bezzy Temizlik Bezi 10 Lu,274.00,TRY
2026-03-28,temizlik,Vileda Bulaşık Eldiveni Küçük,155.00,TRY
2026-03-28,temizlik,Vileda Cam Bezi 2 Li Eko,310.00,TRY
2026-03-28,temizlik,Vileda Çelik Bulaşık Teli 3 Al 2 Öde,167.00,TRY
2026-03-28,temizlik,Vileda Çizmez Oluklu Sünger 1+1,190.00,TRY
2026-03-28,temizlik,Vileda Colors Çizmez 4Lu,141.00,TRY
2026-03-28,temizlik,Vileda Klasik Paspas 3 Al 2 Öde,432.00,TRY
2026-03-28,temizlik,Vileda Mikro Actifibre Temizlik Bezi 2 Li,266.00,TRY
2026-03-28,temizlik,Vileda Mikrofiber Bez 8 Li,275.00,TRY
2026-03-28,temizlik,Vileda Mikrofiber Temizlik Bezi 3Lü,142.50,TRY
2026-03-28,temizlik,Vileda Mikrofiber Temizlik Bezi 5 Li,152.00,TRY
2026-03-28,temizlik,Vileda Paspas Ekonomik Paket 2Li,343.00,TRY
2026-03-28,temizlik,Vileda Rainbow 10 Lu Sünger,136.00,TRY
2026-03-28,temizlik,Vileda Standart Büyük L Bulaşık Eldiveni,155.00,TRY
2026-03-28,temizlik,Vileda Standart Temizlik Eldiveni Medium Orta,155.00,TRY
2026-03-28,temizlik,Vileda Süper Mocio Soft Yedek Paspas,333.00,TRY
2026-03-28,temizlik,Vileda Temizlik Bezi 4 Lü Novolon,166.50,TRY
2026-03-28,temizlik,Vileda Tüy Toplayıcı 58 Yaprak,298.00,TRY
2026-03-28,temizlik,Vileda Ultra Parlak Sünger,63.50,TRY
2026-03-28,temizlik,Vileda Yeşil Düz 8 Li Bulaşık Süngeri,214.00,TRY
2026-03-28,temizlik,Vileda Yeşil Oluklu 8 Li Bulaşık Süngeri,214.00,TRY
2026-03-28,temizlik,Vinil Pudrasız Muayene Eldiven MDR 100’lü Small,189.50,TRY
2026-03-28,temizlik,Yumoş Extra Hanımeli Çamaşır Yumuşatıcısı 1440 Ml,252.00,TRY
2026-03-28,temizlik,Yumoş Extra Konsantre Çamaşır Yumuşatıcısı Renkliler İçin Amber 60 Yıkama 1440 Ml,237.50,TRY
2026-03-28,temizlik,Yumoş Extra Lilyum Çamaşır Yumuşatıcısı 1440 Ml,252.00,TRY
2026-03-28,temizlik,Yumoş Extra Orkide Çamaşır Yumuşatıcısı 1440 Ml,252.00,TRY
2026-03-28,temizlik,Yumoş Jet Fresh Giysi Spreyi Yıkamadan Ferah Koku Ve Ütü Etkisi Lilyum 200 Ml,214.50,TRY
2026-03-28,temizlik,Yumoş Jet Fresh Giysi Spreyi Yıkamadan Ferah Koku Ve Ütü Etkisi Orkide 200 Ml,214.50,TRY
2026-03-28,temizlik,Yumoş Sıvı Deterjan Hassas Giysiler İçin İpeksi Bakım 2520 ml,323.50,TRY
2026-03-28,temizlik,Yumoş Uzman Renk Koruma 1200 Ml,229.00,TRY
2026-03-28,petshop,Dogbone Pres Kemik 12 Cm 3 Lü,262.00,TRY
2026-03-28,petshop,Dreamies Ördekli Kedi Ödülü 60 Gr,64.00,TRY
2026-03-28,petshop,Dreamies Peynirli Kedi Ödülü 60 Gr,64.00,TRY
2026-03-28,petshop,Dreamies Somonlu Kedi Ödülü 60 Gr,64.00,TRY
2026-03-28,petshop,Exovit Kemirgen Yemi 500 Gr,104.50,TRY
2026-03-28,petshop,Exovit Muhabbet Kuşu Yemi 400 Gr,87.00,TRY
2026-03-28,petshop,Exovit Paraket Yemi 500 Gr,120.00,TRY
2026-03-28,petshop,Exovit Yetişkin Muhabbet Kuşu Krakeri 1000 Gr,179.50,TRY
2026-03-28,petshop,Felix Avantajlı Somonlu Ton Balıklı Yaş Mama 4x85g,122.50,TRY
2026-03-28,petshop,Felix Çifte Lezzet Somon ve Sardalya Yetişkin Kedi Konservesi Pouch 85gr,39.00,TRY
2026-03-28,petshop,Felix Junior Yavru Tavuk Etli Kedi Yaş Mama 85 Gr,39.00,TRY
2026-03-28,petshop,Felix Kuzu Etli Yaş Kedi Maması 85 Gr,39.00,TRY
2026-03-28,petshop,Felix Sensation Somonlu ve Karidesli Yetişkin Kedi Konservesi Pouch 85gr,39.00,TRY
2026-03-28,petshop,Felix Sensation Tavuklu Havuçlu Yetişkin Kedi Konservesi Pouch 85gr,39.00,TRY
2026-03-28,petshop,Felix Sığır Eti Yaş Yavru Kedi Maması 85 Gr,39.00,TRY
2026-03-28,petshop,Felix Sığır Etli Kedi Konservesi 400 Gr,192.00,TRY
2026-03-28,petshop,Felix Sığır Etli ve Kümes Hayvanlı Kedi Pouch 85 gr,39.00,TRY
2026-03-28,petshop,Felix Sığır Etli ve Tavuklu Yaş Kedi Maması 4x85g,122.50,TRY
2026-03-28,petshop,Felix Sığır Etli Yaş Kedi Maması 85 Gr,39.00,TRY
2026-03-28,petshop,Felix Somonlu Alabalıklı Kedi Maması 400 Gr,178.50,TRY
2026-03-28,petshop,Felix Somonlu Yetişkin Kedi Konservesi Pouch 85gr,39.00,TRY
2026-03-28,petshop,Felix Ton Balıklı Yetişkin Kedi Konservesi 85gr,39.00,TRY
2026-03-28,petshop,Felix Yavru Kedi Sığır Etli Tavuklu 4×85 Gr,122.50,TRY
2026-03-28,petshop,Freemax Kuzu Etli Kedi Maması 15 Kg,1630.00,TRY
2026-03-28,petshop,Freemax Kuzu Etli Köpek Maması 15 Kg,1290.00,TRY
2026-03-28,petshop,Gifyy Gurme Kedi Maması 15 Kg,1770.00,TRY
2026-03-28,petshop,Gifyy Kuzu Etli Köpek Maması 15 Kg,1630.00,TRY
2026-03-28,petshop,Gifyy Tavuklu Kedi Maması 15 Kg,1745.00,TRY
2026-03-28,petshop,Gourmet Gold Kıyılmış Sığır Etli Kedi Konservesi 85 gr (1 adet),65.50,TRY
2026-03-28,petshop,Gourmet Gold Kıyılmış Ton Balıklı Kedi Konservesi 85 Gr,65.50,TRY
2026-03-28,petshop,Gourmet Gold Tavuklu Ve Ciğerli Kedi Konservesi 85 Gr,54.00,TRY
2026-03-28,petshop,Klas Bird Ballı Muhabbet Kuşu Krakeri,42.50,TRY
2026-03-28,petshop,Klas Bird Meyveli Muhabbet Kuşu Krakeri,42.50,TRY
2026-03-28,petshop,Pati Life Ciğerli Kedi Konservesi 415 Gr,21.50,TRY
2026-03-28,petshop,Pati Life Gurme Kırmızı Ve Tavuk Etli Kedi Konservesi 415 Gr,21.50,TRY
2026-03-28,petshop,Pati Life Kuzu Etli Köpek Konservesi 415 Gr,21.50,TRY
2026-03-28,petshop,Pati Life Tahılsız Biftekli Kedi Konservesi 415 Gr,21.50,TRY
2026-03-28,petshop,Pati Life Tahılsız Kuzu Etli Kedi Konservesi 415 Gr,21.50,TRY
2026-03-28,petshop,Pedigree Biftekli Köpek Konservesi 400 Gr,156.00,TRY
2026-03-28,petshop,Pedigree Biscrock Köpek Ödül Maması 200 Gr,98.00,TRY
2026-03-28,petshop,Pedigree Dentastix SMAll Köpek Ödül Maması 110 Gr,105.50,TRY
2026-03-28,petshop,Pedigree Jumbone Mini Köpek Ödül Maması 180 Gr,105.50,TRY
2026-03-28,petshop,Pedigree Markies Köpek Ödül Maması 150 Gr,105.50,TRY
2026-03-28,petshop,Pedigree Tavuklu Köpek Konservesi 400 Gr,156.00,TRY
2026-03-28,petshop,Pedigree Yavru Köpek Konservesi 400 Gr,156.00,TRY
2026-03-28,petshop,Perfect Aktif Karbonlu Kedi Kumu 10 Lt,354.00,TRY
2026-03-28,petshop,Perfect Bebek Pudrası Kokulu Kedi Kumu 10 Lt,351.00,TRY
2026-03-28,petshop,Perfect Kuzu Etli Köpek Ödül Çubuğu 4 Lü 20 Gr,37.50,TRY
2026-03-28,petshop,Perfect Lavanta Kokulu Kedi Kumu 10 Lt,351.00,TRY
2026-03-28,petshop,Perfect Marsilya Sabun Kokulu Kedi Kumu 10 Lt,351.00,TRY
2026-03-28,petshop,Perfect Marsilya Sabun Kokulu Kedi Kumu 5 Lt,169.50,TRY
2026-03-28,petshop,Pets Family Baby Powder İnce Bent. Kedi Kumu 10 Lt,416.00,TRY
2026-03-28,petshop,Pets Family Balıklı Kedi Konservesi 400Gr,76.50,TRY
2026-03-28,petshop,Pets Family Çiğerlı Kedi Konservesi 400 Gr,76.50,TRY
2026-03-28,petshop,Pets Family Dana Etli Kedi Konservesi 400 Gr,76.50,TRY
2026-03-28,petshop,Pets Family Gurme Yetişkin Kedi Maması 2500+700 Gr,607.00,TRY
2026-03-28,petshop,Pets Family Kuzu Eti Yavru Kopek Maması 8+2 Kg,1195.00,TRY
2026-03-28,petshop,Pets Family Kuzu Eti Yetişkin Kopek Maması 8+2 Kg,1180.00,TRY
2026-03-28,petshop,Pets Family Marsilya Sabun İnce Bent. Kedi Kumu 5 Lt,211.00,TRY
2026-03-28,petshop,Pets Family Meyveli Muhabbet Kuşu Krakeri 80 Gr,29.50,TRY
2026-03-28,petshop,Pets Family Muhabbet Kuş Yemi 400 Gr,46.00,TRY
2026-03-28,petshop,Pets Family Naturel Kalın Bentonit Kedi Kumu 5 Lt,203.00,TRY
2026-03-28,petshop,Pets Family Pouch Kısırlastırılmış Kedi Somonlu Jöle 85 Gr,29.00,TRY
2026-03-28,petshop,Pets Family Pouch Yavru Kedi Tavuklu Jöleli 85 Gr,29.00,TRY
2026-03-28,petshop,Pets Family Pouch Yetişkin Kedi Somonlu Jöleli 85 Gr,29.00,TRY
2026-03-28,petshop,Pets Family Tavuklu Yavru Kedi Maması 400+100 Gr,121.50,TRY
2026-03-28,petshop,Proff Kuzu Etli Kedi Ödül Çubukları 3 X 5 Gr,61.00,TRY
2026-03-28,petshop,Proff Kuzu Etli Küçük Irk Köpek Ödül Maması 3 X 10 Gr,61.00,TRY
2026-03-28,petshop,Proff Somonlu Kedi Ödül Çubukları 3 X 5 Gr,61.00,TRY
2026-03-28,petshop,Purina One Kısırlaştırılmış Kedi Maması Somonlu 800 Gr,460.00,TRY
2026-03-28,petshop,Purina One Steril Kısırlaştırılmış Kediler İçin Sığır Etli Kedi Maması 800 Gr,460.00,TRY
2026-03-28,petshop,Rexy Biftekli Kedi Maması 1 Kg,211.00,TRY
2026-03-28,petshop,Rexy Gurme Kedi Maması 1 Kg,211.00,TRY
2026-03-28,petshop,Rexy Kuzu Etli Köpek Maması 15 Kg,1630.00,TRY
2026-03-28,petshop,Rexy Sterilised Kısırlaştırılmış Kediler İçin Kedi Maması 1 Kg,211.00,TRY
2026-03-28,petshop,Rexy Tavuk Etli Yavru Kedi Maması 1 Kg,214.00,TRY
2026-03-28,petshop,Rexy Tavuklu Kedi Maması 10 Kg,1530.00,TRY
2026-03-28,petshop,Whiskas Balıklı Kedi Konservesi 400 Gr,156.00,TRY
2026-03-28,petshop,Whiskas Biftekli Havuçlu Kuru Kedi Maması 300 Gr,125.00,TRY
2026-03-28,petshop,Whiskas Kuru Yavru Tavuklu Kedi Maması 300 Gr,125.00,TRY
2026-03-28,ev-yasam,Alex A4 10/100Lu Renkli Fotokopi Kağıdı Krs.Alx-779,221.00,TRY
2026-03-28,ev-yasam,Anıtkabir Maketi DeMonte 33 Parça 29x17x6 cm,890.00,TRY
2026-03-28,ev-yasam,Anıtkabir Maketi Monte 29x17x6 cm,890.00,TRY
2026-03-28,ev-yasam,Anıtkabir Maketi Monte LED Işıklı 29x17x6 cm,1120.00,TRY
2026-03-28,ev-yasam,Asrın Takım Çantası 16 İnc Asr-5028,460.00,TRY
2026-03-28,ev-yasam,Bambu Tahta Karıştırıcı 500’lü Paket,51.00,TRY
2026-03-28,ev-yasam,Besel Raf Altı No:1 5X6,53.50,TRY
2026-03-28,ev-yasam,Besel Raf Altı No:2 6*8,61.50,TRY
2026-03-28,ev-yasam,Besel Raf Altı No:3 7*9,69.50,TRY
2026-03-28,ev-yasam,Bestchoice Katlanır Kamp Sandalyesi 1 Adet,835.00,TRY
2026-03-28,ev-yasam,Bestchoice Katlanır Kamp Sandalyesi 2 Adet,1510.00,TRY
2026-03-28,ev-yasam,Bozkurt Gelin Mum 24 Lü,105.00,TRY
2026-03-28,ev-yasam,Bozkurt Market Mumu 10 Adet,115.00,TRY
2026-03-28,ev-yasam,Bozkurt Pasta Mum 24 Lü,40.50,TRY
2026-03-28,ev-yasam,Cook Airfryer Pişirme Kağıdı 50’li 16 cm,296.50,TRY
2026-03-28,ev-yasam,Cook Airfryer Pişirme Kağıdı XXL 25’li 20 cm,226.50,TRY
2026-03-28,ev-yasam,Cook Alüminyum Folyo 45 cm x 100 m,749.00,TRY
2026-03-28,ev-yasam,Cook Bas – Kes Yedek Streç Film 60 M,233.00,TRY
2026-03-28,ev-yasam,Cook Bas & Kes Streç Kesici 30 m,644.00,TRY
2026-03-28,ev-yasam,Cook Battal Boy Çöp Torbası 72X95Cm 7 Li,134.50,TRY
2026-03-28,ev-yasam,Cook Buzdolabı Poşet Orta Boy 24X38 Cm,66.00,TRY
2026-03-28,ev-yasam,Cook Buzdolabı Poşeti Büyük Boy 3+1 30X45 Cm,191.00,TRY
2026-03-28,ev-yasam,Cook Buzdolabı Poşeti Büyük Boy 30X45 Cm,68.50,TRY
2026-03-28,ev-yasam,Cook Buzdolabı Poşeti Küçük Boy 3+1 20X30 Cm,191.00,TRY
2026-03-28,ev-yasam,Cook Buzdolabı Poşeti Orta Boy 4 Lü,191.00,TRY
2026-03-28,ev-yasam,Cook Çöp Poşeti Büyük Boy Kavun Kokulu,92.50,TRY
2026-03-28,ev-yasam,Cook Çöp Poşeti Jumbo Ulstra Dayanıklı,388.50,TRY
2026-03-28,ev-yasam,Cook Çöp Torbası Bahar Kokulu Küçük Boy,92.50,TRY
2026-03-28,ev-yasam,Cook Çöp Torbası Büyük Boy 7 Li Eko,77.50,TRY
2026-03-28,ev-yasam,Cook Çöp Torbası Büzgülü Çilek Kokulu Büyük Boy,189.00,TRY
2026-03-28,ev-yasam,Cook Çöp Torbası Büzgülü Limon Kokulu 65X70 Cm,189.00,TRY
2026-03-28,ev-yasam,Cook Çöp Torbası Elma Kokulu Orta Boy,92.50,TRY
2026-03-28,ev-yasam,Cook Çöp Torbası Jumbo Boy Ekonomik 80×110 cm 10 Yaprak,193.00,TRY
2026-03-28,ev-yasam,Cook Çöp Torbası Jumbo Boy Profesyonel,249.00,TRY
2026-03-28,ev-yasam,Cook Çöp Torbası Küçük Boy Ekonomik,76.00,TRY
2026-03-28,ev-yasam,Cook Çöp Torbası Orta Boy Ekonomik,74.50,TRY
2026-03-28,ev-yasam,Cook Kendinden Kesilmiş Pişirme Kağıdı,96.50,TRY
2026-03-28,ev-yasam,Cook Kilitli Buz Torbası,89.50,TRY
2026-03-28,ev-yasam,Cook Kilitli Buzdolabı Poşeti 19X25 Cm,115.00,TRY
2026-03-28,ev-yasam,Cook Streç Film 300 Metre 30 Cm,311.00,TRY
2026-03-28,ev-yasam,Cook Yağlı Pişirme Kağıdı 16 Adet,167.00,TRY
2026-03-28,ev-yasam,Deppo Kağıt Masa Örtüsü 100×120 cm,80.00,TRY
2026-03-28,ev-yasam,Deppo Mutfak Plus Jumbo Boy Çöp Torbası 80×110 cm 30’lu Paket x 1 Rulo,139.00,TRY
2026-03-28,ev-yasam,Deppo Mutfak Plus Jumbo Boy Çöp Torbası 80×110 cm 30’lu Paket x 10 Rulo,1326.00,TRY
2026-03-28,ev-yasam,Duracell AAA 4’lü İnce Kalem Pil,220.50,TRY
2026-03-28,ev-yasam,Duracell Basic İnce Kalem Pil 6’lı AAA,308.00,TRY
2026-03-28,ev-yasam,Duracell Lityum 2032 Pil 2’Li,169.00,TRY
2026-03-28,ev-yasam,Duracell Orta Boy C Boy Pil 2 Lı,354.50,TRY
2026-03-28,ev-yasam,Duracell Şarj Edilebilir AAA 750 mAh Piller,468.50,TRY
2026-03-28,ev-yasam,Duracell Turbo Max 9V Pil,330.00,TRY
2026-03-28,ev-yasam,Earloop Lastik Halkalı Elyaf Kolluk 50’li,60.00,TRY
2026-03-28,ev-yasam,Ebrayn Buz Çözücü 500Ml,70.50,TRY
2026-03-28,ev-yasam,Ebrayn Jant Temizleyici 500 Ml,85.00,TRY
2026-03-28,ev-yasam,Ebrayn Motor Yağ Kir Temizleyici 500 Ml,85.00,TRY
2026-03-28,ev-yasam,Ebrayn Oto Şampuanı Lux 1000Ml,82.50,TRY
2026-03-28,ev-yasam,Ebrayn Torpido Parlatıcı 500 Ml,108.00,TRY
2026-03-28,ev-yasam,"El Boyaması Kuş Detaylı Dekoratif Polyester Tabak – Şekerlik & Zarif Hediyelik 31x22x7,5 cm",975.00,TRY
2026-03-28,ev-yasam,Faber Castell 12 Renk Keçeli Kalem,194.50,TRY
2026-03-28,ev-yasam,Faber Castell Plastik Çantalı Tutuculu Pastel Boya 24 Renk,425.50,TRY
2026-03-28,ev-yasam,Faber-Castell 12’li Tam Boy Üçgen Kuru Boya Kalemi 113313,294.00,TRY
2026-03-28,ev-yasam,Faber-Castell 24 Renk Metal Tüp Kuru Boya Kalemi,440.00,TRY
2026-03-28,ev-yasam,Faber-Castell 36 Renk Tüp Kuru Boya Kalemi,586.50,TRY
2026-03-28,ev-yasam,Faber-Castell Karton Kutu Boya Kalemi 24 Renk,323.50,TRY
2026-03-28,ev-yasam,Faber-Castell Karton Kutu Pastel Boya 12 Renk,191.00,TRY
2026-03-28,ev-yasam,Faber-Castell Keçeli Boya Kalemi 6’lı Poşet,114.50,TRY
2026-03-28,ev-yasam,Faber-Castell Keçeli Kalem 20 Renk Yıkanabilir,420.00,TRY
2026-03-28,ev-yasam,Faber-Castell Küçük Hazneli Suluboya 12 Renk,176.00,TRY
2026-03-28,ev-yasam,Faber-Castell Parmak Boyası 6 Renk 25 ml 1 Paket 6 Lı Parmak Boya,235.50,TRY
2026-03-28,ev-yasam,Faber-Castell Pastel Boya 18 Renk Redline Karton Kutu,264.00,TRY
2026-03-28,ev-yasam,Faber-Castell Suluboya 21 Renk Redline Büyük Boy,482.00,TRY
2026-03-28,ev-yasam,Flora 004 Camsil 34Cm,77.00,TRY
2026-03-28,ev-yasam,Flora 166 Oto Fırça,84.50,TRY
2026-03-28,ev-yasam,Flora 167 Oto Fırça,107.50,TRY
2026-03-28,ev-yasam,Flora 389 Deterjan Hazneli Bulaşık Fırçası,121.50,TRY
2026-03-28,ev-yasam,Globox Bant 66Mt,26.50,TRY
2026-03-28,ev-yasam,İdeal Buzdolabı Poşeti Küçük Boy 20X30 Cm 35 Li,67.00,TRY
2026-03-28,ev-yasam,İdeal Buzdolabı Poşeti Orta Boy 20Li Paket,94.50,TRY
2026-03-28,ev-yasam,İdeal Büzgülü Çöp Torbası Orta Boy Portakal Kokulu,56.50,TRY
2026-03-28,ev-yasam,Kavanoz Kapağı 100 adet,542.00,TRY
2026-03-28,ev-yasam,Kavanoz Kapağı 20 adet,123.50,TRY
2026-03-28,ev-yasam,Kavanoz Kapağı 50 adet,263.50,TRY
2026-03-28,ev-yasam,Koroplast Alüminyum Folyo 8 Metre,163.50,TRY
2026-03-28,ev-yasam,Koroplast Buzdolabı Poşeti Büyük 30 X 45 25 Adet,61.50,TRY
2026-03-28,ev-yasam,Koroplast Buzdolabı Poşeti Büyük Boy 30X45 4 Al 3 Öde,126.00,TRY
2026-03-28,ev-yasam,Koroplast Buzdolabı Poşeti Küçük 40 Lı 20X30 Cm,60.50,TRY
2026-03-28,ev-yasam,Koroplast Buzdolabı Poşeti Küçük Boy 20X30 4 Al 3 Öde,127.00,TRY
2026-03-28,ev-yasam,Koroplast Buzdolabı Poşeti Orta 24X38 Cm 4 Al 3 Öde,127.00,TRY
2026-03-28,ev-yasam,Koroplast Çöp Poşeti Büzgülü Çilek Kokulu Orta Boy,170.00,TRY
2026-03-28,ev-yasam,Koroplast Çöp Poşeti Büzgülü Limon Kokulu Orta Boy,170.00,TRY
2026-03-28,ev-yasam,Koroplast Çöp Poşeti Mini Boy Ekonomik,63.00,TRY
2026-03-28,ev-yasam,Koroplast Çöp Torbası Büyük Boy,52.00,TRY
2026-03-28,ev-yasam,Koroplast Çöp Torbası Ekstra Dayanıklı Çilek Büzgülü Büyük Boy 10 Lu,170.00,TRY
2026-03-28,ev-yasam,Koroplast Çöp Torbası Jumbo Boy 80 cm x 110 cm Mavi 7’li Paket,163.50,TRY
2026-03-28,ev-yasam,Koroplast Çöp Torbası Limon Büzgülü Büyük Boy 10 Lu,170.00,TRY
2026-03-28,ev-yasam,Koroplast Çöp Torbası Orta Boy Ekonomik,62.00,TRY
2026-03-28,ev-yasam,Koroplast Fırın Torbası Büyük Boy 8 Adet,78.00,TRY
2026-03-28,ev-yasam,Koroplast Kilitli Poşet Büyük Boy 26X28 Cm 10 Lu,103.00,TRY
2026-03-28,ev-yasam,Koroplast Orta Boy Buzdolabı Poşeti 24 X 38 Cm 30 Adet,55.50,TRY
2026-03-28,ev-yasam,Koroplast Pişirme Kağıdı Kesilmiş Profesyonel,133.50,TRY
2026-03-28,ev-yasam,Koroplast Saklama Poşeti Orta Boy 120 Adet,94.50,TRY
2026-03-28,ev-yasam,Koroplast Sar Pişir 12 Yapraklı,198.00,TRY
2026-03-28,ev-yasam,Koroplast Streç Film 30 cm 100 Metre,399.50,TRY
2026-03-28,ev-yasam,Koroplast Streç Film 30 Cm X 15 Metre,113.50,TRY
2026-03-28,ev-yasam,Koroplast Streç Film 30 Cm X 33 Metre,187.00,TRY
2026-03-28,ev-yasam,Koroplast Vanilya Kokulu Büzgülü Çöp Torbası Büyük Boy,132.00,TRY
2026-03-28,ev-yasam,Koroplast Vanilya Kokulu Büzgülü Çöp Torbası Orta Boy,132.00,TRY
2026-03-28,ev-yasam,Kullan At Masa Örtüsü 100×150 cm 24 mt,127.00,TRY
2026-03-28,ev-yasam,Mack MCB-002 Termos Sıcak/soğuk Çanta Kırmızı 30.5 Litre,347.50,TRY
2026-03-28,ev-yasam,Macro Max Airfryer Pişirme Kağıdı 16 cm 20 adet,129.00,TRY
2026-03-28,ev-yasam,Macromax Alüminyum Folyo 10 Mt,155.70,TRY
2026-03-28,ev-yasam,Mina Pack Kürdan Jelatinli 200 Adet,43.00,TRY
2026-03-28,ev-yasam,Nazarlık Göz Biblosu Eskitme Özel Tasarım Dekoratif Obje,695.00,TRY
2026-03-28,ev-yasam,NEFFES Hava Kalitesi Ölçüm Cihazı NFS-AirQM,3600.00,TRY
2026-03-28,ev-yasam,NEFFES Hava Temizleme Cihazı NFS-400U,29800.00,TRY
2026-03-28,ev-yasam,Niceplast Bambu Cips Çatalı 100’lü,86.00,TRY
2026-03-28,ev-yasam,Niceplast Galoş – 100’lü,75.00,TRY
2026-03-28,ev-yasam,Niceplast Kağıt Pipet Sargılı 200’lü,21.50,TRY
2026-03-28,ev-yasam,Niceplast Kilitli Torba 9×11 cm 100’lü,27.00,TRY
2026-03-28,ev-yasam,Niceplast Kristal Plastik Çatal 50 ‘li,34.50,TRY
2026-03-28,ev-yasam,Niceplast Lastik Halkalı Kullan At Bone 100 Adet,83.00,TRY
2026-03-28,ev-yasam,Niceplast Pipet 100’lü,22.50,TRY
2026-03-28,ev-yasam,OOOH SUPER READERS Odaklan Oyna Oku Okul Öncesi Hızlı Okuma Oyun Seti,1700.00,TRY
2026-03-28,ev-yasam,Orbus 5W Led E14 Ampul Sarı,89.00,TRY
2026-03-28,ev-yasam,Orbus Ampul 9W Led Beyaz E27,74.00,TRY
2026-03-28,ev-yasam,Parla Endüstriyel Çöp Torbası Battal Boy (75×90 cm | 70 Lt) 30’lu x 1 Rulo,90.00,TRY
2026-03-28,ev-yasam,Parla Endüstriyel Çöp Torbası Battal Boy (75×90 cm | 70 Lt) 30’lu x 10 Rulo,900.00,TRY
2026-03-28,ev-yasam,Parla Endüstriyel Çöp Torbası Jumbo Boy (80×110 cm | 90 lt) 30 Yaprak x 1 Rulo,129.00,TRY
2026-03-28,ev-yasam,Parla Endüstriyel Çöp Torbası Jumbo Boy (80×110 cm | 90 lt) 30 Yaprak x 10 Rulo,1230.00,TRY
2026-03-28,ev-yasam,Pilli LED Işıklı Mum Sarı Işık 1 adet,27.00,TRY
2026-03-28,ev-yasam,Pilli LED Işıklı Mum Sarı Işık 10 adet,234.00,TRY
2026-03-28,ev-yasam,Pilli LED Işıklı Mum Sarı Işık 100 adet,1965.00,TRY
2026-03-28,ev-yasam,Pilli LED Işıklı Mum Sarı Işık 1000 adet,18230.00,TRY
2026-03-28,ev-yasam,Pilli LED Işıklı Mum Sarı Işık 24 adet,525.00,TRY
2026-03-28,ev-yasam,Pilli LED Işıklı Mum Sarı Işık 50 adet,1025.00,TRY
2026-03-28,ev-yasam,Plastik Karıştırıcı Çubuk 500 ‘lü,60.50,TRY
2026-03-28,ev-yasam,"Polyester Lotus Çiçeği Dekoratif Şık ve Çok Yönlü Tasarım 18,5×18,5 cm",595.00,TRY
2026-03-28,ev-yasam,Sera Alüminyum Folyo 8 Metre,127.50,TRY
2026-03-28,ev-yasam,Sera Buzdolabı Poşeti Büyük 30X45,55.00,TRY
2026-03-28,ev-yasam,Sera Buzdolabı Poşeti Küçük 20X30,51.50,TRY
2026-03-28,ev-yasam,Sera Buzdolabı Poşeti Orta Boy 4 Al 3 Öde,78.00,TRY
2026-03-28,ev-yasam,Sera Büzgülü Çöp Torbası Büyük Boy 65 x 70 cm 15 Adet,129.50,TRY
2026-03-28,ev-yasam,Sera Çöp Torbası Büzgülü Limon Kokulu Orta Boy,129.00,TRY
2026-03-28,ev-yasam,Sera Çöp Torbası Büzgülü Nergis Kokulu Büyük Boy,98.50,TRY
2026-03-28,ev-yasam,Sera Çöp Torbası Büzgülü Nergis Kokulu Orta Boy,98.50,TRY
2026-03-28,ev-yasam,Sera Çöp Torbası Büzgülü Vanilya Kokulu Orta Boy,110.50,TRY
2026-03-28,ev-yasam,Sera Çöp Torbası Normal Battal Boy,140.00,TRY
2026-03-28,ev-yasam,Sera Fırın Torbası 38X25 Cm 8 Li,92.00,TRY
2026-03-28,ev-yasam,Sera Hazır Kesilmiş Pişirme Kağıdı 16 Lı,119.00,TRY
2026-03-28,ev-yasam,Sera Pişirme Kağıdı 10’lu,79.50,TRY
2026-03-28,ev-yasam,Sera Streç Film 30 cm 165 Metre,334.00,TRY
2026-03-28,ev-yasam,Sera Streç Film 33 Metre,120.00,TRY
2026-03-28,ev-yasam,Sera Streç Film 50 Metre,187.00,TRY
2026-03-28,ev-yasam,Sera Streç Film Kutulu Ekonomik 30 Cm X 170 Metre,242.00,TRY
2026-03-28,ev-yasam,Sera Streç Film Kutulu Ekonomik 30 Cm X 300 M 8 Mikron,388.00,TRY
2026-03-28,ev-yasam,Sera Streç Film Kutulu Ekonomik 45 Cm X 170 Mt 9 Mikron,379.00,TRY
2026-03-28,ev-yasam,Sera Streç Film Kutulu Ekonomik 45Cm X 300M 8 Mikron,536.00,TRY
2026-03-28,ev-yasam,"Soyut Heykelcik Seti – Ev, Ofis, Kitaplık ve Masaüstü Dekoratif Süs, Doğum Günü Hediyesi Beyaz Renk 3’lü set",375.00,TRY
2026-03-28,ev-yasam,"Soyut Heykelcik Seti – Ev, Ofis, Kitaplık ve Masaüstü Dekoratif Süs, Doğum Günü Hediyesi Siyah Renk 3’lü set",375.00,TRY
2026-03-28,ev-yasam,Super Bag 14 Takım Çantası Classic,256.00,TRY
2026-03-28,ev-yasam,Tekno Termal Pos Rulo Kağıdı 10 Lu 56 x 15 Cm,104.50,TRY
2026-03-28,ev-yasam,Vege Aslan 100 mt Koli Bandı,79.00,TRY
2026-03-28,ev-yasam,VeGe Copier Bond A4 Fotokopi Kağıdı 80 Gr 500 ‘Lü (1 Paket),253.00,TRY
2026-03-28,ev-yasam,VeGe Copier Bond A5 Fotokopi Kağıdı 1000 Li,338.00,TRY
2026-03-28,ev-yasam,Vege Koli Bandı 45cm x 40mt,49.00,TRY
2026-03-28,ev-yasam,Watsonix 4Lu Kalem Pil AA,30.50,TRY
2026-03-28,ev-yasam,Wattsonix AAA Pil 4’Lü İnce Pil,30.50,TRY
2026-03-28,ev-yasam,Wurth Balata Spreyi 500Ml,346.00,TRY
2026-03-28,ev-yasam,Wurth Cam Temizleme Sabunu 32Ml,76.00,TRY
2026-03-28,ev-yasam,Wurth Dizel Enjektör Temizleyici 300Ml,890.00,TRY
2026-03-28,ev-yasam,Wurth Motor Temizleyici Susuz 500Ml,634.00,TRY
2026-03-28,ev-yasam,Wurth Silikon Sprey 500Ml,735.00,TRY
2026-03-28,ev-yasam,Wurth Yağmur Kaydırıcı 150Ml,149.00,TRY
2026-03-28,ev-yasam,Deppo Battal Boy Çöp Torbası 75×90 cm 30’lu Paket x 1 Rulo,124.00,TRY
2026-03-28,ev-yasam,Deppo Battal Boy Çöp Torbası 75×90 cm 30’lu Paket x 10 Rulo,1190.00,TRY
