grup_id,urun_adi,fiyat
0,Tadelle Çikolata 30 Gr,37.5
0,Tadelle Gofret 28 Gr,26.5
0,Sarelle Kakaolu Fındık Kreması 700 Gr,344.95
0,Tadelle Çikolata 52 Gr King Size,62.5
0,Algida Carte D'or Bites Nuga 261 Ml,250.0
0,Algida Chocopint 430 Ml,300.0
0,Algida Carte D'or Chunkies Elma 430 Ml,250.0
0,Algida Magnum Mini Sadwich Badem 400 Ml,300.0
0,Algida Magnum Mini Badem 280 Ml,199.9
0,Algida Maraş Sade 650 Ml,200.0
0,Algida Magnum Signature Antep Fıstığı 90 Ml,90.0
0,Algida Max Duo Caramel Vanilya 55 Ml,10.0
0,Algida Max Karpi 75 Ml,15.0
0,Algida Max Vişi 60 Ml,10.0
0,Algida Volcano Beyaz 86 Ml,50.0
0,Algida Cornetto Çilek Vanilya 490 Ml,150.0
0,Algida Pint White Cookie 440 Ml,400.0
0,Algida Magnum Sadwich Badem 140 Ml,90.0
0,Algida Carte D'or Bites Çikolata 261 Ml,250.0
0,Algida Usta Fistık Cenneti 460 Ml,250.0
0,Algida Cornetto Aşkına Karadut&Çikolata 150 Ml,60.0
0,Algida Max Twister Subzero 65 Ml,15.0
0,Algida Maraş Sade 500 Ml,150.0
0,Algida Spoonful 770 Ml,230.0
0,Algida Cornetto Disc Double Antep Fıstıklı 130 Ml,75.0
0,Algida Max Buzparmak 50 Ml,10.0
0,Algida Max Gökkuşağı 62 Ml,15.0
0,Algida Magnum Mini Böğürtlen Badem 283 Ml,225.0
1,Namet Dana Jambon 7/24 50 Gr,69.95
3,YUMOŞ ODA PARFÜMÜ 450ML SAKURA,199.95
3,Dalan Family Zeytin Mucizesi Sıvı Sabun 400 Ml,44.95
3,Nescafe Crema Latte Kahve 17 Gr,14.5
3,Vivident 45 Dakika Cüzdan Nane Sakız 26 Gr,47.5
3,Lipton Form Plus Kayısılı Çay 20'li,89.95
3,CM 9W 6500K E27 Beyaz Led Ampul,39.95
3,Peros Soft Mavi Orkide Lilyum Konsantre Çamaşır Yumuşatıcı 1440 Ml,149.95
3,Ülker Çilekli Mini Kekstra 150 Gr,54.95
3,Colgate Plax Nane Ferahlığı Ağız Bakım Suyu 250 Ml,179.95
3,Duru Kolajen & Zeytinyağı Şampuan 500 Ml,69.95
17,Miss Arap Sabunu 1 Lt,69.95
17,Dr.Oetker Çikolatalı Antep Fıstıklı Puding 100 Gr,45.95
17,Dr.Oetker Çikolatalı Muffin 345 Gr,153.45
17,Kinder Süt Dilimi 4'lü,74.95
21,Ülker Çikolatalı Gofret Maxi 47 Gr,20.0
23,Ülker Halley Muzlu Pasta Tadında Sandviç Bisküvi 210 Gr,94.95
24,Tahsildaroğlu Lüx Klasik Beyaz Peynir Kg,499.95
24,Semiz Otu Demet,19.9
24,Elma Fuji Kg,69.9
24,Şenpiliç Kemiksiz Derisiz İncik (Izgara Tava) Kg,339.0
24,Patlıcan Kg,29.9
24,Salatalık Silor Kg,44.9
24,Marul Kıvırcık Adet,37.9
24,Domates Sırık Kg,79.9
24,Çilek Kg,159.9
24,Kabak Kg,34.9
24,Muz Yerli Kg,119.9
24,Elma Golden Kg,134.9
24,Biber Tatlı Kg,34.9
24,Dana Sotelik Kg,949.95
26,Ülker Kremalı Sandviç Bisküvi 8'li 488 Gr,110.0
26,Mutlu Tel Şehriye 500 Gr,28.95
26,Mutlu Arpa Şehriye 500 Gr,28.95
26,Jacobs 2 Si 1 Arada Paket 10 Lu,94.95
26,Vindex Fast Mikrofiber Temizlik Bezi 5 Li,79.99
26,Gürsüt Yayık Tereyağ Kg,699.95
26,Gürsüt Süzme Yoğurt Kg,149.95
26,Teksüt Lor 500 Gr,59.95
26,Asperox Temizliğin Kokusu Yüzey Temizleyici 2.5 Lt,149.95
26,Asperox Manolya - Frezya Yüzey Temizleyici 2.5 Lt,149.95
26,Eti Cicibebe Bebek Bisküvisi 700 Gr,165.5
26,Eker Sütlaç 500 Gr,99.9
26,Eker Çikolatalı Puding 500 Gr,99.9
26,Eker Süzme Yoğurt 900 Gr,214.5
26,Sütaş Örgü Peyniri 200 Gr,169.95
26,Sütaş Çeçil Peyniri 200 Gr,169.95
26,Tellioğlu Çok Amaçlı Un 5 Kg,179.95
26,Familia Natural 1=3 Jumbo Kağıt Havlu,79.95
26,Peros Soft Yasemin Neroli Çiçeği Konsantre Çamaşır Yumuşatıcı 1440 Ml,149.95
26,Sarı Efe Çiftliği Gezen Tavuk Yumurtası 10 Lu,99.95
26,Kula Sade Maden Suyu 200 Ml x 6 lı,59.5
26,Torku Kakaolu Tahin Helvası 500 G,129.95
26,Torku Sade Helva 500 Gr,129.95
26,Gemvit Jumbo Gemlik Sele Zeytin Kg 230-260 Klb,299.95
26,İpek Çiftliği Bergama Tulum Peyniri Kg,649.95
30,Vindex Fast Sprey Mop,249.95
31,Jungle Somon Biftek Çift Lezzet Kısır Kedi Maması 4x100 Gr,119.0
31,Jungle Kuzulu Tavuklu Yetişkin Kedi Maması 4x100 Gr,119.0
31,Jungle Tavuk Sarılı Köpek Ödül Maması 85 Gr,209.95
31,Jungle Lower Mix Köpek Ödül Bisküvisi 150 Gr,94.95
31,Jungle Et Parçaları Köpek Ödül Maması 100 Gr,157.95
31,Jungle Somon Dilimleri Köpek Ödül Maması 100 Gr,209.95
31,Jungle Junior Mix Köpek Ödül Bisküvisi 150 Gr,94.95
31,Jungle Tavuklu & Somonlu Taze Et Ezmesi Köpek Ödül Maması 90 Gr,83.95
31,Jungle Ördekli & Bal Kabaklı Taze Et Ezmesi Köpek Ödül Maması 90 Gr,83.95
31,Jungle Kuzulu & Havuçlu Taze Et Ezmesi Köpek Ödül Maması 90 Gr,83.95
31,Jungle Tavuklu & Havuçlu Taze Et Ezmesi Köpek Ödül Maması 90 Gr,83.95
31,Jungle Bağışıklık Ve Deri Tüy Sağlığı Destekleyici Kedi Macunu 75 Ml,125.95
31,Jungle Tüy Yumağı Önleyici Kedi Macunu 75 Ml,125.95
31,Jungle Bentonit İnce Parfümlü Kedi Kumu 5 Lt,135.45
31,Jungle Crunch Deri & Tüy Bakımı Kedi Ödül Maması 60 Gr,59.95
31,Jungle Crunch Yaşlanma Karşıtı Ödül Maması 60 Gr,59.95
31,Jungle Crunch Tüy Yumağı Kontrolü ve Güçlü Kemikler Ödül Maması 60 Gr,59.95
31,Jungle Crunch Güçlü Kemikler Ödül Maması 60 Gr,59.95
31,Jungle Krema Ton-Karides Kedi Ödül Maması 5x14 Gr,92.5
31,Jungle Krema Ton-Somon Kedi Ödül Maması 5x14 Gr,92.5
31,Jungle Krema Tavuklu Kedi Ödül Maması 5x14 Gr,92.5
31,Jungle Kuzulu ve Av Hayvanlı Soslu Yetişkin Köpek Konservesi 400 Gr,89.0
31,Jungle Ballı Kraker 2'li 100 Gr,72.5
31,Jungle Sığır Etli Soslu Yetişkin Kedi Konservesi Maması 400 Gr,89.0
31,Jungle Biftekli ve Sebzeli Soslu Yetişkin Köpek Konservesi 400 Gr,89.0
31,Smile Pouch Kuzulu Kedi Maması 85 Gr,29.5
31,Smile Pouch Kuzulu Yavru Kedi Maması 85 Gr,29.5
31,Smile Konserve Sığır Etli Köpek Maması 400 Gr,83.95
31,Smile Konserve Somonlu Kısır Kedi Maması 400 Gr,83.95
31,Smile Pouch Küçük-Orta Irk Kuzulu Köpek Maması 85 Gr,29.5
31,Smile Konserve Kuzulu Kedi Maması 400 Gr,83.95
31,Smile Yetişkin Mix Kedi Maması 1 Kg,238.95
31,Smile Yavru Kuzulu Kedi Mama 1 Kg,238.95
31,Jungle Pouch Sığır Etli Yetişkin Kedi Yaş Mama 100 Gr,34.5
31,Jungle Pouch Tavuklu Yetişkin Kedi Yaş Mama 100 Gr,34.5
31,Jungle Pouch Somonlu Yetişkin Kedi Yaş Mama 100 Gr,34.5
33,"Purina One Steril Sığır Etli Yetişkin Kedi Maması 1,5 Kg",695.0
33,"Purina One Tavuklu Yetişkin Kuru Kedi Maması 1,5 kg",695.0
33,Felix Sensations Sığır Etli ve Domatesli Yaş Kedi Maması 85 Gr,32.95
33,"Purina One Steril Sığır Etli Kısırlaştırılmış Kedi Maması 1,5 Kg",695.0
33,"Purina One Steril Somonlu Kedi Maması 1,5 Kg",695.0
33,Friskies Junior Tavuklu Yavru Yaş Kedi Maması 100 Gr,30.9
33,Friskies Somonlu Yaş Kedi Maması 85 Gr,30.9
33,Friskies Tavuklu Yaş Kedi Maması 85 Gr,30.9
33,Friskies Sığır Etli Yaş Kedi Maması 85 Gr,30.9
33,Friskies Yetişkin Kümes Hayvanlı Kuru Kedi Maması 300 Gr,95.9
33,Purina One Streril Kediler Sığır Etli Kısırlaştırılmış Kuru Kedi Maması 800 Gr,429.9
33,Purina One Steril Kediler Somonlu Kuru Kedi Maması 800 Gr,429.9
33,Purina One 1- 12 Ay Yavru Kedi Maması 800 Gr,429.9
33,Gourmet Gold Kıyılmış Hindili Konserve Yaş Kedi Maması 85 Gr,59.9
33,Gourmet Gold Kıyılmış Sığır Etli Konserve Yaş Kedi Maması 85 Gr,59.9
33,Gourmet Gold Kıyılmış Ton Balıklı Konserve Yaş Kedi Maması 85 Gr,59.9
33,Gourmet Gold Kıyılmış Tavuklu Konserve Yaş Kedi Maması 85 Gr,59.9
33,Felix Pouch Tasty Shreds Somonlu Yaş Kedi Maması 80 Gr,33.95
33,Felix Pouch Tasty Shreds Tavuklu Yaş Kedi Maması 80 Gr,33.95
33,Felix Pouch Tasty Shreds Ton Balıklı Yaş Kedi Maması 80 Gr,33.95
33,Felix Somon ve Sardalyalı Yaş Kedi Maması 85 Gr,32.95
33,Felix Junior Sığır Etli ve Tavuklu Yaş Yavru Kedi Maması 4x85 Gr,123.45
33,Felix Sensation Tavuklu ve Havuçlu Yaş Kedi Maması 85 Gr,32.95
33,Felix Sensations Somon ve Karidesli Yaş Kedi Maması 85 Gr,32.95
33,Felix Sığır Etli ve Tavuklu Yaş Kedi Maması 85 Gr,32.95
33,Felix Junior Tavuklu Yaş Yavru Kedi Maması 85 Gr,32.95
33,Felix Junior Sığır Etli Yaş Yavru Kedi Maması 85 Gr,32.95
33,Felix Sığır Etli Yaş Kedi Maması 85 Gr,32.95
33,Felix Ton Balıklı Yaş Kedi Maması 85 Gr,32.95
33,Felix Avantajlı Somonlu Ton Balıklı Yaş Kedi Maması 4x85 Gr,123.45
33,Felix Tavuklu Yaş Kedi Maması 85 Gr,32.95
33,Felix Somonlu Yaş Kedi Maması 85 Gr,32.95
33,Felix Sığır Etli ve Tavuklu Yaş Kedi Maması 4x85 Gr,123.45
33,Felix Kuzulu Yaş Kedi Maması 85 Gr,32.95
33,Friskies Junior Tavuklu Ve Havuçlu Yavru Yaş Köpek Maması 100 Gr,43.5
33,Friskies Sığır Etli ve Patatesli Yetişkin Yaş Köpek Maması 100 Gr,43.5
34,Sensodyne Nourish Rahatlatıcı Etki Diş Macunu 75 Ml,199.95
34,Sensodyne Çok Yönlü Koruma Ferah Nefes Diş Macunu 75 Ml,299.95
34,Emotion Natural Breeze Deodorant Roll On 50 Ml,129.99
34,Blade Green Dream Erkek Deodorant Roll On 50 Ml,129.99
34,Parodontax Aktif Diş Eti Onarımı Ferahlık Diş Macunu 75 Ml,319.95
34,Sensodyne Onarım & Koruma Yumuşak Diş Fırçası,239.95
34,Sensodyne Promine Aktif Diş Minesi Kalkanı Nane 75 Ml,329.95
34,Blade Mountaın Fresh Roll On 50 Ml,129.99
34,Blade Cool Fresh Roll On 50 Ml,129.99
37,Macromax Hazır Kesilmiş Yağlı Pişirme Kağıdı 16 Adet,99.95
37,Macromax Mikrofiber Cam Bezi 2'li,119.95
37,Macromax Mikrofiber Havlu Paspas,199.95
37,Macromax Orta Boy Buzdolabı Poşeti 75 li,69.99
37,Macromax Buzdolabı Poşeti Küçük Boy 100 li,69.99
37,Macromax Klasik Yeşil Oluklu Sünger 8'li,99.95
37,Macromax Streç Film 100 Mt Kesme Bıçağı Hediyeli,199.95
37,Macromax Comfort Sünger 2'li,89.95
37,Macromax Temizlik Bezi 5'li,99.95
37,Macromax Buzdolabı Poşeti Büyük Boy 50 li,69.99
37,Macromax Streç Film 33 Mt,99.95
37,Macromax Faster Yedek Mop,149.95
37,Macromax Ekonomik Temizlik Bezi 9'lu,99.95
37,Macromax Pişirme Kağıdı 8 Mt,99.95
37,Macromax Çift Kilitli Poşet 12'li,89.95
37,Macromax Ovma Teli 3'lü,79.95
38,Lav Lara Su Bardağı 6 lı,129.99
39,Whiskas Tavuklu Kısır Kedi Maması 1.4 Kg,549.95
39,Sheba Delikatesse Jöleli Ton Balıklı Kedi Yaş Mama 85 Gr,58.95
39,Whiskas Biftekli Kuru Kedi Maması 1.4 Kg,549.95
39,Whiskas Kümes Hayvanlı Yavru Kedi Yaş Mama 85 Gr,37.95
39,Whiskas Ton Balıklı Kuru Kedi Maması 1.4 Kg,549.95
39,Whiskas Ton Balıklı Yaş Kedi Maması 85 Gr,37.95
39,Whiskas Tavuklu Yaş Kedi Maması 85 Gr,37.95
39,Whiskas Somonlu Yaş Kedi Maması 85 Gr,37.95
39,Whiskas Sığırlı Yaş Kedi Maması 85 Gr,37.95
39,Whiskas Klasik Öğünler Etli Seçim Yavru Kedi Yaş Maması 4x85 Gr,124.95
39,Whiskas Klasik Öğünler Etli Seçim Yaş Kedi Maması 4x85 Gr,124.95
39,Whiskas Yavru Tavuklu Kuru Mama 300 Gr,129.95
39,Whiskas Tavuklu Kuru Mama 300 Gr,129.95
39,Whiskas Tavuklu Kuru Kedi Maması 1.4 Kg,549.95
39,Whiskas Biftekli Kuru Kedi Maması 300 Gr,129.95
39,Whiskas Ton Balıklı Kuru Kedi Maması 300 Gr,129.95
39,Whiskas Tavuklu ve Gravy Soslu Konserve Kedi Maması 400 Gr,164.95
39,Whiskas Sığır Etli ve Gravy Soslu Konserve Kedi Maması 400 Gr,164.95
39,Whiskas Ton Balıklı Konserve Yaş Kedi Maması 400 Gr,164.95
39,Whiskas Tasty Mix Somonlu ve Havuçlu Yaş Kedi Maması 85 Gr,37.95
39,Whiskas Tasty Mix Kuzulu ve Hindili Yaş Kedi Maması 85 Gr,37.95
39,Whiskas Kuzulu Yaş Kedi Maması 85 Gr,37.95
39,"Whiskas Tasty Mix Kuzulu, Havuçlu ve Tavuklu Yaş Kedi Maması 85 Gr",37.95
39,Pedigree Tavuklu Konserve Yaş Mama 400 Gr,164.95
39,Pedigree Biftekli Poşet Yaş Mama 100 Gr,49.95
39,Dreamies Mix Peynirli ve Somonlu Kedi Ödül Maması 60 Gr,79.95
39,Dreamies Mix Peynirli Sığır Etli Kedi Ödül Maması 60 Gr,79.95
39,Pedigree Jumbone Mini Köpek Ödül Maması 160 Gr,119.95
39,Pedigree Rodeo Biftek Köpek Ödül Maması 70 Gr,99.95
39,Pedigree Konserve Sığır Etli Köpek Maması 400 Gr,164.95
39,Pedigree Konserve Tavuklu Yavru Köpek Maması 400 Gr,164.95
39,Dreamies Somonlu Kedi Ödül Maması 60 Gr,79.95
39,Dreamies Tavuklu Kedi Ödül Maması 60 Gr,79.95
39,Pedigree Biscrock Multi Mix Ödül Maması 200 Gr,124.95
39,Pedigree Dentastix Medium Ödül Maması 180 Gr,184.95
43,Portakal Sıkmalık Kg,39.9
43,Mandalina Murcot Kg,29.99
43,Domates Salkım Kg,69.9
43,Yeşillik Tere Adet,9.9
43,Yeşillik Nane Adet,9.9
43,Yeşillik Roka Adet,9.9
43,Yeşillik Dereotu Adet,9.9
43,Yeşillik Maydanoz Adet,9.9
43,Patates Kg,37.9
43,Avokado Adet,49.99
43,Marul Göbekli Adet,37.9
43,Marul Kıvırcık Adet,37.9
43,Ispanak Kg,49.9
43,Pırasa Kg,9.99
43,Havuç Kg,59.9
43,Elma Starking Kg,124.9
43,Muz Yerli Kg,119.9
43,Elma Golden Kg,134.9
43,Soğan Kuru Kg,34.9
44,Nestle Kitkat Chunky Hazelnut 38 G,35.5
44,Nestle Kitkat Chunky Bitter 38 G,35.5
44,Cedid Hurma Yumuşak 500 Gr,99.95
44,Ülker Pötibör Çokokrem Kremalı Sandviç 229 G,60.0
44,"Fanta Mandalina 2,5 L",79.95
44,Sofia Pamuk Katkılı Kağıt Havlu 8'li,129.95
44,Rebbi İran Hurma 300 Gr,39.95
44,Nestle Nesquik Kakaolu Buğday ve Mısır Gevreği 450 G,194.95
44,Knorr Hazır Çorba Tarhana Çorbası 74 G,48.95
44,Leva Çok Amaçlı Saklama Seti 6+1,99.95
44,Cem Gemlik Yağlı Sele Zeytin 351-380 Kalibre Kg,159.95
44,NIVEA Express Hydration Nemlendirici El ve Vücut Bakım Kremi 400 Ml,139.95
44,Nivea Smooth Sensation El & Vücut Bakım Kremi 400 Ml,139.95
44,Bioblas Çinko+Kafein Kepeğe Karşı Şampuan 500 Ml,129.95
44,Bioblas Keratin+Biotin Saç Dökülmesine Karşı Şampuan 500 Ml,129.95
44,Bioblas Argan+Badem Yağı Saç Dökülmesine Karşı Şampuan 500 ml,129.95
44,Nestle Kitkat Chunky Cookie Crumble Gofret 38 Gr,35.5
44,Viking Soft Gül & Zambak Çamaşır Yumuşatıcı 1400 ml,89.95
44,Perwoll Renkliler İçin Sıvı Çamaşır Deterjanı 2.97 Lt,369.95
44,Hasata Basmati Pirinç 1 Kg,144.95
44,Colgate 360 Fresh Yumuşak 1+1 Diş Fırçası,149.95
44,Colgate Üçlü Etki Ağız Bakım Suyu 500 Ml,129.95
44,Asperox Mavi Güç Ultra Kireç Pas Sökücü Sprey 650 Ml,59.95
44,Asperox Sarı Güç Ultra Yağ Çözücü Sprey 650 Ml,59.95
44,Hobby Glow&Shine Çiçek Bahçesi Duş Jeli 750 Ml,79.95
44,Hobby Glow&Shine Meyve Şöleni Duş Jeli 750 Ml,79.95
44,Hobby Glow&Shine Okyanus Duş Jeli 750 Ml,79.95
44,İnişdibi Sade Doğal Maden Suyu 200 Ml x 6 lı,62.5
44,Dimes Elma - Orman Meyveli Meyve Suyu 1 Lt,79.95
44,Dimes Elma - Tropik Meyveli Meyve Suyu 1 Lt,79.95
44,Arbella Mantı Makarna 500 Gr,33.95
44,Danet Dilimli Dana Kaburga Füme 70 Gr,199.99
44,Danet Dilimli Dana Kavurma 100 Gr,249.99
44,Danet Tescilli Fermente Afyon Dana Sucuk 300 Gr,399.99
44,Doğadan Ayvalı Ihlamur Çayı 18 Adet,79.99
48,Portakal Washington Kg,29.99
48,Solo Bambu Katkılı Havlu Kağıt 16'lı,239.95
48,Türk Şeker Toz Şeker 3 Kg,139.95
48,Yonca Ayçiçek Yağı Pet 4 Lt,399.95
48,Yeşillik Tere Adet,9.9
48,Yeşillik Nane Adet,9.9
48,Yeşillik Roka Adet,9.9
48,Yeşillik Dereotu Adet,9.9
48,Yeşillik Maydanoz Adet,9.9
48,Patates Kg,37.9
48,Avokado Adet,49.99
48,Şenpiliç Bonfile Kg,289.0
48,Çilek Kg,159.9
48,Muz Yerli Kg,119.9
48,Soğan Kuru Kg,34.9
48,Çaykur Tiryaki 500 Gr,149.95
49,Cire Aseptine Soft Avokado Özlü Yoğun Nemlendirici Prebiyotikli Krem 300 Ml,79.99
49,Cire Aseptine Soft Aloe Vera Özlü Rahatlatıcı Besleyici Prebiyotikli Krem 300 Ml,79.99
49,Düşler Bahçesi Anti Sigara Oda ve Araç Kokusu 400 Ml,149.95
49,Düşler Bahçesi Anti Sigara - Kötü Kokulara Karşı Oda ve Araç Kokusu 400 Ml,149.95
49,Finish Bulaşık Makinesi Tuzu 1300 Gr,99.95
49,Doğuş Toz Şeker 5 Kg,249.95
49,Cif Krem Mucizesi Sakura Parfümlü Yüzey Temizleyici 750 ml,129.95
49,Asperox Okyanus Maviliği Yüzey Temizleyici 2.5 Lt,149.95
49,Asperox Doğaya Kaçış Yüzey Temizleyici 2.5 Lt,149.95
49,CİF SPREY 750 ML ANINDA ETKİ SAKURA,134.95
49,Yayla Esmerim Baldo Pirinç 1 Kg,154.95
49,Dardanel Füme Ton Balığı 6 x 75 G,399.95
49,Sleepy Sensitive Islak Havlu 3x50 Li,89.95
49,Vanish Kosla Multipower Renkliler İçin Sıvı Leke Çıkarıcı ve Deterjan Güçlendirici 1400 Ml,249.95
49,Vanish Kosla Multipower Beyazlar İçin Sıvı Leke Çıkarıcı ve Deterjan Güçlendirici 1400 Ml,249.95
49,Elidor Anında Onarıcı Bakım Şampuanı 650 Ml,249.95
49,Omo Express Fresh Beyazlar Sıvı Çamaşır Deterjanı 1.48 Lt,299.95
49,Elidor Güçlü ve Parlak Şampuan 650 Ml,249.95
49,Fairy Platinum Plus Bulaşık Makinesi Kapsülü 36'lı,399.95
49,NIVEA MEN Erkek Deep Dimension Amazonia Roll-on 50 Ml ve Black&White Invisible Original Mini Roll-on 25 Ml,259.95
49,Parex Orta Boy Buzdolabı Poşeti 20 li,69.95
49,Parex Çilek Kokulu Büzgülü Büyük Boy Çöp Poşeti Torbası 10 Lu,169.95
49,Parex Mikrofiber Temizlik Bezi 5'li,209.95
49,Parex Büyük Boy Buzdolabı Poşeti 15 li,49.95
49,Cif Ultra Anında Etki Kir ve Yağ Çözücü Sprey 750 Ml,134.95
49,Sleepy Bio Natural Premium Plus Mega Paket Gece Extra Hijyenik Ped 26 lı,159.95
50,Limon Kg,169.9
50,Portakal Washington Kg,29.99
50,Yeşillik Tere Adet,9.9
50,Yeşillik Nane Adet,9.9
50,Yeşillik Roka Adet,9.9
50,Yeşillik Dereotu Adet,9.9
50,Yeşillik Maydanoz Adet,9.9
50,Patates Kg,37.9
50,Avokado Adet,49.99
50,Marul Göbekli Adet,37.9
50,Ispanak Kg,49.9
50,Lahana Kırmızı Kg,99.9
50,Havuç Kg,59.9
50,Elma Starking Kg,124.9
50,Muz Yerli Kg,119.9
50,Elma Golden Kg,134.9
50,Soğan Kuru Kg,34.9
51,Jungle Muhabbet Kuşu Yemi 400 Gr,81.9
51,Jungle Somon Biftek Çift Lezzet Kısır Kedi Maması 4x100 Gr,119.0
51,Jungle Kuzulu Tavuklu Yetişkin Kedi Maması 4x100 Gr,119.0
51,Jungle Tavuk Sarılı Köpek Ödül Maması 85 Gr,209.95
51,Jungle Lower Mix Köpek Ödül Bisküvisi 150 Gr,94.95
51,Jungle Et Parçaları Köpek Ödül Maması 100 Gr,157.95
51,Jungle Somon Dilimleri Köpek Ödül Maması 100 Gr,209.95
51,Jungle Junior Mix Köpek Ödül Bisküvisi 150 Gr,94.95
51,Jungle Tavuklu & Somonlu Taze Et Ezmesi Köpek Ödül Maması 90 Gr,83.95
51,Jungle Ördekli & Bal Kabaklı Taze Et Ezmesi Köpek Ödül Maması 90 Gr,83.95
51,Jungle Kuzulu & Havuçlu Taze Et Ezmesi Köpek Ödül Maması 90 Gr,83.95
51,Jungle Tavuklu & Havuçlu Taze Et Ezmesi Köpek Ödül Maması 90 Gr,83.95
51,Jungle Bağışıklık Ve Deri Tüy Sağlığı Destekleyici Kedi Macunu 75 Ml,125.95
51,Jungle Tüy Yumağı Önleyici Kedi Macunu 75 Ml,125.95
51,Jungle Bentonit İnce Parfümlü Kedi Kumu 5 Lt,135.45
51,Jungle Crunch Deri & Tüy Bakımı Kedi Ödül Maması 60 Gr,59.95
51,Jungle Crunch Yaşlanma Karşıtı Ödül Maması 60 Gr,59.95
51,Jungle Crunch Tüy Yumağı Kontrolü ve Güçlü Kemikler Ödül Maması 60 Gr,59.95
51,Jungle Crunch Güçlü Kemikler Ödül Maması 60 Gr,59.95
51,Jungle Krema Ton-Karides Kedi Ödül Maması 5x14 Gr,92.5
51,Jungle Krema Ton-Somon Kedi Ödül Maması 5x14 Gr,92.5
51,Jungle Krema Tavuklu Kedi Ödül Maması 5x14 Gr,92.5
51,Jungle Kuzulu ve Av Hayvanlı Soslu Yetişkin Köpek Konservesi 400 Gr,89.0
51,Jungle Ballı Kraker 2'li 100 Gr,72.5
51,Jungle Paraket Kuş Yemi 500 Gr,120.75
51,Jungle Sığır Etli Soslu Yetişkin Kedi Konservesi Maması 400 Gr,89.0
51,Jungle Biftekli ve Sebzeli Soslu Yetişkin Köpek Konservesi 400 Gr,89.0
51,Smile Pouch Kuzulu Kedi Maması 85 Gr,29.5
51,Smile Pouch Kuzulu Yavru Kedi Maması 85 Gr,29.5
51,Smile Konserve Sığır Etli Köpek Maması 400 Gr,83.95
51,Smile Konserve Somonlu Kısır Kedi Maması 400 Gr,83.95
51,Smile Pouch Küçük-Orta Irk Kuzulu Köpek Maması 85 Gr,29.5
51,Smile Konserve Kuzulu Kedi Maması 400 Gr,83.95
51,Smile Yetişkin Mix Kedi Maması 1 Kg,238.95
51,Smile Yavru Kuzulu Kedi Mama 1 Kg,238.95
51,Jungle Pouch Sığır Etli Yetişkin Kedi Yaş Mama 100 Gr,34.5
52,Perfect Fit Sığır Etli Kısır Kedi Maması 750 Gr,399.95
52,Perfect Fit Tavuk Etli Yetişkin Kedi Maması 750 Gr,399.95
52,Perfect Fit Biftekli Yetişkin Kedi Maması 750 Gr,399.95
52,Whiskas Tavuklu Kısır Kedi Maması 1.4 Kg,549.95
52,Sheba Delikatesse Jöleli Ton Balıklı Kedi Yaş Mama 85 Gr,58.95
52,Whiskas Biftekli Kuru Kedi Maması 1.4 Kg,549.95
52,Whiskas Kümes Hayvanlı Yavru Kedi Yaş Mama 85 Gr,37.95
52,Whiskas Ton Balıklı Kuru Kedi Maması 1.4 Kg,549.95
52,Whiskas Ton Balıklı Yaş Kedi Maması 85 Gr,37.95
52,Whiskas Tavuklu Yaş Kedi Maması 85 Gr,37.95
52,Whiskas Somonlu Yaş Kedi Maması 85 Gr,37.95
52,Whiskas Sığırlı Yaş Kedi Maması 85 Gr,37.95
52,Whiskas Klasik Öğünler Etli Seçim Yavru Kedi Yaş Maması 4x85 Gr,124.95
52,Whiskas Klasik Öğünler Etli Seçim Yaş Kedi Maması 4x85 Gr,124.95
52,Whiskas Yavru Tavuklu Kuru Mama 300 Gr,129.95
52,Whiskas Tavuklu Kuru Mama 300 Gr,129.95
52,Whiskas Tavuklu Kuru Kedi Maması 1.4 Kg,549.95
52,Whiskas Biftekli Kuru Kedi Maması 300 Gr,129.95
52,Whiskas Ton Balıklı Kuru Kedi Maması 300 Gr,129.95
52,Whiskas Tavuklu ve Gravy Soslu Konserve Kedi Maması 400 Gr,164.95
52,Whiskas Sığır Etli ve Gravy Soslu Konserve Kedi Maması 400 Gr,164.95
52,Whiskas Ton Balıklı Konserve Yaş Kedi Maması 400 Gr,164.95
52,Whiskas Tasty Mix Somonlu ve Havuçlu Yaş Kedi Maması 85 Gr,37.95
52,Whiskas Tasty Mix Kuzulu ve Hindili Yaş Kedi Maması 85 Gr,37.95
52,Whiskas Kuzulu Yaş Kedi Maması 85 Gr,37.95
52,"Whiskas Tasty Mix Kuzulu, Havuçlu ve Tavuklu Yaş Kedi Maması 85 Gr",37.95
52,Pedigree Tavuklu Konserve Yaş Mama 400 Gr,164.95
52,Pedigree Biftekli Poşet Yaş Mama 100 Gr,49.95
52,Dreamies Mix Peynirli ve Somonlu Kedi Ödül Maması 60 Gr,79.95
52,Dreamies Mix Peynirli Sığır Etli Kedi Ödül Maması 60 Gr,79.95
52,Pedigree Jumbone Mini Köpek Ödül Maması 160 Gr,119.95
52,Pedigree Rodeo Biftek Köpek Ödül Maması 70 Gr,99.95
52,Pedigree Konserve Sığır Etli Köpek Maması 400 Gr,164.95
52,Pedigree Konserve Tavuklu Yavru Köpek Maması 400 Gr,164.95
52,Dreamies Somonlu Kedi Ödül Maması 60 Gr,79.95
52,Dreamies Tavuklu Kedi Ödül Maması 60 Gr,79.95
54,Varta Pil Long Life Power Alkalin Kalem 4'lü Aa,179.95
54,Varta Long Life Power Alkalin İnce Pil 4'lü,179.95
54,Varta Alkalin Kalem Pil Max Power 4 Lü,259.95
54,Varta Alkalin İnce Pil Max Power 4 Lü,259.95
54,Varta Longlife Power Alkalin İnce Pil 2 Li,109.95
54,Varta Longlife Power Alkalin Kalem Pil 2 Li,109.95
54,Varta Longlife Alkalin İnce Pil AAA 4 Lü,155.95
54,Varta Pil Longlife Alkalin Kalem Pil AA 4 Lü,155.95
55,Blade Al Dedodorant 2 150 Ml,129.99
55,Blade AL Deodorant 150 Ml,129.99
55,Axe Leather & Cookies Erkek Deodorant Sprey 150 Ml,284.95
55,Axe Epic Fresh Erkek Deodorant ve Vücut Spreyi 150 Ml,149.99
55,Rexona Invisible Black White Erkek Deodorant Roll On 50 Ml,259.95
55,Emotion Natural Breeze Deodorant Roll On 50 Ml,129.99
55,Rexona Invisible Black White Kadın Deodorant Roll On 50 Ml,259.95
55,Axe Dark Temptation Erkek Sprey Deodorant 150 Ml,284.95
55,Rexona Cotton Dry Deodorant Roll-On 50 Ml,259.95
55,Elseve Renk Koruyucu Bakım Şampuanı 300 Ml,199.95
55,Blade Green Dream Erkek Deodorant Roll On 50 Ml,129.99
55,REXONA DEO 150 ML WOMEN SIFIR ALİMİNYUM MYSTIC,259.95
55,REXONA DEO 150 ML WOMEN SIFIR ALİMİNYUM PASSION,259.95
55,Blade Mountaın Fresh Roll On 50 Ml,129.99
55,Blade Cool Fresh Roll On 50 Ml,129.99
59,Lpd Oscar Mangal Kömürü 1.5 Kg,89.95
59,PİKNİK KULLAN-AT PLASTİK BARDAK OTOMAT 50'Lİ BEYAZ,34.95
59,Piknik Tabak Orta 10 Lu,29.95
61,Macromax Mikrofiber Cam Bezi 2'li,119.95
61,Macromax Mikrofiber Havlu Paspas,199.95
61,Macromax Orta Boy Buzdolabı Poşeti 75 li,69.99
61,Macromax Buzdolabı Poşeti Küçük Boy 100 li,69.99
61,Macromax Streç Film 100 Mt Kesme Bıçağı Hediyeli,199.95
61,Macromax Buzdolabı Poşeti Büyük Boy 50 li,69.99
61,Macromax Çift Kilitli Poşet 12'li,89.95
64,Eker Süzme Yoğurt 900 Gr,214.5
64,Selin Kolonya 900 Ml,171.95
64,Pınar Sucuk Şölen 180 Gr,239.95
64,Kahve Dünyası Orta Kavrulmuş Türk Kahvesi 100 Gr,89.95
64,Torku Yarım Yağlı Yoğurt 2 Kg,129.95
64,Solo Peçete Süper 200 Lü,99.95
64,Süperfresh Milföy 1 Kg,189.9
65,Semiz Otu Demet,19.9
65,Portakal Valensia Kg,59.9
65,Nektarin Yeşil Kg,199.9
65,Kiraz Kg,269.9
65,Bezelye Kg,74.9
65,Erik Papaz Kg,219.9
65,Portakal Sıkmalık Kg,39.9
65,Börülce Taze Kg,239.9
65,Nektarin Kırmızı Kg,67.9
65,Üzüm Sultaniye Kg,329.9
65,Fasulye Taze Kg,159.9
65,Barbunya Taze Kg,159.9
65,Kavun Kg,119.9
65,Şeftali Kg,99.9
65,Sarımsak Yerli Demet 250 Gr,69.99
65,Taze Zencefil Adet 250 Gr,99.9
65,Kayısı Kg,139.9
65,Turp Fındık Demet,20.0
65,Taze Mısır Adet,49.9
65,Deniz Börülcesi Adet,19.9
65,Domates Salkım Kg,69.9
65,Elma Fuji Kg,69.9
65,Patlıcan Topan Kg,39.9
65,Soğan Taze Kg,114.9
65,Mantar İstiridye Paket 350 Gr,119.9
65,Yeşillik Nane Adet,9.9
65,Yeşillik Roka Adet,9.9
65,Yeşillik Dereotu Adet,9.9
65,Yeşillik Maydanoz Adet,9.9
65,Domates Pembe Kg,69.9
65,Patates Kg,37.9
65,Reyhan Adet,29.9
65,Avokado Adet,49.99
65,Biber Köy Kg,44.9
65,Hindistan Cevizi Adet,122.9
65,Ananas Adet,199.9
66,Kivi Kg,189.9
66,Armut Deveci Kg,119.9
66,Cennet Elması Kg,49.99
66,Portakal Sıkmalık Kg,39.9
66,Kavun Kg,119.9
66,Portakal Washington Kg,29.99
66,Ayva Kg,500.0
66,Mandalina Kg,29.99
66,Mandalina Murcot Kg,29.99
66,Yaban Mersini Paket-Blueberry 125Gr,179.9
66,Pitahaya Tropik Meyve Adet,364.9
66,Kumkuat Tropik Meyve Adet 300 Gr,10.0
66,Pomelo Tropik Meyve Adet,500.0
66,Elma Fuji Kg,69.9
66,Üzüm Red Globe Kg,99.95
66,Greyfurt Kg,74.9
66,Mango Adet,99.9
66,Mayhoş Nar Kg,29.99
66,Hindistan Cevizi Adet,122.9
66,Ananas Adet,199.9
66,Armut Santamaria Kg,129.9
66,Elma Granny Smith Kg,159.9
66,Elma Starking Kg,124.9
66,Muz Yerli Kg,119.9
66,Elma Golden Kg,134.9
66,Muz İthal Kg,149.9
67,Limon Kg,169.9
67,Pazı Adet,19.99
67,Balkabağı Kg,29.99
67,Pancar Kg,49.9
67,Kırmızı Turp Kg,500.0
67,Sarımsak Yerli Demet 250 Gr,69.99
67,Beyaz Turp Kg,500.0
67,Patates Tatlı Tropik Sebze Kg,219.9
67,Biber Şili Acı Kg,184.9
67,Taze Zencefil Adet 250 Gr,99.9
67,Turp Fındık Demet,20.0
67,Taze Mısır Adet,49.9
67,Deniz Börülcesi Adet,19.9
67,Domates Salkım Kg,69.9
67,Brüksel Lahana Paket,49.99
67,Marul Lolorosso,49.9
67,Patlıcan Topan Kg,39.9
67,Lime Tropik 3'lü Paket,99.9
67,Soğan Taze Kg,114.9
67,Mantar İstiridye Paket 350 Gr,119.9
67,Yeşillik Tere Adet,9.9
67,Yeşillik Nane Adet,9.9
67,Yeşillik Roka Adet,9.9
67,Yeşillik Dereotu Adet,9.9
67,Yeşillik Maydanoz Adet,9.9
67,Soğan Beyaz Kg,10.0
67,Domates Pembe Kg,69.9
67,Patates Kg,37.9
67,Reyhan Adet,29.9
67,Avokado Adet,49.99
67,Biber Köy Kg,44.9
67,Marul Göbekli Adet,37.9
67,Patlıcan Kg,29.9
67,Salatalık Silor Kg,44.9
67,Mantar Kültür Paket 350 Gr,89.9
67,Marul Kıvırcık Adet,37.9
69,"Çamlıca Gazoz 2,5 Lt",74.95
69,Çamlıca Portakallı Gazoz 2.5 Lt,74.95
69,Çamlıca Gazoz 1.5 Lt,54.95
69,Çamlıca Portakallı Gazoz 1.5 Lt,54.95
69,Ülker Antep Fıstıklı Milfoy 28 Gr,20.0
69,Cola Turka 1 Lt,49.95
69,Cola Turka 2.5 Lt,69.95
69,Cornflakes Mısır Gevreği 400 Gr,175.0
69,Cola Turka 330 Ml,34.95
69,Ülker Kremini Vişneli Şeker 44 Gr,25.0
69,Hero Baby Armut Ananas Şeftali Kavanoz Mama 120 Ge,42.95
69,Ülker Bitter Kare Çikolata %60 Kakaolu 60 Gr,49.99
69,Ülker Kremalı Sandviç Bisküvi 8'li 488 Gr,110.0
69,Ülker Bitter Damla Çikolata 120 Gr,139.95
69,Caramio Bitter Baton Çikolata 35 Gr,14.95
69,Ülker Çizi Peynirli Kraker 4'lü 280 Gr,56.0
69,Ülker Bütün Antep Fıstıklı Sütlü Baton Çikolata 30 Gr,52.5
69,Ülker Albeni Tane Tane 29 Gr,28.0
69,Ülker Bütün Antep Fıstıklı %60 Bitter Çikolata 65 Gr,104.95
69,Alpella 3Gen Beyaz Gofret 28 Gr,16.0
69,Hero Baby Şeftali Muz Püreli Kavanoz Mama 125 Gr,42.5
69,Ülker Kremalı Rondo Çilekli Bisküvi 61 Gr,15.0
69,Ülker Metro Sütlü Çikolatalı Kaplı Karamel & Nugalı Bar 36 Gr,17.0
69,Biskrem Kakaolu 100 Gr,25.0
69,Dankek Pöti Muffin Kek Meyveli 35 Gr,10.0
69,Cafe Crown 2'si 1 Arada Şekersiz Kahve 11 Gr,11.5
69,Bizim Mutfak Kremalı Tavuk Çorbası 65 Gr,37.5
69,Cafe Crown Gold Ekonomik Paket 100 Gr,214.95
69,Hero Baby Yulaflı Karışık Meyve Püreli Kavanoz Mama 125 Gr,42.5
69,Ülker Yupo Jelly Kolalı Jelibon 80 Gr,38.5
69,Ülker Pembo Tutti Frutti Aromalı Sakız 22.5 Gr,16.5
69,Ülker Yupo Metre Kola Aromalı 50 Gr,20.0
69,Ülker Yupo Metre Çilek Aromalı 50 Gr,20.0
69,"Ülker Çilekli Kanky Bulut Kornet Gofret 26,5 Gr",19.0
69,Ülker 8 Kek Mini Muzlu 162 Gr,44.95
70,Şölen Biscolata Stix Karamel Parçacıklı 36 Gr,30.0
70,Lay's Yoğurt Mevsim Yeşillikleri Patates Cipsi Süper Boy 125 Gr,64.5
70,Big Babol Fruit Mix Poşet 80 Gr,74.95
71,Peyman Nutzz Popzz Peynir Aromalı 100 Gr,34.95
71,Peyman Nutzz Popzz Kızartılmış Soğan 90 Gr,34.95
71,Peyman Nutzz Popzz Acı Baharat Aromalı 100 Gr,34.95
71,Peyman Nutzz Fıstık-Badem Popcorn 85 Gr,39.95
71,Peyman Nutzz Mevsim Yeşillikli & Parmesanlı Popcorn 85 Gr,39.95
71,Peyman Nutzz Popcorn Klasik 105 Gr,39.95
71,Magnum Mini Cookie & Badem Dondurma 345 Ml,324.95
71,Kula Sade Maden Suyu 200 Ml x 6 lı,59.5
71,Şölen Karamelli Luppo 7 li 182Gr,78.95
71,Eti Hoşbeş Hindistan Cevizli 142 Gr,60.0
71,Şölen Kakaolu Luppo 8 Li 184 Gr,78.95
71,Şölen Şütlü Luppo 8 Li 184 Gr,78.95
71,Eti Çilekli Hoşbeş 142 Gr,60.0
71,Eti Fındıklı Hoşbeş 142 Gr,60.0
71,Eti Kakaolu Hoşbeş 142 Gr,60.0
72,"Perwoll Siyah Sıvı Çamaşır Deterjan 2,97 Lt",369.95
72,Perwoll Geliştirmiş Renkli Sıvı Çamaşır Deterjan 1.5 Lt,139.95
72,"Perwoll Geliştirilmiş Renkli Sıvı Çamaşır Deterjan 2,97 Lt",369.95
72,Bref Power Aktif Çam Tuvalet Bloğu 2'li Paket,139.95
72,Bref Power Aktiv Çam Tuvalet Bloğu 50 Gr,79.95
72,Blendax Yasemin Özlü Şampuan 500 Ml,129.95
72,Fa Sport Erkek Deodorant Roll On 50 Ml,127.95
72,Fa Aqua Kadın Deodorant Roll On 50 Ml,127.95
72,Fa Pink Passion Kadın Roll-on 50 Ml,127.95
72,Pril Amasya Elması Elde Yıkama Sıvı Bulaşık Deterjanı 1350 Gr,174.95
72,Persil Power Jel Color Sıvı Çamaşır Deterjanı 1.69 Lt,299.95
72,Persil Power Jel Gül Sıvı Çamaşır Deterjanı 1.69 Lt,199.99
72,"Persil Color Toz Çamaşır Deterjanı 1,5 Kg",179.95
72,"Persil Gülün Büyüsü Toz Çamaşır Deterjanı 1,5 Kg",179.95
72,Pril Excellence Bulaşık Kapsülü 40'lı,249.99
72,Persil Gülün Büyüsü Toz Çamaşır Deterjanı 7 Kg,449.95
72,Persil Color Toz Çamaşır Deterjanı 7 Kg,449.95
72,Dixi Bref Gül Yüzey Temizleyici 2.5 Lt,154.95
72,Dixi Bref Çam Yüzey Temizleyici 2.5 Lt,154.95
72,Pril Excellence Bulaşık Kapsülü 22'li,179.99
72,Blendax Kepeğe Karşı Etkili Şampuan 500 Ml,129.95
73,Algida Kaymaklı Dondurma 1000 Ml,150.0
73,Algida Carte Dor Classic Kaymaklı Dondurma 850 Ml,275.0
73,Algida Maraş Kesme Dilim Dondurma 492 Ml,164.9
73,Algida Frigola Fındık Çikolata Dondurma 65 Ml,40.0
73,Algida Nogger Sandwich Çikolata Kaymak Dondurma 145 Ml,65.0
73,Algida Max Twister Cool 65 Ml,15.0
73,Algida Viennetta Stick Dondurma 90 Ml,30.0
73,Algida Maraş Kadayıf Dondurma 500 Ml,224.95
73,Magnum Euphoria Limon Ahududu Dondurma 85 Ml,85.0
73,Algida Milka Stick Dondurma 82 Ml,50.0
73,Cornetto Classico Çilek Dondurma 120 Ml,50.0
73,Algida 4Köşe Vanilya Dondurma 48 Ml,10.0
73,Cornetto Disc Choco Coffee Dondurma 130 Ml,75.0
73,Algida Frigola Bar 60 Ml,50.0
73,Magnum Double Chill Yaban Mersini Cookie Dondurma 85 Ml,85.0
73,Algida Boom Boom Kat Kat 570 Ml,124.9
73,Carte d'Or Vişne Vanilya Bitter Çikolata Dondurma 850 Ml,275.0
73,Algida Carte d'Or Classic Bitter Çikolata Kaymak Antep Fıstık Dondurma 850 Ml,275.0
73,Algida Carte d'Or Selection Meyve Şöleni 800 Ml,295.0
73,Algida Max Twister Island 65 Ml,15.0
73,Carte d'Or Antep Fıstığı Vanilya Bitter Çikolata Dondurma 850 Ml,275.0
73,Carte d'Or Bal Badem Vanilya Karamel Dondurma 850 Ml,275.0
73,Carte d'Or Vişne Vanilya Bitter Çikolata Dondurma 850 Ml-eski,275.0
73,Carte d'Or İsviçre Çikolatası Karamel Muz Dondurma 850 Ml,275.0
73,Carte d'Or Barista Americano - Latte - Madagaskar Vanilya Dondurma 850 Ml,264.95
73,Magnum Mini Cookie & Badem Dondurma 345 Ml,324.95
74,"Purina One Steril Sığır Etli Yetişkin Kedi Maması 1,5 Kg",695.0
74,"Purina One Tavuklu Yetişkin Kuru Kedi Maması 1,5 kg",695.0
74,Felix Sensations Sığır Etli ve Domatesli Yaş Kedi Maması 85 Gr,32.95
74,"Purina One Steril Sığır Etli Kısırlaştırılmış Kedi Maması 1,5 Kg",695.0
74,"Purina One Steril Somonlu Kedi Maması 1,5 Kg",695.0
74,Friskies Junior Tavuklu Yavru Yaş Kedi Maması 100 Gr,30.9
74,Friskies Somonlu Yaş Kedi Maması 85 Gr,30.9
74,Friskies Tavuklu Yaş Kedi Maması 85 Gr,30.9
74,Friskies Sığır Etli Yaş Kedi Maması 85 Gr,30.9
74,Friskies Yetişkin Kümes Hayvanlı Kuru Kedi Maması 300 Gr,95.9
74,Purina One Streril Kediler Sığır Etli Kısırlaştırılmış Kuru Kedi Maması 800 Gr,429.9
74,Purina One Steril Kediler Somonlu Kuru Kedi Maması 800 Gr,429.9
74,Purina One 1- 12 Ay Yavru Kedi Maması 800 Gr,429.9
74,Gourmet Gold Kıyılmış Hindili Konserve Yaş Kedi Maması 85 Gr,59.9
74,Gourmet Gold Kıyılmış Sığır Etli Konserve Yaş Kedi Maması 85 Gr,59.9
74,Gourmet Gold Kıyılmış Ton Balıklı Konserve Yaş Kedi Maması 85 Gr,59.9
74,Gourmet Gold Kıyılmış Tavuklu Konserve Yaş Kedi Maması 85 Gr,59.9
74,Felix Pouch Tasty Shreds Somonlu Yaş Kedi Maması 80 Gr,33.95
74,Felix Pouch Tasty Shreds Tavuklu Yaş Kedi Maması 80 Gr,33.95
74,Felix Pouch Tasty Shreds Ton Balıklı Yaş Kedi Maması 80 Gr,33.95
74,Felix Somon ve Sardalyalı Yaş Kedi Maması 85 Gr,32.95
74,Felix Junior Sığır Etli ve Tavuklu Yaş Yavru Kedi Maması 4x85 Gr,123.45
74,Felix Sensation Tavuklu ve Havuçlu Yaş Kedi Maması 85 Gr,32.95
74,Felix Sensations Somon ve Karidesli Yaş Kedi Maması 85 Gr,32.95
74,Felix Sığır Etli ve Tavuklu Yaş Kedi Maması 85 Gr,32.95
74,Felix Junior Tavuklu Yaş Yavru Kedi Maması 85 Gr,32.95
74,Felix Junior Sığır Etli Yaş Yavru Kedi Maması 85 Gr,32.95
74,Felix Sığır Etli Yaş Kedi Maması 85 Gr,32.95
74,Felix Ton Balıklı Yaş Kedi Maması 85 Gr,32.95
74,Felix Avantajlı Somonlu Ton Balıklı Yaş Kedi Maması 4x85 Gr,123.45
74,Felix Tavuklu Yaş Kedi Maması 85 Gr,32.95
74,Felix Somonlu Yaş Kedi Maması 85 Gr,32.95
74,Felix Sığır Etli ve Tavuklu Yaş Kedi Maması 4x85 Gr,123.45
74,Felix Kuzulu Yaş Kedi Maması 85 Gr,32.95
74,Friskies Junior Tavuklu Ve Havuçlu Yavru Yaş Köpek Maması 100 Gr,43.5
74,Friskies Sığır Etli ve Patatesli Yetişkin Yaş Köpek Maması 100 Gr,43.5
75,Milupa Aptamil 2 Devam Sütü 800 Gr,1109.95
75,Bebelac Bebek Devam Sütü 4 Numara 400 Gr,379.95
75,Bebelac Bebek Devam Sütü 3 Numara 400 Gr,379.95
75,Bebelac Bebek Devam Sütü 2 Numara 400 Gr,379.95
75,Bebelac Bebek Devam Sütü 1 Numara 400 Gr,379.95
75,Milupa Aptamil 5 Devam Sütü 800 Gr,1109.95
75,Milupa Aptamil 4 800 Gr,1109.95
75,Milupa Aptamil 1 800 Gr,1109.95
75,Milupa Aptamil 3 800 Gr,1109.95
76,Algida Nogger Sandwich Çikolata Kaymak Dondurma 145 Ml,65.0
76,Algida Milka Stick Dondurma 82 Ml,50.0
76,Algida Frigola Bar 60 Ml,50.0
77,Sütaş Çilekli Puding 200 Gr,21.95
77,Sütaş Yayık Tereyağ 450 Gr,449.95
77,Sütaş Klasik Beyaz Peynir 3 Dilim 450 Gr,359.95
77,Sütaş Yağlı Süt 200 Ml,19.95
77,Sütaş Şişe Ayran 2 Lt,99.5
77,Sütaş Yayık Tereyağ 225 Gr,249.95
77,Sütaş Kaymaksız Yoğurt 500 Gr,49.5
77,Sütaş Kaymaklım Yoğurt 500 Gr,72.5
77,Sütaş Dilimli Burger Peyniri 225 Gr,164.95
77,Sütaş Kakaolu Puding 200 Gr,21.95
77,Sütaş Muzlu Puding 200 Gr,21.95
77,Sütaş Çikolatalı Süt 1 Lt,99.95
77,Sütaş Tereyağ 750 Gr,699.95
77,Sütaş Süzme Yoğurt 375 Gr,84.95
77,Sütaş Süzme Peynir 900 Gr,299.95
77,Sütaş Örgü Peyniri 200 Gr,169.95
77,Sütaş Çeçil Peyniri 200 Gr,169.95
77,Sütaş Çilekli Süt 6x180 Ml,109.95
77,Sütaş Muzlu Süt 6x180 ml,109.95
77,Sütaş Çikolatalı Süt 6x180 ml,109.95
77,Sütaş Orman Meyveli Kaf Kefir 250 Ml,37.5
77,Sütaş Yağlı Süt 6x180 Ml,109.95
77,Sütaş Orman Meyveli Yoğurt 4x115 Gr,99.95
77,Sütaş Tatlımmm Çikolatalı Puding 4X65 G,41.95
77,Sütaş Salep 1 Lt,104.95
77,Sütaş Labne Avantaj Paketi 3 lü,219.95
78,Rexona Men Xtra Cool Roll-On 50 M,259.95
78,Omo Active Beyazlar& Renkliler Toz Çamaşır Deterjanı 9 Kg,549.95
78,Knorr Çabuk Ezogelin Çorba,16.95
78,Knorr Çabuk Acılı Domates Çorbası,16.95
78,Clear Men Saç Dökülmesine Karşı Kahve Çekirdeği Özü Şampuan 350 Ml,229.95
78,Domestos Bıo Actıve Mutfak Çamaşır Suyu 1850 Ml,119.99
78,Knorr Çabuk Çorba Kremalı Mantar 19 Gr,16.95
78,Cif Krem Gold 750 Ml,129.95
78,Knorr Çabuk Mac Cheese Peynirli Makarna 212 Gr,99.95
78,Domestos Kötü Koku Avcısı Çamaşır Suyu 750 Ml,90.95
78,Clear Men Legend By CR7 Cristiano Ronaldo Şampuan 350 Ml,229.95
78,Clear Men Hızlı Stil 2'si 1 Arada Şampuan 350 Ml,229.95
78,Rinso Argan Özü Renkliler Sıvı Çamaşır Deterjan 3 Lt,179.99
78,Clear Men Ferahlatıcı Mentol ile 3 ü 1 Arada Şampuan & Duş Jeli 350 Ml,229.95
78,Clear Men Arındırıcı Kömür 3'ü 1 Arada Şampuan ve Duş Jeli 350 ML,149.99
78,Clear Men Cool Sport Menthol Ferahlatıcı Mentol Etkisi Kepeğe Karşı Etkili Şampuan 350 Ml,229.95
78,Lipton Yellow Label Demlik Çay 150 Adet,249.95
78,Lipton Limonlu Bardak Poşet Yeşil Çay 20'li,89.95
78,Lipton Rezene Bardak Poşet Bitki Çayı 20'li,89.95
78,REXONA DEO 150 ML WOMEN SIFIR ALİMİNYUM MUSK,259.95
78,Lipton Doğu Karadeniz Demlik Poşet Çay 100'Lü,209.95
78,REXONA DEO 150 ML WOMEN SHOWER FRESH,259.95
78,YUMOŞ ODA PARFÜMÜ 450ML SAKURA,199.95
78,Signal White Now Diş Macunu 75 Ml + Performans Diş Fırçası,149.95
78,YUMOŞ EXTRA 1440 ML SAKURA,249.95
78,Rexona MotionSense Invisible On Black + White Clothes Erkek Stick Deodorant 40 Ml,299.95
78,Knorr Kıtırlı Kremalı Tavuk Çabuk Çorba,16.95
78,Rexona MotionSense Invisible On Black + White Clothes Kadın Stick Deodorant 40 Ml,299.95
78,Rexona MotionSense Cotton Dry Algodon Kadın Stick Deodorant 40 Ml,299.95
78,Lipton Yellow Label Demlik Poşet Çay 100'Lü,239.95
78,Lipton Yellow Label Dökme Çay 500 Gr,214.95
78,Dove Beauty Cream Bar Fresh Touch Nemlendirici Etkili Sabun 90 Gr,64.95
78,Lipton Doğu Karadeniz Dökme Çay 500 Gr,179.95
78,Knorr Hazır Çorba Kremalı Domates 4 Kişilik 69 Gr,48.95
78,Knorr Beşamel Sos 70 Gr,74.95
78,Lipton Form Plus Kayısılı Çay 20'li,89.95
79,Fersan Ferfresh Beyaz Sirke 2 Lt,99.95
79,Konserve Kapak Adet,2.5
79,Cevher Tuz İri Salamura 3Kg,49.95
79,Fersan Turşuluk Sirkeli Salamura Pet Kavanoz 3 Lt,149.95
79,Konserve Kavanozu 1 Lt,14.95
81,Superfresh Tavuk Dönerli Dürüm Tost 180 Gr,109.95
81,Superfresh Hamburger Köfte 500 Gr,699.9
81,Süperfresh Pizza 4 Lü King 780 Gr,349.9
81,Süperfresh Milföy 1 Kg,189.9
82,Sleepy Yüzey Temizlik Havlusu 100 lü,169.95
83,Ülker Ballı Bademli Krokanlı Sütlü Çikolata 60 Gr,56.95
83,Ülker Antep Fıstıklı Milfoy 28 Gr,20.0
83,Ülker Bitter Kare Çikolata %60 Kakaolu 60 Gr,49.99
83,Ülker Kremalı Sandviç Bisküvi 8'li 488 Gr,110.0
83,Caramio Bitter Baton Çikolata 35 Gr,14.95
83,Ülker Çizi Peynirli Kraker 4'lü 280 Gr,56.0
83,Ülker Bütün Antep Fıstıklı Sütlü Baton Çikolata 30 Gr,52.5
83,Ülker Albeni Tane Tane 29 Gr,28.0
83,Ülker Bütün Antep Fıstıklı %60 Bitter Çikolata 65 Gr,104.95
83,Alpella 3Gen Beyaz Gofret 28 Gr,16.0
83,Ülker Kremalı Rondo Çilekli Bisküvi 61 Gr,15.0
83,Ülker Metro Sütlü Çikolatalı Kaplı Karamel & Nugalı Bar 36 Gr,17.0
83,Biskrem Kakaolu 100 Gr,25.0
83,Dankek Pöti Muffin Kek Meyveli 35 Gr,10.0
83,"Ülker Çilekli Kanky Bulut Kornet Gofret 26,5 Gr",19.0
83,Ülker 8 Kek Mini Muzlu 162 Gr,44.95
83,Ülker Çilekli Mini Dankek Tart 150 Gr,54.95
83,Ülker Çilekli Mini Kekstra 150 Gr,54.95
83,Ülker Olala Tiramisu Dolgulu Kek 45 Gr,25.0
83,Ülker Dankek Mousse Kek 45 Gr,25.0
83,Ülker Çokonat Baklava 30 Gr,25.0
83,Ülker Dido Trio Colors Çilekli 36.5 Gr,22.0
83,Ülker Muzlu Mini Halley 66 Gr,22.0
83,Ülker Kakao Kremalı Bisküvi 61 Gr,13.0
83,Hanımeller Zeytinli Biberiyeli Tuzlu Kurabiye 81 Gr,20.0
83,Ülker Çizi Çıtır Atıştırmalık Tulum Peynir & Köz Biber 80 Gr,30.0
83,Ülker Altınbaşak Tahıl Cipsi 50 Gr,22.0
83,Ülker Çizi Çıtır Atıştırmalık Peynir & Soğan 80 Gr,30.0
83,Ülker Hanımeller Frambuaz Soslu Kurabiye 150 Gr,43.0
83,Ülker Biskrem Cookie 80 Gr,25.0
83,Ülker Çikolata Fındık Rüyası 75 Gr,69.95
83,Ülker Badem Kraker Sade 38 Gr,9.0
83,Ülker Halley Muzlu Pasta Tadında Sandviç Bisküvi 210 Gr,94.95
83,Ülker Kanky Mini Yumurta 70 Gr,79.95
83,Ülker Çizi Çıtır Tulum Peynir & Köz Biber Aromalı Kraker 40 Gr,16.0
83,Ülker Çizi Çıtır Peynir&Soğan Aromalı Kraker 40 Gr,16.0
85,Oyun Hamuru 4 Lü,52.5
85,Mikro Glue Stick Katı Yapıştırıcı 9 Gr,11.5
85,Mikro Uç 0.7,4.5
85,Spiralli Resim Defteri 35x50,32.5
85,Spiralli Resim Defteri 25x35,17.5
85,Umut Metod A4 Çizgili Defter 100 Yaprak,44.95
85,Umut Metod A4 Kareli Defter 100 Yaprak,44.95
85,Umut Metod A4 Çizgili Defter 80 Yaprak,37.95
85,Umut Metod A4 Çizgili Defter 60 Yaprak,29.95
85,Umut Metod A4 Kareli Defter 60 Yaprak,29.95
85,Umut Metod A4 Çizgili Defter 40 Yaprak,21.95
85,Umut Metod A4 Kareli Defter 40 Yaprak,21.95
85,Umut A5 Kareli Defter 100 Yaprak,23.95
85,Umut A5 Çizgili Defter 80 Yaprak,22.5
85,Umut A5 Çizgili Defter 60 Yaprak,14.95
85,Umut A5 Kareli Defter 60 Yaprak,14.95
85,Umut A5 Çizgili Defter 40 Yaprak,11.95
85,Umut A5 Kareli Defter 40 Yaprak,11.95
85,Umut A5 Çizgili Defter 100 Yaprak,23.95
85,Mimaks Keçeli Kalem 12 Li,44.95
85,Fatih Pastel Boya 12 Li,59.95
85,Fatih Sulu Boya 12 Li,74.95
85,Fatih Kuru Boya 12 Li,74.95
85,Fatih Kırmızı Kalem,8.5
85,Umut Plastik Kapak A4 Çizgili Defter 100 Yaprak,52.5
85,Umut Plastik Kapak A4 Kareli Defter 80 Yaprak,41.5
85,Umut Plastik Kapak A4 Çizgili Defter 80 Yaprak,41.5
85,Umut Plastik Kapak A4 Kareli Defter 60 Yaprak,33.95
85,Umut Plastik Kapak A4 Çizgili Defter 60 Yaprak,33.95
85,Umut Plastik Kapak A4 Kareli Defter 40 Yaprak,26.5
85,Umut Plastik Kapak A4 Çizgili Defter 40 Yaprak,26.5
85,Matara Çeşitleri,108.0
85,Beslenme Kabı,59.95
85,Mikro Beyaz Silgi,5.95
85,Hazneli Kalem Traş,11.5
86,Lav Lara Su Bardağı 6 lı,129.99
87,Ülker Meşhur Dubai Lezzeti Kadayıflı Çikolata 93 Gr,124.95
87,Ülker Biskrem Extra Bisküvi 184 Gr,51.95
87,Ülker Hanımeller Frambuaz Soslu Kurabiye 94.5 Gr,25.0
87,Ülker Çizi Haşhaşlı - Baharatlı Kraker 70 Gr,12.5
87,Ülker Laviva Selection Sütlü Gofret 45 Gr,30.0
87,Ülker Çizi Haşhaşlı - Peynirli Kraker 82 Gr,16.5
87,Ülker Krispi Pops Süt Mısır Çerezi 40 Gr,15.0
87,Ülker Krispi Pops Peynirli Mısır Çerezi 40 Gr,15.0
87,Ülker Ballı Bademli Krokanlı Sütlü Çikolata 60 Gr,56.95
87,Ülker Antep Fıstıklı Milfoy 28 Gr,20.0
87,Ülker Bitter Kare Çikolata %60 Kakaolu 60 Gr,49.99
87,Ülker Kremalı Sandviç Bisküvi 8'li 488 Gr,110.0
87,Caramio Bitter Baton Çikolata 35 Gr,14.95
87,Ülker Çizi Peynirli Kraker 4'lü 280 Gr,56.0
87,Ülker Bütün Antep Fıstıklı Sütlü Baton Çikolata 30 Gr,52.5
87,Ülker Albeni Tane Tane 29 Gr,28.0
87,Ülker Bütün Antep Fıstıklı %60 Bitter Çikolata 65 Gr,104.95
87,Alpella 3Gen Beyaz Gofret 28 Gr,16.0
87,Ülker Kremalı Rondo Çilekli Bisküvi 61 Gr,15.0
87,Ülker Metro Sütlü Çikolatalı Kaplı Karamel & Nugalı Bar 36 Gr,17.0
87,Biskrem Kakaolu 100 Gr,25.0
87,Dankek Pöti Muffin Kek Meyveli 35 Gr,10.0
87,"Ülker Çilekli Kanky Bulut Kornet Gofret 26,5 Gr",19.0
87,Ülker 8 Kek Mini Muzlu 162 Gr,44.95
87,Ülker Çilekli Mini Dankek Tart 150 Gr,54.95
87,Ülker Çilekli Mini Kekstra 150 Gr,54.95
87,Ülker Olala Tiramisu Dolgulu Kek 45 Gr,25.0
87,Ülker Dankek Mousse Kek 45 Gr,25.0
87,Ülker Çokonat Baklava 30 Gr,25.0
87,Ülker Dido Trio Colors Çilekli 36.5 Gr,22.0
87,Ülker Muzlu Mini Halley 66 Gr,22.0
87,Ülker Kakao Kremalı Bisküvi 61 Gr,13.0
87,Hanımeller Zeytinli Biberiyeli Tuzlu Kurabiye 81 Gr,20.0
87,Ülker Çizi Çıtır Atıştırmalık Tulum Peynir & Köz Biber 80 Gr,30.0
87,Ülker Altınbaşak Tahıl Cipsi 50 Gr,22.0
87,Ülker Çizi Çıtır Atıştırmalık Peynir & Soğan 80 Gr,30.0
88,Proline Sabun Kokulu Topaklanan Bentonit Kedi Kumu 5 Lt,99.99
88,Proline Pudra Kokulu Topaklanan Bentonit Kedi Kumu 5 Lt,99.99
88,Enjoy Kuzu Etli ve Pirinçli Yetişkin Kuru Köpek Maması 10 Kg,699.99
88,Jungle Bentonit İnce Natural Kedi Kumu 5 Lt,99.99
89,Superfresh Peynirli Kat Kat Börek 500 Gr,142.9
89,Süperfresh Pizza 4 Lü King 780 Gr,349.9
90,Sütaş Yayık Tereyağ 450 Gr,449.95
90,Tukaş Çilek Reçeli 380 Gr,109.95
90,Torku Macar Salam Dilim 50 Gr,49.95
90,Torku Dana Sucuk 180 Gr,199.95
90,Tukaş Reçel Ahududu 380 Gr,89.95
90,Salatalık Silor Kg,44.9
90,Tukaş Vişne Reçeli 380 Gr,129.95
90,Tukaş Kayısı Reçeli 380 Gr,89.95
90,Tukaş Böğürtlen Reçeli 380 Gr,89.95
90,Domates Çeri Kg,74.9
90,Biber Kıl Acı Kg,99.9
90,Biber Kıl Tatlı Kg,99.9
91,Sütaş Dil Peyniri 200 Gr,169.95
91,Sütaş Örgü Peyniri 200 Gr,169.95
91,Sütaş Çeçil Peyniri 200 Gr,169.95
94,Torku Mini Kokteyl Dana Sosis 100 Gr,114.95
94,Torku Yarım Yağlı Yoğurt 750 Ml,69.95
94,Torku Tam Yağlı Tost Peyniri 600 Gr,289.95
94,Torku Labne 400 Gr,129.95
94,Torku Kavurma Dilimli 100 Gr,239.95
94,Torku Macar Salam Dilim 50 Gr,49.95
94,Torku Dana Sucuk 180 Gr,199.95
95,Pınar Cheddarlı Krem Peynir 270 Gr,134.95
95,Pınar Doyum Büfe Salam 500 Gr,179.95
95,Pınar Sucuk Şölen 180 Gr,239.95
95,Pınar Süzme Az Yağlı Az Tuzlu Peynir 500 Gr,179.95
95,Pınar Salam Hindi Büyük Dilim Aç Bitir 60 Gr,39.95
95,Pınar Denge Laktozsuz Süt 1 Lt,79.95
95,Pınar Sosis Aç Bitir 180 Gr,85.95
97,Maret Tekli Küvet Sucuk 300 Gr,389.9
97,Klorak Ultra Yoğun Çamaşır Suyu 1850 Ml,89.95
97,Rinso Argan Özü Renkliler Sıvı Çamaşır Deterjan 3 Lt,179.99
97,Maylo 3 Katlı Tuvalet Kağıdı 32'li,429.95
97,Nutella 750 Gr,272.5
97,Rinso Komple Bakım Serisi Renkliler İçin Sıvı Çamaşır Deterjanı 3 Lt,179.99
97,Çaykur Tiryaki Çayı 1 Kg,295.95
97,Portakal Washington Kg,29.99
97,Fairy Losyon Sıvı Bulaşık Deterjanı 1500 Ml,149.99
97,Rinso Siyahlar Sıvı Çamaşır Deterjanı 3 Lt,179.99
97,Dana Kıymalık Kg,849.95
97,Toz Şeker Kg,39.99
97,İçim Süzme Peynir 900 Gr,249.95
97,Sütaş Kaymaksız Yoğurt 1 Kg,87.5
97,Patates Kg,37.9
97,Avokado Adet,49.99
97,Şenpiliç Kalçalı But Kg,125.0
97,Dana Az Yağlı Kuşbaşı Kg,879.95
97,Şenpiliç Piliç Bütün Poşet Kg,125.0
97,Elma Starking Kg,124.9
97,BAKLIYAT PIRINC OSMANCIK LUX KG,89.95
98,Sütaş Yayık Tereyağ 450 Gr,449.95
98,Sütaş Şişe Ayran 2 Lt,99.5
98,Sütaş Süzme Peynir 900 Gr,299.95
98,Sütaş Kaymaksız Yoğurt Kova 2 Kg,179.95
98,Sütaş Beyaz Peynir 500 Gr,174.95
99,Eker Süzme Yoğurt 900 Gr,214.5
99,Eker Kaşar Peyniri 600 Gr,364.5
99,"Eker Kaymaksız Yoğurt 1,5 Kg",104.5
100,Proline Sabun Kokulu Topaklanan Bentonit Kedi Kumu 5 Lt,99.99
100,Proline Pudra Kokulu Topaklanan Bentonit Kedi Kumu 5 Lt,99.99
100,Enjoy Kuzu Etli ve Pirinçli Yetişkin Kuru Köpek Maması 10 Kg,699.99
