District,Rooms,Price,PriceInt
Karabağlar,1+1,8.000 TL,8000
Dikili,2+1,5.000 TL,5000
Foça,2+1,6.000 TL,6000
Seferihisar,2+1,4.000 TL,4000
Bornova,Stüdyo (1+0),9.750 TL,9750
Aliağa,3+1,9.000 TL,9000
Konak,Stüdyo (1+0),8.950 TL,8950
Buca,Stüdyo (1+0),8.000 TL,8000
Bornova,3+1,9.500 TL,9500
Buca,Stüdyo (1+0),8.000 TL,8000
Buca,Stüdyo (1+0),7.000 TL,7000
Çeşme,3+1,6.000 TL,6000
Ödemiş,Stüdyo (1+0),7.500 TL,7500
Buca,Stüdyo (1+0),1.750 TL,1750
Bayraklı,2+1,6.000 TL,6000
Çeşme,1+1,7.000 TL,7000
Bayraklı,2+1,8.500 TL,8500
Seferihisar,1+1,4.000 TL,4000
Karabağlar,Stüdyo (1+0),8.500 TL,8500
Bayraklı,1+1,8.000 TL,8000
Çeşme,3+1,8.000 TL,8000
Dikili,2+1,6.500 TL,6500
Dikili,4+1,5.000 TL,5000
Konak,Stüdyo (1+0),9.500 TL,9500
Ödemiş,1+1,8.500 TL,8500
Konak,Stüdyo (1+0),8.500 TL,8500
Dikili,4+1,3.000 TL,3000
Çeşme,1+1,5.000 TL,5000
Karabağlar,Stüdyo (1+0),9.500 TL,9500
Konak,Stüdyo (1+0),9.500 TL,9500
Bornova,2+1,9.000 TL,9000
Bornova,Stüdyo (1+0),9.500 TL,9500
Buca,Stüdyo (1+0),7.000 TL,7000
Aliağa,3+1,9.000 TL,9000
Seferihisar,2+1,3.000 TL,3000
Buca,Stüdyo (1+0),7.000 TL,7000
Çeşme,2+1,5.000 TL,5000
Bayraklı,1+1,8.500 TL,8500
Bornova,3+1,7.500 TL,7500
Çiğli,10 Üzeri,9.750 TL,9750
Tire,1+1,7.500 TL,7500
Bayraklı,3+1,7.000 TL,7000
Dikili,2+1,5.000 TL,5000
Buca,Stüdyo (1+0),8.000 TL,8000
Buca,Stüdyo (1+0),9.000 TL,9000
Çeşme,1+1,4.000 TL,4000
Çiğli,3+1,6.000 TL,6000
Tire,2+1,9.000 TL,9000
Bayraklı,2+1,8.500 TL,8500
Buca,1+1,9.000 TL,9000
Menderes,1+1,3.000 TL,3000
Dikili,5+1,8.500 TL,8500
Buca,1+1,9.000 TL,9000
Konak,Stüdyo (1+0),9.000 TL,9000
Bornova,3+1,7.500 TL,7500
Menemen,1+1,14.500 TL,14500
Menemen,1+1,13.750 TL,13750
Karabağlar,2+1,12.500 TL,12500
Buca,1+1,14.000 TL,14000
Menemen,1+1,13.500 TL,13500
Buca,1+1,13.000 TL,13000
Torbalı,1+1,13.000 TL,13000
Bayraklı,2+1,11.000 TL,11000
Tire,2+1,13.000 TL,13000
Buca,1+1,14.000 TL,14000
Menemen,1+1,13.000 TL,13000
Buca,1+1,14.500 TL,14500
Menemen,1+1,14.000 TL,14000
Bergama,Stüdyo (1+0),13.500 TL,13500
Karşıyaka,2+1,14.000 TL,14000
Menemen,1+1,14.500 TL,14500
Buca,1+1,13.000 TL,13000
Narlıdere,Stüdyo (1+0),14.500 TL,14500
Bayraklı,2+1,14.000 TL,14000
Bornova,Stüdyo (1+0),11.000 TL,11000
Buca,2+1,14.000 TL,14000
Kiraz,2+0,14.000 TL,14000
Karabağlar,3+1,14.000 TL,14000
Bayraklı,1+1,13.000 TL,13000
Bayraklı,2+1,12.000 TL,12000
Ödemiş,2+1,14.500 TL,14500
Buca,1+1,14.000 TL,14000
Menemen,2+1,14.000 TL,14000
Karabağlar,2+1,14.000 TL,14000
Menemen,1+1,13.500 TL,13500
Buca,2+1,13.000 TL,13000
Bayraklı,1+1,12.000 TL,12000
Buca,1+1,13.000 TL,13000
Buca,1+1,14.500 TL,14500
Karabağlar,2+1,13.000 TL,13000
Bayraklı,3+1,14.000 TL,14000
Bayraklı,2+1,14.000 TL,14000
Çiğli,2+1,14.000 TL,14000
Menemen,3+1,11.500 TL,11500
Konak,1+1,10.000 TL,10000
Menemen,1+1,14.000 TL,14000
Konak,2+0,13.000 TL,13000
Menemen,1+1,14.500 TL,14500
Menemen,1+1,14.000 TL,14000
Menemen,Stüdyo (1+0),13.000 TL,13000
Çiğli,Stüdyo (1+0),14.500 TL,14500
Çeşme,1+1,10.000 TL,10000
Menemen,1+1,14.000 TL,14000
Torbalı,1+1,14.500 TL,14500
Narlıdere,1+1,14.000 TL,14000
Buca,1+1,14.250 TL,14250
Buca,1+1,14.000 TL,14000
Ödemiş,3+1,14.500 TL,14500
Bornova,Stüdyo (1+0),12.000 TL,12000
Menemen,1+1,14.000 TL,14000
Karabağlar,2+1,12.500 TL,12500
Menemen,1+1,13.000 TL,13000
Menemen,1+1,12.000 TL,12000
Konak,Stüdyo (1+0),14.500 TL,14500
Buca,2+0,13.000 TL,13000
Bornova,2+1,13.499 TL,13499
Bayraklı,1+1,14.500 TL,14500
Bayraklı,1+1,13.000 TL,13000
Karabağlar,2+1,10.000 TL,10000
Torbalı,2+1,10.000 TL,10000
Ödemiş,2+1,13.000 TL,13000
Torbalı,3+1,14.000 TL,14000
Buca,2+0,13.000 TL,13000
Balçova,3+1,12.000 TL,12000
Bornova,3+1,14.000 TL,14000
Menemen,1+1,14.500 TL,14500
Menderes,4+1,12.000 TL,12000
Menemen,1+1,13.250 TL,13250
Menemen,1+1,13.000 TL,13000
Menemen,2+1,13.000 TL,13000
Buca,3+1,10.000 TL,10000
Bayraklı,2+1,13.000 TL,13000
Menemen,1+1,13.250 TL,13250
Menemen,1+1,13.000 TL,13000
Buca,1+1,14.999 TL,14999
Bayraklı,2+1,12.000 TL,12000
Karabağlar,3+1,13.000 TL,13000
Karabağlar,3+1,13.000 TL,13000
Bayraklı,1+1,12.500 TL,12500
Buca,1+1,14.500 TL,14500
Bayraklı,2+1,14.000 TL,14000
Ödemiş,1+1,13.000 TL,13000
Bayraklı,3+1,12.000 TL,12000
Kemalpaşa,2+1,12.000 TL,12000
Buca,1+1,14.000 TL,14000
Bayraklı,2+1,11.000 TL,11000
Tire,2+1,13.500 TL,13500
Menemen,1+1,14.000 TL,14000
Bornova,2+1,14.000 TL,14000
Ödemiş,2+1,14.000 TL,14000
Bayraklı,2+1,11.000 TL,11000
Menemen,1+1,14.000 TL,14000
Buca,2+1,14.000 TL,14000
Ödemiş,3+0,12.500 TL,12500
Buca,2+0,12.000 TL,12000
Buca,1+1,13.000 TL,13000
Torbalı,1+1,14.000 TL,14000
Ödemiş,3+1,13.000 TL,13000
Konak,2+1,13.000 TL,13000
Karabağlar,2+1,12.000 TL,12000
Urla,1+1,14.000 TL,14000
Tire,3+1,13.500 TL,13500
Ödemiş,3+1,13.000 TL,13000
Buca,1+1,13.000 TL,13000
Bornova,2+1,14.500 TL,14500
Karabağlar,2+1,13.000 TL,13000
Menemen,1+1,12.500 TL,12500
Bayındır,2+1,14.000 TL,14000
Konak,2+1,11.000 TL,11000
Buca,1+1,12.000 TL,12000
Buca,Stüdyo (1+0),11.500 TL,11500
Menemen,1+1,13.200 TL,13200
Konak,4+1,13.000 TL,13000
Buca,Stüdyo (1+0),14.000 TL,14000
Karabağlar,2+1,13.000 TL,13000
Bayraklı,2+1,14.000 TL,14000
Menemen,1+1,12.000 TL,12000
Bayraklı,2+1,10.000 TL,10000
Bornova,3+1,14.000 TL,14000
Çiğli,1+1,11.000 TL,11000
Menemen,1+1,14.500 TL,14500
Menemen,1+1,14.500 TL,14500
Konak,2+1,12.000 TL,12000
Menemen,1+1,13.000 TL,13000
Tire,2+1,12.000 TL,12000
Çiğli,1+1,14.000 TL,14000
Menemen,1+1,12.500 TL,12500
Bornova,3+1,11.000 TL,11000
Ödemiş,3+1,14.100 TL,14100
Menemen,1+1,14.000 TL,14000
Ödemiş,2+1,12.000 TL,12000
Konak,2+1,13.000 TL,13000
Çeşme,2+1,10.000 TL,10000
Tire,2+1,10.000 TL,10000
Buca,1+1,14.000 TL,14000
Karabağlar,2+1,14.500 TL,14500
Menemen,Stüdyo (1+0),13.500 TL,13500
Karabağlar,3+1,12.000 TL,12000
Selçuk,1+1,12.000 TL,12000
Buca,2+1,14.000 TL,14000
Menemen,1+1,14.500 TL,14500
Buca,Stüdyo (1+0),12.000 TL,12000
Karabağlar,2+1,14.500 TL,14500
Torbalı,3+1,14.500 TL,14500
Menemen,1+1,14.000 TL,14000
Buca,2+1,14.500 TL,14500
Karşıyaka,1+1,10.000 TL,10000
Konak,Stüdyo (1+0),14.000 TL,14000
Bergama,1+1,10.000 TL,10000
Menemen,1+1,12.000 TL,12000
Konak,3+1,11.000 TL,11000
Bornova,1+1,14.000 TL,14000
Karabağlar,Stüdyo (1+0),10.000 TL,10000
Karabağlar,1+1,14.000 TL,14000
Menemen,1+1,13.500 TL,13500
Menemen,1+1,13.000 TL,13000
Menemen,1+1,14.000 TL,14000
Buca,2+1,14.000 TL,14000
Menemen,1+1,14.500 TL,14500
Bornova,2+1,13.000 TL,13000
Buca,1+1,14.250 TL,14250
Ödemiş,1+1,13.000 TL,13000
Bornova,3+1,12.000 TL,12000
Buca,Stüdyo (1+0),13.000 TL,13000
Karabağlar,3+1,13.500 TL,13500
Buca,1+1,12.000 TL,12000
Buca,1+1,14.000 TL,14000
Bornova,3+1,12.000 TL,12000
Bornova,2+1,10.000 TL,10000
Karşıyaka,2+1,13.500 TL,13500
Menemen,1+1,14.950 TL,14950
Menemen,1+1,14.000 TL,14000
Menemen,1+1,12.000 TL,12000
Torbalı,3+1,14.250 TL,14250
Bayraklı,2+1,14.000 TL,14000
Gaziemir,2+1,13.000 TL,13000
Bornova,1+1,14.000 TL,14000
Bornova,1+1,12.500 TL,12500
Menemen,1+1,14.000 TL,14000
Buca,1+1,14.000 TL,14000
Karabağlar,2+1,12.000 TL,12000
Çeşme,3+1,13.000 TL,13000
Buca,1+1,12.000 TL,12000
Bayraklı,3+1,14.000 TL,14000
Bornova,2+1,11.000 TL,11000
Karabağlar,3+1,14.000 TL,14000
Çeşme,2+1,10.000 TL,10000
Menemen,1+1,14.000 TL,14000
Karabağlar,3+1,13.000 TL,13000
Konak,2+1,14.500 TL,14500
Seferihisar,2+1,13.500 TL,13500
Buca,1+1,11.000 TL,11000
Menemen,1+1,14.000 TL,14000
Menemen,1+1,13.000 TL,13000
Buca,2+1,14.000 TL,14000
Karşıyaka,1+1,13.000 TL,13000
Menemen,1+1,14.000 TL,14000
Selçuk,1+1,13.000 TL,13000
Bornova,Stüdyo (1+0),14.000 TL,14000
Buca,2+1,14.000 TL,14000
Menemen,1+1,14.000 TL,14000
Karabağlar,2+1,13.000 TL,13000
Konak,1+1,10.000 TL,10000
Buca,1+1,14.500 TL,14500
Menemen,1+1,13.500 TL,13500
Karabağlar,1+1,13.500 TL,13500
Menemen,,12.000 TL,12000
Menemen,1+1,14.500 TL,14500
Ödemiş,2+1,13.000 TL,13000
Ödemiş,2+1,13.000 TL,13000
Menemen,1+1,13.000 TL,13000
Ödemiş,2+1,12.000 TL,12000
Karabağlar,3+1,14.000 TL,14000
Karabağlar,1+1,13.000 TL,13000
Buca,2+1,14.000 TL,14000
Menemen,1+1,14.000 TL,14000
Menemen,1+1,14.000 TL,14000
Menemen,1+1,14.000 TL,14000
Menemen,1+1,11.900 TL,11900
Dikili,5+1,13.000 TL,13000
Menemen,1+1,14.000 TL,14000
Gaziemir,3+1,14.000 TL,14000
Menemen,1+1,14.000 TL,14000
Bayraklı,3+1,14.000 TL,14000
Buca,1+1,13.000 TL,13000
Dikili,4+1,10.000 TL,10000
Menemen,Stüdyo (1+0),13.500 TL,13500
Menemen,1+1,14.000 TL,14000
Menemen,1+1,13.750 TL,13750
Karabağlar,Stüdyo (1+0),13.000 TL,13000
Buca,2+1,14.000 TL,14000
Bergama,2+1,13.000 TL,13000
Menemen,1+1,14.000 TL,14000
Torbalı,2+0,14.000 TL,14000
Çiğli,1+1,14.000 TL,14000
Menemen,1+1,14.250 TL,14250
Menemen,1+1,13.500 TL,13500
Menemen,1+1,13.000 TL,13000
Buca,2+1,13.000 TL,13000
Bayraklı,2+1,10.000 TL,10000
Menemen,1+1,14.000 TL,14000
Buca,2+1,14.500 TL,14500
Bayraklı,2+1,12.500 TL,12500
Konak,Stüdyo (1+0),12.000 TL,12000
Buca,2+1,12.000 TL,12000
Karabağlar,2+1,11.000 TL,11000
Menemen,1+1,13.000 TL,13000
Buca,1+1,14.999 TL,14999
Menemen,1+1,13.000 TL,13000
Menemen,1+1,14.000 TL,14000
Karabağlar,2+1,14.000 TL,14000
Menemen,1+1,13.500 TL,13500
Karabağlar,1+1,11.000 TL,11000
Bornova,1+1,11.000 TL,11000
Buca,3+1,13.000 TL,13000
Menemen,2+1,10.500 TL,10500
Buca,2+1,14.000 TL,14000
Çiğli,1+1,14.000 TL,14000
Karabağlar,2+1,14.000 TL,14000
Ödemiş,2+1,10.000 TL,10000
Torbalı,2+1,14.000 TL,14000
Buca,1+1,13.000 TL,13000
Bayraklı,3+1,12.500 TL,12500
Menemen,1+1,14.000 TL,14000
Torbalı,1+1,13.000 TL,13000
Menemen,1+1,12.500 TL,12500
Konak,1+1,11.000 TL,11000
Selçuk,,10.000 TL,10000
Karabağlar,2+1,12.000 TL,12000
Menemen,1+1,14.000 TL,14000
Menemen,1+1,14.500 TL,14500
Menemen,1+1,14.000 TL,14000
Karabağlar,2+1,13.000 TL,13000
Menemen,1+1,12.000 TL,12000
Buca,1+1,14.500 TL,14500
Torbalı,1+1,14.000 TL,14000
Kiraz,2+1,14.000 TL,14000
Buca,1+1,14.000 TL,14000
Bayraklı,2+1,13.000 TL,13000
Bayraklı,2+1,13.000 TL,13000
Buca,1+1,10.000 TL,10000
Buca,2+1,14.500 TL,14500
Bornova,Stüdyo (1+0),12.000 TL,12000
Aliağa,3+1,14.000 TL,14000
Buca,1+1,14.500 TL,14500
Menemen,1+1,13.000 TL,13000
Konak,2+1,12.000 TL,12000
Menemen,1+1,13.500 TL,13500
Menemen,1+1,14.750 TL,14750
Aliağa,2+1,10.000 TL,10000
Buca,2+1,13.000 TL,13000
Menemen,1+1,12.500 TL,12500
Karabağlar,2+1,14.000 TL,14000
Bornova,3+1,10.000 TL,10000
Çeşme,3+1,10.000 TL,10000
Menemen,1+1,14.000 TL,14000
Konak,2+1,11.000 TL,11000
Menemen,1+1,14.000 TL,14000
Konak,Stüdyo (1+0),14.000 TL,14000
Buca,Stüdyo (1+0),11.500 TL,11500
Çiğli,2+1,13.500 TL,13500
Ödemiş,2+1,14.000 TL,14000
Torbalı,1+1,14.500 TL,14500
Çeşme,4+1,10.000 TL,10000
Buca,1+1,14.000 TL,14000
Torbalı,2+1,14.000 TL,14000
Selçuk,1+1,12.000 TL,12000
Çeşme,4+1,10.000 TL,10000
Buca,5+1,10.000 TL,10000
Çeşme,4+1,12.500 TL,12500
Bayraklı,2+1,12.500 TL,12500
Menemen,1+1,13.000 TL,13000
Menemen,1+1,13.000 TL,13000
Bornova,1+1,12.000 TL,12000
Konak,2+1,10.000 TL,10000
Torbalı,1+1,12.000 TL,12000
Bornova,1+1,13.000 TL,13000
Menemen,2+1,13.000 TL,13000
Ödemiş,3+1,13.000 TL,13000
Menemen,1+1,12.750 TL,12750
Karabağlar,1+1,10.000 TL,10000
Buca,2+1,10.000 TL,10000
Torbalı,2+1,14.000 TL,14000
Çeşme,3+1,10.000 TL,10000
Buca,1+1,14.999 TL,14999
Torbalı,2+1,14.500 TL,14500
Buca,2+0,13.000 TL,13000
Bergama,3+1,14.000 TL,14000
Bayraklı,1+1,13.000 TL,13000
Bornova,2+1,13.000 TL,13000
Buca,1+1,13.000 TL,13000
Buca,1+1,13.500 TL,13500
Gaziemir,2+1,12.000 TL,12000
Çeşme,3+1,10.000 TL,10000
Bornova,3+1,10.000 TL,10000
Karabağlar,1+1,13.000 TL,13000
Bornova,1+1,13.000 TL,13000
Buca,2+1,13.000 TL,13000
Karabağlar,2+1,12.000 TL,12000
Buca,1+1,10.000 TL,10000
Buca,2+0,14.000 TL,14000
Buca,1+1,13.500 TL,13500
Kiraz,2.5+1,14.000 TL,14000
Ödemiş,1+1,12.000 TL,12000
Buca,2+1,14.000 TL,14000
Bayraklı,1+1,14.000 TL,14000
Menemen,1+1,13.500 TL,13500
Menemen,1+1,14.000 TL,14000
Menemen,2+1,14.000 TL,14000
Menemen,1+1,14.000 TL,14000
Ödemiş,3+1,12.500 TL,12500
Dikili,5+2,10.000 TL,10000
Karabağlar,2+1,14.000 TL,14000
Dikili,4+1,10.000 TL,10000
Karabağlar,2+1,11.000 TL,11000
Bayraklı,4+1,12.500 TL,12500
Bornova,2+1,14.500 TL,14500
Menemen,1+1,14.500 TL,14500
Ödemiş,2+1,14.000 TL,14000
Buca,2+1,14.500 TL,14500
Menemen,1+1,14.500 TL,14500
Bayraklı,2+1,11.000 TL,11000
Bayraklı,1+1,14.000 TL,14000
Buca,Stüdyo (1+0),14.000 TL,14000
Menemen,1+1,13.000 TL,13000
Menemen,1+1,14.000 TL,14000
Menemen,1+1,14.500 TL,14500
Konak,2+1,12.500 TL,12500
Bayraklı,2+1,12.000 TL,12000
Bayraklı,1+1,10.000 TL,10000
Buca,2+1,14.000 TL,14000
Konak,3+1,14.000 TL,14000
Buca,3+1,13.000 TL,13000
Torbalı,1+1,14.000 TL,14000
Karabağlar,3+1,12.000 TL,12000
Buca,1+1,14.500 TL,14500
Menemen,1+1,13.500 TL,13500
Menemen,1+1,14.000 TL,14000
Menemen,1+1,14.000 TL,14000
Bornova,1+1,13.000 TL,13000
Buca,Stüdyo (1+0),14.500 TL,14500
Bornova,Stüdyo (1+0),12.500 TL,12500
Bornova,Stüdyo (1+0),12.000 TL,12000
Menemen,1+1,13.000 TL,13000
Buca,Stüdyo (1+0),13.000 TL,13000
Bayraklı,2+1,13.200 TL,13200
Menemen,1+1,14.000 TL,14000
Menemen,1+1,12.500 TL,12500
Buca,1+1,14.000 TL,14000
Bayraklı,2+1,13.500 TL,13500
Bayraklı,1+1,12.500 TL,12500
Menemen,1+1,14.000 TL,14000
Buca,1+1,14.000 TL,14000
Menemen,1+1,14.000 TL,14000
Menemen,1+1,13.500 TL,13500
Buca,2+1,14.000 TL,14000
Bornova,4+0,14.000 TL,14000
Buca,1+1,16.000 TL,16000
Menemen,1+1,16.000 TL,16000
Buca,1+1,16.000 TL,16000
Karabağlar,2+1,15.000 TL,15000
Bornova,2+1,15.000 TL,15000
Buca,1+1,15.000 TL,15000
Karabağlar,2+1,16.000 TL,16000
Buca,1+1,15.000 TL,15000
Buca,2+1,15.000 TL,15000
Buca,2+1,16.000 TL,16000
Karabağlar,1+1,15.000 TL,15000
Buca,3+1,15.000 TL,15000
Buca,1+1,16.000 TL,16000
Bergama,3+1,15.000 TL,15000
Kemalpaşa,3+1,15.000 TL,15000
Menemen,1+1,15.000 TL,15000
Buca,2+1,15.000 TL,15000
Menemen,1+1,16.000 TL,16000
Bayraklı,2+1,15.000 TL,15000
Buca,1+1,15.000 TL,15000
Menemen,1+1,15.000 TL,15000
Torbalı,2+1,15.500 TL,15500
Buca,2+1,16.000 TL,16000
Buca,2+1,16.000 TL,16000
Buca,2+1,16.000 TL,16000
Ödemiş,2+1,15.000 TL,15000
Torbalı,1+1,16.000 TL,16000
Karşıyaka,1+1,16.000 TL,16000
Menemen,2+1,16.000 TL,16000
Menemen,1+1,15.000 TL,15000
Karabağlar,2+1,15.000 TL,15000
Buca,1+1,16.000 TL,16000
Kiraz,4+1,15.000 TL,15000
Buca,1+1,15.500 TL,15500
Buca,Stüdyo (1+0),15.550 TL,15550
Buca,1+1,15.000 TL,15000
Ödemiş,2+1,16.000 TL,16000
Buca,1+1,16.000 TL,16000
Karabağlar,3+1,15.000 TL,15000
Menemen,2+1,15.500 TL,15500
Menemen,1+1,15.250 TL,15250
Buca,1+1,15.000 TL,15000
Menemen,1+1,15.000 TL,15000
Bergama,1+1,15.000 TL,15000
Ödemiş,2+1,16.000 TL,16000
Bayraklı,1+1,15.000 TL,15000
Balçova,Stüdyo (1+0),16.000 TL,16000
Karşıyaka,1+1,15.000 TL,15000
Menemen,1+1,16.000 TL,16000
Ödemiş,2+1,16.000 TL,16000
Karabağlar,1+1,15.000 TL,15000
Menemen,1+1,15.000 TL,15000
Buca,1+1,15.000 TL,15000
Bornova,2+1,15.000 TL,15000
Menemen,1+1,15.000 TL,15000
Buca,1+1,15.000 TL,15000
Buca,1+1,15.000 TL,15000
Menemen,1+1,15.000 TL,15000
Bayraklı,3+1,16.000 TL,16000
Karabağlar,2+1,15.000 TL,15000
Buca,1+1,16.000 TL,16000
Buca,1+1,16.000 TL,16000
Menemen,1+1,15.500 TL,15500
Ödemiş,3+1,15.000 TL,15000
Bayraklı,1+1,15.000 TL,15000
Buca,1+1,15.000 TL,15000
Menemen,1+1,15.000 TL,15000
Bornova,2+1,15.000 TL,15000
Bornova,3+1,15.000 TL,15000
Buca,Stüdyo (1+0),16.000 TL,16000
Bergama,1+1,16.000 TL,16000
Bergama,3+1,16.000 TL,16000
Bornova,Stüdyo (1+0),16.000 TL,16000
Bayraklı,2+1,16.000 TL,16000
Bayındır,2+1,15.000 TL,15000
Bayraklı,3+1,15.000 TL,15000
Menemen,1+1,15.000 TL,15000
Seferihisar,1+1,15.500 TL,15500
Menemen,1+1,15.000 TL,15000
Bayraklı,1+1,16.000 TL,16000
Bornova,1+1,15.000 TL,15000
Bornova,2+1,16.000 TL,16000
Buca,2+1,15.000 TL,15000
Gaziemir,2+1,15.500 TL,15500
Tire,3+1,16.000 TL,16000
Torbalı,2+1,16.000 TL,16000
Menemen,1+1,15.500 TL,15500
Çiğli,Stüdyo (1+0),15.000 TL,15000
Konak,2+1,15.000 TL,15000
Menemen,1+1,15.000 TL,15000
Tire,2+1,15.000 TL,15000
Buca,1+1,15.000 TL,15000
Menderes,2+1,15.000 TL,15000
Menemen,1+1,15.000 TL,15000
Karabağlar,3+1,15.000 TL,15000
Torbalı,1+1,16.000 TL,16000
Seferihisar,1+1,15.000 TL,15000
Buca,1+1,16.000 TL,16000
Menemen,1+1,16.000 TL,16000
Menemen,2+1,15.000 TL,15000
Menemen,1+1,15.000 TL,15000
Buca,2+1,15.000 TL,15000
Buca,1+1,15.500 TL,15500
Buca,2+1,16.000 TL,16000
Buca,1+1,15.500 TL,15500
Bornova,2+1,15.000 TL,15000
Buca,1+1,15.000 TL,15000
Buca,3+1,16.000 TL,16000
Torbalı,2+1,15.000 TL,15000
Buca,Stüdyo (1+0),15.000 TL,15000
Menemen,1+1,15.000 TL,15000
Torbalı,1+1,15.500 TL,15500
Menemen,1+1,16.000 TL,16000
Konak,2+1,16.000 TL,16000
Menemen,1+1,15.000 TL,15000
Bayraklı,3+1,15.000 TL,15000
Menemen,1+1,16.000 TL,16000
Torbalı,2+1,15.000 TL,15000
Buca,2+1,16.000 TL,16000
Menemen,1+1,15.000 TL,15000
Bergama,3+1,16.000 TL,16000
Bayraklı,1+1,15.500 TL,15500
Buca,1+1,16.000 TL,16000
Buca,1+1,15.000 TL,15000
Menemen,1+1,16.000 TL,16000
Torbalı,1+1,16.000 TL,16000
Buca,Stüdyo (1+0),15.000 TL,15000
Buca,1+1,16.000 TL,16000
Buca,1+1,15.000 TL,15000
Buca,2+1,15.000 TL,15000
Ödemiş,3+1,15.000 TL,15000
Buca,1+1,15.000 TL,15000
Menemen,1+1,16.000 TL,16000
Konak,3+1,16.000 TL,16000
Buca,3+1,15.000 TL,15000
Bayraklı,1+1,15.000 TL,15000
Menemen,1+1,15.000 TL,15000
Torbalı,1+1,15.000 TL,15000
Tire,2+1,15.750 TL,15750
Torbalı,2+1,15.000 TL,15000
Menemen,1+1,16.000 TL,16000
Buca,1+1,16.000 TL,16000
Bornova,2+1,15.000 TL,15000
Ödemiş,3+1,15.500 TL,15500
Buca,1+1,15.000 TL,15000
Buca,2+0,16.000 TL,16000
Menderes,2+1,16.000 TL,16000
Buca,1+1,16.000 TL,16000
Menemen,3+1,16.000 TL,16000
Torbalı,3+1,15.500 TL,15500
Bayraklı,3+1,15.000 TL,15000
Buca,1+1,15.000 TL,15000
Menemen,1+1,15.000 TL,15000
Bornova,2+1,16.000 TL,16000
Torbalı,1+1,16.000 TL,16000
Menemen,1+1,16.000 TL,16000
Buca,1+1,15.000 TL,15000
Çiğli,2+1,15.000 TL,15000
Konak,Stüdyo (1+0),15.000 TL,15000
Bornova,2+1,15.000 TL,15000
Karabağlar,2+1,15.000 TL,15000
Bayraklı,1+1,15.500 TL,15500
Gaziemir,Stüdyo (1+0),15.000 TL,15000
Bayraklı,1+1,16.000 TL,16000
Buca,1+1,16.000 TL,16000
Buca,1+1,15.500 TL,15500
Menemen,Stüdyo (1+0),15.000 TL,15000
Bayraklı,2+1,16.000 TL,16000
Buca,1+1,15.000 TL,15000
Menemen,1+1,16.000 TL,16000
Gaziemir,2+1,15.500 TL,15500
Menemen,1+1,15.000 TL,15000
Bornova,1+1,15.000 TL,15000
Çiğli,4+1,16.000 TL,16000
Torbalı,3+1,15.000 TL,15000
Menemen,1+1,15.500 TL,15500
Tire,3+1,16.000 TL,16000
Menemen,1+1,16.000 TL,16000
Karabağlar,2+1,15.500 TL,15500
Torbalı,1+1,15.000 TL,15000
Buca,1+1,16.000 TL,16000
Menemen,1+1,16.000 TL,16000
Buca,1+1,15.000 TL,15000
Menemen,1+1,15.000 TL,15000
Buca,1+1,16.000 TL,16000
Menemen,1+1,15.500 TL,15500
Ödemiş,3+1,16.000 TL,16000
Gaziemir,2+1,15.000 TL,15000
Menemen,1+1,16.000 TL,16000
Buca,2+1,16.000 TL,16000
Buca,2+1,15.500 TL,15500
Bornova,2+1,15.000 TL,15000
Bornova,1+1,16.000 TL,16000
Torbalı,2+1,15.750 TL,15750
Bayraklı,1+1,15.000 TL,15000
Bayındır,2+1,15.000 TL,15000
Bornova,Stüdyo (1+0),15.000 TL,15000
Buca,1+1,16.000 TL,16000
Menemen,1+1,15.000 TL,15000
Torbalı,2+1,15.000 TL,15000
Menemen,1+1,15.000 TL,15000
Bergama,3+1,16.000 TL,16000
Karabağlar,3+1,15.000 TL,15000
Ödemiş,2+1,15.000 TL,15000
Torbalı,1+1,15.000 TL,15000
Tire,3+1,15.000 TL,15000
Menemen,1+1,16.000 TL,16000
Gaziemir,2+1,15.000 TL,15000
Dikili,1+1,15.000 TL,15000
Buca,3+1,15.000 TL,15000
Buca,1+1,15.000 TL,15000
Menemen,2+1,15.000 TL,15000
Ödemiş,3+1,15.000 TL,15000
Bayraklı,3+1,15.000 TL,15000
Karabağlar,3+1,15.000 TL,15000
Torbalı,1+1,16.000 TL,16000
Menemen,1+1,15.000 TL,15000
Menemen,1+1,15.500 TL,15500
Buca,2+1,16.000 TL,16000
Menemen,1+1,15.000 TL,15000
Menderes,2+1,16.000 TL,16000
Bayındır,1+1,15.000 TL,15000
Menemen,1+1,15.500 TL,15500
Menemen,1+1,16.000 TL,16000
Buca,1+1,15.000 TL,15000
Bergama,2+1,15.000 TL,15000
Kiraz,3+1,15.000 TL,15000
Menderes,2+1,16.000 TL,16000
Buca,1+1,15.000 TL,15000
Buca,1+1,15.000 TL,15000
Bornova,2+1,15.000 TL,15000
Buca,3+1,16.000 TL,16000
Buca,1+1,16.000 TL,16000
Buca,1+1,15.000 TL,15000
Gaziemir,2+1,15.000 TL,15000
Menemen,1+1,16.000 TL,16000
Buca,1+1,16.000 TL,16000
Torbalı,2+1,15.000 TL,15000
Konak,2+1,15.000 TL,15000
Menemen,1+1,16.000 TL,16000
Çiğli,3+1,16.000 TL,16000
Dikili,Stüdyo (1+0),15.000 TL,15000
Karabağlar,2+1,15.000 TL,15000
Menemen,1+1,16.000 TL,16000
Ödemiş,2+1,15.000 TL,15000
Buca,2+1,16.000 TL,16000
Tire,3+1,15.000 TL,15000
Menemen,1+1,16.000 TL,16000
Torbalı,3+1,16.000 TL,16000
Bayraklı,2+1,15.500 TL,15500
Bayraklı,3+1,16.000 TL,16000
Tire,1+1,15.000 TL,15000
Menemen,1+1,15.000 TL,15000
Menemen,1+1,15.000 TL,15000
Gaziemir,3+1,16.000 TL,16000
Buca,1+1,16.000 TL,16000
Menemen,1+1,16.000 TL,16000
Menemen,1+1,15.000 TL,15000
Buca,1+1,15.000 TL,15000
Buca,1+1,16.000 TL,16000
Karabağlar,2+1,15.000 TL,15000
Buca,1+1,15.000 TL,15000
Menemen,1+1,15.000 TL,15000
Menemen,1+1,15.000 TL,15000
Karabağlar,1+1,16.000 TL,16000
Buca,2+1,15.000 TL,15000
Kiraz,2+1,16.000 TL,16000
Ödemiş,3+1,16.000 TL,16000
Menemen,1+1,16.000 TL,16000
Seferihisar,1+1,16.000 TL,16000
Bergama,2+1,15.000 TL,15000
Menemen,1+1,16.000 TL,16000
Buca,1+1,16.000 TL,16000
Bornova,2+1,15.000 TL,15000
Tire,3+1,16.000 TL,16000
Buca,1+1,15.000 TL,15000
Urla,1+1,15.600 TL,15600
Ödemiş,1+1,15.000 TL,15000
Menemen,1+1,15.000 TL,15000
Buca,2+1,16.000 TL,16000
Menemen,1+1,16.000 TL,16000
Torbalı,1+1,15.000 TL,15000
Torbalı,1+1,16.000 TL,16000
Buca,1+1,15.000 TL,15000
Menemen,1+1,16.000 TL,16000
Menemen,1+1,15.500 TL,15500
Menemen,1+1,16.000 TL,16000
Buca,1+1,15.000 TL,15000
Bayraklı,4+1,16.000 TL,16000
Buca,1+1,15.000 TL,15000
Menemen,1+1,15.000 TL,15000
Bayraklı,1+1,15.000 TL,15000
Karabağlar,3+1,15.000 TL,15000
Bayraklı,1+1,15.000 TL,15000
Tire,3+1,16.000 TL,16000
Bayraklı,2+1,16.000 TL,16000
Konak,2+1,16.000 TL,16000
Beydağ,1+1,16.000 TL,16000
Konak,2+1,15.000 TL,15000
Gaziemir,2+1,16.000 TL,16000
Menemen,1+1,16.000 TL,16000
Ödemiş,3+1,15.000 TL,15000
Tire,1+1,15.000 TL,15000
Karşıyaka,2+1,16.000 TL,16000
Karabağlar,1+1,16.000 TL,16000
Konak,2+1,15.000 TL,15000
Menemen,1+1,16.000 TL,16000
Torbalı,3+1,16.000 TL,16000
Menemen,1+1,16.000 TL,16000
Ödemiş,2+1,16.000 TL,16000
Çiğli,2+1,15.000 TL,15000
Buca,Stüdyo (1+0),15.000 TL,15000
Torbalı,2+1,15.000 TL,15000
Bornova,1+1,15.000 TL,15000
Menemen,1+1,15.000 TL,15000
Menemen,1+1,16.000 TL,16000
Menemen,1+1,15.000 TL,15000
Menemen,1+1,16.000 TL,16000
Karşıyaka,2+1,15.000 TL,15000
Bergama,2+1,16.000 TL,16000
Menemen,1+1,15.000 TL,15000
Menemen,1+1,15.000 TL,15000
Bornova,1+1,15.000 TL,15000
Çiğli,1+1,15.500 TL,15500
Buca,2+0,15.000 TL,15000
Buca,1+1,16.000 TL,16000
Çiğli,1+1,16.000 TL,16000
Kınık,3+1,16.000 TL,16000
Konak,2+0,16.000 TL,16000
Torbalı,1+1,16.000 TL,16000
Menemen,1+1,15.000 TL,15000
Buca,1+1,16.000 TL,16000
Bayraklı,2+1,15.000 TL,15000
Bayraklı,2+1,16.000 TL,16000
Kemalpaşa,1+1,16.000 TL,16000
Karabağlar,2+1,16.000 TL,16000
Buca,1+1,16.000 TL,16000
Buca,1+1,16.000 TL,16000
Ödemiş,2+1,15.000 TL,15000
Buca,Stüdyo (1+0),15.000 TL,15000
Karabağlar,2+1,15.000 TL,15000
Buca,2+0,15.000 TL,15000
Konak,3.5+1,15.000 TL,15000
Bayraklı,2+1,15.000 TL,15000
Tire,3+1,15.000 TL,15000
Buca,1+1,16.000 TL,16000
Menemen,1+1,16.000 TL,16000
Buca,1+1,15.000 TL,15000
Menemen,1+1,16.000 TL,16000
Bayraklı,2+1,15.000 TL,15000
Torbalı,3+1,15.000 TL,15000
Torbalı,2+1,15.000 TL,15000
Ödemiş,2+1,15.000 TL,15000
Menemen,Stüdyo (1+0),16.000 TL,16000
Çiğli,1+1,16.000 TL,16000
Bayraklı,2+1,16.000 TL,16000
Menemen,2+1,16.000 TL,16000
Tire,3+1,15.000 TL,15000
Bayraklı,3+1,15.500 TL,15500
Bornova,1+1,15.000 TL,15000
Buca,1+1,15.000 TL,15000
Bayraklı,2+1,15.000 TL,15000
Bornova,1+1,15.000 TL,15000
Menemen,1+1,16.000 TL,16000
Buca,1+1,16.000 TL,16000
Menemen,2+1,15.000 TL,15000
Torbalı,1+1,15.500 TL,15500
Torbalı,2+1,15.500 TL,15500
Bornova,2+1,16.000 TL,16000
Buca,2+0,15.000 TL,15000
Menemen,1+1,15.500 TL,15500
Menemen,1+1,16.000 TL,16000
Buca,1+1,15.000 TL,15000
Buca,1+1,16.000 TL,16000
Buca,1+1,15.000 TL,15000
Buca,1+1,16.000 TL,16000
Konak,1+1,15.000 TL,15000
Selçuk,3+1,16.000 TL,16000
Bayraklı,2+1,16.000 TL,16000
Buca,2+1,16.000 TL,16000
Bayraklı,1+1,16.000 TL,16000
Menemen,1+1,15.000 TL,15000
Buca,3+1,15.000 TL,15000
Menemen,1+1,15.500 TL,15500
Menemen,1+1,15.500 TL,15500
Menemen,1+1,16.000 TL,16000
Buca,2+0,15.000 TL,15000
Buca,2+0,15.000 TL,15000
Bornova,2+1,16.000 TL,16000
Bornova,Stüdyo (1+0),15.000 TL,15000
Bayraklı,2+1,15.000 TL,15000
Buca,1+1,15.500 TL,15500
Menemen,1+1,16.000 TL,16000
Seferihisar,1+1,15.500 TL,15500
Buca,2+1,16.000 TL,16000
Menemen,1+1,15.000 TL,15000
Menemen,1+1,15.250 TL,15250
Torbalı,2+1,16.000 TL,16000
Buca,1+1,16.000 TL,16000
Karabağlar,2+1,15.000 TL,15000
Menemen,1+1,15.000 TL,15000
Tire,2+1,15.000 TL,15000
Karabağlar,2+1,16.000 TL,16000
Menemen,1+1,15.000 TL,15000
Karabağlar,1+1,15.000 TL,15000
Tire,2+1,15.000 TL,15000
Menemen,Stüdyo (1+0),16.000 TL,16000
Buca,1+1,16.000 TL,16000
Menemen,1+1,16.000 TL,16000
Menemen,2+1,16.000 TL,16000
Urla,Stüdyo (1+0),16.000 TL,16000
Buca,2+1,15.000 TL,15000
Ödemiş,1+1,15.000 TL,15000
Kemalpaşa,2+1,15.000 TL,15000
Buca,1+1,15.000 TL,15000
Buca,1+1,15.000 TL,15000
Menemen,1+1,15.750 TL,15750
Menemen,1+1,16.000 TL,16000
Menemen,1+1,15.500 TL,15500
Buca,1+1,16.000 TL,16000
Buca,Stüdyo (1+0),15.000 TL,15000
Buca,1+1,16.000 TL,16000
Menemen,1+1,16.000 TL,16000
Bayraklı,2+1,15.000 TL,15000
Ödemiş,3+1,16.000 TL,16000
Gaziemir,2+1,15.000 TL,15000
Torbalı,1+1,16.000 TL,16000
Bayındır,2+1,15.000 TL,15000
Konak,2+1,16.000 TL,16000
Karabağlar,2+1,16.000 TL,16000
Buca,1+1,15.000 TL,15000
Menemen,1+1,15.000 TL,15000
Gaziemir,1+1,15.000 TL,15000
Balçova,Stüdyo (1+0),15.000 TL,15000
Bornova,1+1,15.000 TL,15000
Torbalı,2+1,15.000 TL,15000
Buca,2+0,15.000 TL,15000
Buca,1+1,16.000 TL,16000
Buca,2+1,15.000 TL,15000
Bayraklı,2+1,15.000 TL,15000
Menemen,1+1,16.000 TL,16000
Menemen,1+1,16.000 TL,16000
Menemen,1+1,15.000 TL,15000
Bayraklı,1+1,15.000 TL,15000
Bayraklı,3+1,15.000 TL,15000
Karabağlar,1.5+1,15.000 TL,15000
Buca,1+1,16.000 TL,16000
Bayraklı,2+1,15.000 TL,15000
Konak,3+1,16.000 TL,16000
Menemen,1+1,16.000 TL,16000
Buca,1+1,16.000 TL,16000
Menemen,1+1,15.000 TL,15000
Tire,1+1,15.000 TL,15000
Kiraz,1+1,15.000 TL,15000
Menemen,Stüdyo (1+0),15.000 TL,15000
Ödemiş,2+1,16.000 TL,16000
Buca,1+1,15.000 TL,15000
Karabağlar,1+1,15.000 TL,15000
Gaziemir,2+1,16.000 TL,16000
Buca,1+1,16.000 TL,16000
Menemen,1+1,15.000 TL,15000
Ödemiş,2+1,15.000 TL,15000
Ödemiş,4+1,15.000 TL,15000
Torbalı,1+1,15.000 TL,15000
Menemen,1+1,16.000 TL,16000
Buca,1+1,16.000 TL,16000
Çeşme,3+1,16.000 TL,16000
Bornova,1+1,15.000 TL,15000
Bayraklı,2+1,16.000 TL,16000
Buca,1+1,15.000 TL,15000
Tire,3+1,15.000 TL,15000
Menemen,1+1,15.000 TL,15000
Menemen,1+1,16.000 TL,16000
Aliağa,2+1,15.000 TL,15000
Menemen,1+1,15.500 TL,15500
Buca,2+1,16.000 TL,16000
Tire,1+1,15.000 TL,15000
Menemen,2+1,16.000 TL,16000
Buca,1+1,16.000 TL,16000
Menemen,1+1,16.000 TL,16000
Buca,1+1,15.000 TL,15000
Menemen,2+1,15.000 TL,15000
Menemen,3+1,15.000 TL,15000
Karabağlar,1+1,15.500 TL,15500
Bornova,2+0,16.000 TL,16000
Buca,Stüdyo (1+0),15.000 TL,15000
Buca,2+1,15.000 TL,15000
Menemen,1+1,15.000 TL,15000
Seferihisar,1+1,15.500 TL,15500
Buca,1+1,16.000 TL,16000
Menemen,1+1,15.500 TL,15500
Buca,1+1,15.000 TL,15000
Buca,Stüdyo (1+0),16.000 TL,16000
Menemen,1+1,16.000 TL,16000
Buca,3+1,16.000 TL,16000
Buca,1+1,15.000 TL,15000
Bornova,3+1,15.000 TL,15000
Buca,1+1,15.000 TL,15000
Buca,1+1,16.000 TL,16000
Menemen,1+1,15.000 TL,15000
Bayındır,1.5+1,15.000 TL,15000
Menemen,2+1,16.000 TL,16000
Buca,2+1,15.000 TL,15000
Menemen,2+0,15.000 TL,15000
Bornova,1+1,15.000 TL,15000
Torbalı,3+1,15.000 TL,15000
Bayraklı,2+1,15.500 TL,15500
Karabağlar,3+1,15.000 TL,15000
Bornova,1+1,15.000 TL,15000
Bayraklı,1+1,15.000 TL,15000
Menemen,Stüdyo (1+0),15.000 TL,15000
Karşıyaka,3+1,15.000 TL,15000
Buca,2+1,15.000 TL,15000
Buca,1+1,15.500 TL,15500
Menemen,1+1,16.000 TL,16000
Torbalı,2+1,15.000 TL,15000
Bayraklı,2+1,15.000 TL,15000
Karşıyaka,2+1,15.000 TL,15000
Buca,1+1,15.500 TL,15500
Çiğli,1+1,15.000 TL,15000
Buca,1+1,15.000 TL,15000
Buca,2+0,15.500 TL,15500
Buca,Stüdyo (1+0),15.000 TL,15000
Menemen,3+1,16.000 TL,16000
Menemen,3+1,15.000 TL,15000
Buca,2+0,16.000 TL,16000
Kemalpaşa,3+1,16.000 TL,16000
Menemen,1+1,15.500 TL,15500
Torbalı,1+1,15.500 TL,15500
Karabağlar,2+1,15.000 TL,15000
Buca,1+1,16.000 TL,16000
Foça,1+1,16.000 TL,16000
Bornova,2+1,15.000 TL,15000
Dikili,4+1,15.000 TL,15000
Karabağlar,3+1,16.000 TL,16000
Bornova,Stüdyo (1+0),15.000 TL,15000
Buca,2+1,15.999 TL,15999
Buca,Stüdyo (1+0),15.000 TL,15000
Karabağlar,3+1,15.000 TL,15000
Torbalı,2+1,16.000 TL,16000
Urla,1+1,15.000 TL,15000
Karabağlar,2+1,15.000 TL,15000
Buca,1+1,15.500 TL,15500
Buca,1+1,16.000 TL,16000
Bayraklı,2+1,15.000 TL,15000
Çiğli,2+1,16.000 TL,16000
Menemen,1+1,16.000 TL,16000
Kemalpaşa,2+1,16.000 TL,16000
Menemen,1+1,15.500 TL,15500
Buca,2+1,15.000 TL,15000
Karabağlar,2+1,16.000 TL,16000
Ödemiş,3+1,15.000 TL,15000
Menemen,1+1,15.000 TL,15000
Buca,1+1,16.000 TL,16000
Bayraklı,Stüdyo (1+0),16.000 TL,16000
Torbalı,1+1,16.000 TL,16000
Buca,Stüdyo (1+0),15.000 TL,15000
Karabağlar,3+1,15.500 TL,15500
Menemen,1+1,16.000 TL,16000
Bayraklı,1+1,16.000 TL,16000
Bornova,2+1,15.000 TL,15000
Bornova,1+1,15.750 TL,15750
Buca,1+1,15.000 TL,15000
Bayraklı,2+1,15.000 TL,15000
Bergama,1+1,16.000 TL,16000
Menemen,1+1,15.250 TL,15250
Menemen,1+1,15.500 TL,15500
Torbalı,2+1,15.500 TL,15500
Menderes,2+1,16.000 TL,16000
Menemen,2+1,16.000 TL,16000
Buca,1+1,16.000 TL,16000
Buca,1+1,15.000 TL,15000
Buca,2+1,16.000 TL,16000
Buca,1+1,16.000 TL,16000
Menemen,2+1,15.000 TL,15000
Menemen,1+1,15.000 TL,15000
Çeşme,3+1,15.000 TL,15000
Buca,1+1,16.000 TL,16000
Çiğli,1+1,15.000 TL,15000
Buca,1+1,15.500 TL,15500
Bergama,1+1,16.000 TL,16000
Buca,1+1,16.000 TL,16000
Bornova,2+1,15.000 TL,15000
Buca,3+1,15.000 TL,15000
Buca,1+1,15.000 TL,15000
Çiğli,1+1,16.000 TL,16000
Menemen,1+1,16.000 TL,16000
Menemen,1+1,15.000 TL,15000
Menemen,1+1,16.000 TL,16000
Bornova,2+1,15.500 TL,15500
Buca,2+1,16.000 TL,16000
Bayraklı,2+1,15.000 TL,15000
Ödemiş,2+1,16.000 TL,16000
Buca,1+1,15.000 TL,15000
Konak,2+1,16.000 TL,16000
Menemen,1+1,15.000 TL,15000
Menemen,1+1,16.000 TL,16000
Karabağlar,1+1,15.000 TL,15000
Menemen,1+1,15.500 TL,15500
Konak,3+1,15.000 TL,15000
Menemen,1+1,15.000 TL,15000
Çiğli,Stüdyo (1+0),16.000 TL,16000
Çiğli,1+1,16.000 TL,16000
Tire,2+1,15.500 TL,15500
Buca,1+1,15.000 TL,15000
Ödemiş,3+1,15.000 TL,15000
Menemen,1+1,15.000 TL,15000
Ödemiş,1+1,15.000 TL,15000
Torbalı,3+1,16.000 TL,16000
Menemen,1+1,15.000 TL,15000
Bayraklı,2+1,15.000 TL,15000
Selçuk,2+1,16.000 TL,16000
Bayraklı,3+1,16.000 TL,16000
Buca,1+1,16.000 TL,16000
Ödemiş,2+1,16.000 TL,16000
Torbalı,2+1,15.500 TL,15500
Ödemiş,2+1,15.000 TL,15000
Karabağlar,3+1,15.500 TL,15500
Buca,1+1,16.000 TL,16000
Buca,1+1,16.000 TL,16000
Torbalı,1+1,15.000 TL,15000
Menderes,1+1,16.000 TL,16000
Menemen,1+1,15.500 TL,15500
Konak,2+1,16.000 TL,16000
Menemen,1+1,16.000 TL,16000
Tire,2+1,16.000 TL,16000
Menemen,1+1,15.000 TL,15000
Buca,1+1,15.000 TL,15000
Ödemiş,3+1,15.000 TL,15000
Karabağlar,3+1,15.000 TL,15000
Buca,1+1,16.000 TL,16000
Konak,1+1,16.000 TL,16000
Kemalpaşa,3+1,15.000 TL,15000
Gaziemir,2+1,15.000 TL,15000
Menemen,1+1,15.500 TL,15500
Karabağlar,3+1,16.000 TL,16000
Bayraklı,2+1,15.000 TL,15000
Menderes,1+1,16.000 TL,16000
Torbalı,2+1,15.500 TL,15500
Buca,2+1,15.000 TL,15000
Bayraklı,1+1,15.000 TL,15000
Bayraklı,2+1,15.000 TL,15000
Menemen,1+1,15.000 TL,15000
Buca,2+1,16.000 TL,16000
Torbalı,2+1,15.000 TL,15000
Bergama,3+1,15.000 TL,15000
Bayraklı,2+1,16.000 TL,16000
Buca,2+1,15.000 TL,15000
Torbalı,2+1,15.500 TL,15500
Buca,1+1,16.000 TL,16000
Bayraklı,2+1,15.000 TL,15000
Bergama,2+1,15.000 TL,15000
Menemen,2+1,15.000 TL,15000
Menemen,1+1,16.000 TL,16000
Karabağlar,3+1,15.000 TL,15000
Torbalı,2+1,15.000 TL,15000
Çiğli,2+1,16.000 TL,16000
Buca,2+0,15.000 TL,15000
Torbalı,2+1,15.000 TL,15000
Kiraz,3+1,15.000 TL,15000
Menemen,1+1,15.000 TL,15000
Bayraklı,2+1,16.000 TL,16000
Buca,Stüdyo (1+0),15.000 TL,15000
Menemen,1+1,15.000 TL,15000
Ödemiş,1+1,15.000 TL,15000
Menemen,1+1,15.000 TL,15000
Buca,1+1,16.000 TL,16000
Torbalı,2+1,15.500 TL,15500
Buca,1+1,15.000 TL,15000
Karabağlar,2+1,15.000 TL,15000
Buca,1+1,16.000 TL,16000
Balçova,3+1,15.000 TL,15000
Karabağlar,2+1,15.000 TL,15000
Bayraklı,2+1,16.000 TL,16000
Buca,1+1,15.000 TL,15000
Bornova,2+1,15.500 TL,15500
Buca,Stüdyo (1+0),16.000 TL,16000
Menemen,1+1,15.750 TL,15750
Menemen,1+1,16.100 TL,16100
Buca,2+1,15.000 TL,15000
Menemen,1+1,16.000 TL,16000
Karabağlar,2+1,15.000 TL,15000
Ödemiş,3+1,15.000 TL,15000
Menemen,1+1,16.000 TL,16000
Bayraklı,2+1,15.750 TL,15750
Buca,2+0,15.000 TL,15000
Çiğli,1+1,16.000 TL,16000
Çiğli,2+1,15.000 TL,15000
Buca,1+1,16.000 TL,16000
Konak,3+1,15.000 TL,15000
Buca,1+1,16.000 TL,16000
Buca,1+1,15.500 TL,15500
Menemen,1+1,15.750 TL,15750
Buca,Stüdyo (1+0),16.000 TL,16000
Buca,1+1,16.000 TL,16000
Buca,1+1,16.000 TL,16000
Buca,1+1,16.000 TL,16000
Buca,1+1,16.000 TL,16000
Buca,1+1,15.500 TL,15500
Buca,1+1,16.000 TL,16000
Buca,1+1,15.000 TL,15000
Buca,1+1,16.000 TL,16000
Buca,Stüdyo (1+0),15.500 TL,15500
Buca,1+1,15.000 TL,15000
Buca,1+1,16.000 TL,16000
Menemen,2+1,15.750 TL,15750
Buca,1+1,16.000 TL,16000
Buca,1+1,15.000 TL,15000
Karabağlar,2+0,15.000 TL,15000
Buca,2+1,16.000 TL,16000
Buca,1+1,16.000 TL,16000
Bayraklı,2+1,15.000 TL,15000
Bornova,2+1,16.000 TL,16000
Buca,1+1,15.000 TL,15000
Ödemiş,5+1,15.000 TL,15000
Bayraklı,2+1,15.000 TL,15000
Menemen,1+1,17.030 TL,17030
Menemen,1+1,17.000 TL,17000
Menemen,2+1,17.000 TL,17000
Bornova,2+1,17.000 TL,17000
Buca,1+1,16.500 TL,16500
Menemen,1+1,16.500 TL,16500
Bayraklı,2+1,17.000 TL,17000
Torbalı,1+1,17.000 TL,17000
Çiğli,2+1,17.250 TL,17250
Menemen,1+1,16.500 TL,16500
Menemen,1+1,17.000 TL,17000
Buca,1+1,17.000 TL,17000
Bornova,1+1,17.000 TL,17000
Bayraklı,2+1,17.000 TL,17000
Tire,2+1,16.500 TL,16500
Bayraklı,2+1,17.000 TL,17000
Menemen,1+1,17.000 TL,17000
Tire,2+1,17.000 TL,17000
Torbalı,1+1,16.500 TL,16500
Buca,1+1,16.500 TL,16500
Torbalı,3+1,17.000 TL,17000
Karabağlar,2+1,17.000 TL,17000
Buca,2+0,17.000 TL,17000
Buca,2+1,17.000 TL,17000
Bayraklı,2+1,17.000 TL,17000
Buca,1+1,16.500 TL,16500
Bornova,2+1,17.000 TL,17000
Karabağlar,2+1,17.000 TL,17000
Karabağlar,2+1,17.000 TL,17000
Karabağlar,1+1,16.500 TL,16500
Buca,1+1,17.000 TL,17000
Bergama,2+1,17.000 TL,17000
Torbalı,1+1,17.000 TL,17000
Torbalı,2+1,17.000 TL,17000
Bornova,2+1,17.000 TL,17000
Menemen,1+1,17.000 TL,17000
Buca,1+1,17.000 TL,17000
Torbalı,1+1,17.000 TL,17000
Ödemiş,2+1,17.000 TL,17000
Buca,Stüdyo (1+0),17.000 TL,17000
Ödemiş,2+1,16.250 TL,16250
Torbalı,1+1,17.000 TL,17000
Buca,1+1,17.000 TL,17000
Menemen,1+1,17.000 TL,17000
Buca,1+1,16.500 TL,16500
Tire,2+1,16.750 TL,16750
Buca,1+1,17.000 TL,17000
Buca,1+1,17.000 TL,17000
Buca,1+1,16.500 TL,16500
Buca,1+1,17.000 TL,17000
Buca,1+1,17.000 TL,17000
Bayraklı,2+1,17.000 TL,17000
Karabağlar,3+1,16.500 TL,16500
Buca,1+1,17.000 TL,17000
Torbalı,2+1,16.500 TL,16500
Çiğli,1+1,17.250 TL,17250
Torbalı,2+1,17.000 TL,17000
Buca,1+1,17.000 TL,17000
Buca,1+1,17.000 TL,17000
Menemen,1+1,16.500 TL,16500
Buca,1+1,17.000 TL,17000
Bayraklı,3+1,17.000 TL,17000
Buca,1+1,16.500 TL,16500
Karabağlar,2+1,17.000 TL,17000
Gaziemir,1+1,17.000 TL,17000
Buca,2+1,16.500 TL,16500
Bayraklı,2+1,17.000 TL,17000
Buca,2+0,17.000 TL,17000
Konak,3+1,16.500 TL,16500
Kemalpaşa,2+1,17.000 TL,17000
Torbalı,2+1,17.000 TL,17000
Menemen,1+1,16.250 TL,16250
Buca,1+1,17.000 TL,17000
Menemen,1+1,17.000 TL,17000
Buca,2+1,17.000 TL,17000
Bornova,1+1,17.000 TL,17000
Menemen,1+1,16.500 TL,16500
Torbalı,2+0,17.000 TL,17000
Bayraklı,2+1,17.000 TL,17000
Buca,1+1,17.000 TL,17000
Torbalı,2+1,17.000 TL,17000
Buca,2+1,17.000 TL,17000
Ödemiş,3+1,17.000 TL,17000
Çiğli,3+1,17.000 TL,17000
Buca,3+1,17.000 TL,17000
Menemen,1+1,17.000 TL,17000
Buca,1+1,16.500 TL,16500
Karabağlar,3+1,17.000 TL,17000
Karabağlar,2+1,17.000 TL,17000
Buca,1+1,16.500 TL,16500
Torbalı,1+1,17.000 TL,17000
Karabağlar,2+1,17.000 TL,17000
Buca,2+0,17.000 TL,17000
Bornova,2+1,16.500 TL,16500
Torbalı,3+1,17.000 TL,17000
Çiğli,3+1,17.000 TL,17000
Buca,1+1,17.000 TL,17000
Buca,1+1,17.000 TL,17000
Karabağlar,2+1,17.000 TL,17000
Menemen,3+1,17.000 TL,17000
Ödemiş,3+1,17.000 TL,17000
Buca,1+1,17.000 TL,17000
Menemen,2+1,17.000 TL,17000
Karabağlar,2+1,17.000 TL,17000
Torbalı,2+1,17.000 TL,17000
Tire,3+1,17.000 TL,17000
Buca,1+1,17.000 TL,17000
Buca,3+1,17.000 TL,17000
Menemen,2+1,17.000 TL,17000
Buca,1+1,17.000 TL,17000
Buca,1+1,17.000 TL,17000
Bergama,1+1,17.000 TL,17000
Buca,1+1,17.000 TL,17000
Çiğli,1+1,17.000 TL,17000
Bornova,2+1,17.000 TL,17000
Ödemiş,3+1,17.000 TL,17000
Ödemiş,2+1,17.000 TL,17000
Kemalpaşa,2+1,17.000 TL,17000
Buca,1+1,17.000 TL,17000
Torbalı,2+1,17.000 TL,17000
Buca,2+0,17.000 TL,17000
Buca,1+1,17.000 TL,17000
Torbalı,2+1,17.000 TL,17000
Çiğli,1+1,16.500 TL,16500
Menemen,1+1,17.000 TL,17000
Bornova,1+1,16.500 TL,16500
Buca,1+1,16.500 TL,16500
Torbalı,1+1,16.900 TL,16900
Buca,1+1,17.000 TL,17000
Buca,2+1,17.000 TL,17000
Menemen,1+1,17.000 TL,17000
Karabağlar,3+1,16.500 TL,16500
Menemen,3+1,17.000 TL,17000
Buca,1+1,16.500 TL,16500
Menemen,1+1,16.500 TL,16500
Buca,2+1,17.000 TL,17000
Bayraklı,1+1,17.000 TL,17000
Buca,1+1,17.000 TL,17000
Menemen,2+0,17.000 TL,17000
Menemen,2+1,17.000 TL,17000
Torbalı,3+1,17.000 TL,17000
Buca,1+1,16.500 TL,16500
Buca,1+1,16.500 TL,16500
Bornova,2+1,17.000 TL,17000
Buca,1+1,17.000 TL,17000
Menemen,1+1,17.000 TL,17000
Buca,2+0,17.000 TL,17000
Torbalı,1+1,17.000 TL,17000
Menemen,2+1,16.250 TL,16250
Menemen,1+1,17.000 TL,17000
Menemen,1+1,17.000 TL,17000
Torbalı,2+1,17.000 TL,17000
Torbalı,1+1,17.000 TL,17000
Buca,1+1,17.000 TL,17000
Bornova,1.5+1,16.500 TL,16500
Menemen,1+1,17.000 TL,17000
Torbalı,2+1,16.500 TL,16500
Menemen,2+1,16.500 TL,16500
Torbalı,2+1,17.000 TL,17000
Tire,1+1,17.000 TL,17000
Menemen,1+1,16.500 TL,16500
Buca,Stüdyo (1+0),17.000 TL,17000
Buca,2+1,16.500 TL,16500
Menemen,1+1,16.500 TL,16500
Buca,2+1,17.400 TL,17400
Bayraklı,2+1,16.500 TL,16500
Buca,Stüdyo (1+0),17.000 TL,17000
Bornova,2+1,17.000 TL,17000
Menemen,1+1,17.000 TL,17000
Bayraklı,2+1,17.000 TL,17000
Menemen,3+1,17.000 TL,17000
Buca,2+1,17.000 TL,17000
Torbalı,2+1,17.000 TL,17000
Bornova,2+1,17.000 TL,17000
Menemen,2+1,16.500 TL,16500
Menemen,1+1,17.000 TL,17000
Bergama,1+1,17.000 TL,17000
Buca,1+1,17.000 TL,17000
Buca,1+1,17.000 TL,17000
Buca,1+1,17.000 TL,17000
Bayraklı,2+1,16.500 TL,16500
Torbalı,1+1,17.000 TL,17000
Bergama,1+1,17.000 TL,17000
Konak,Stüdyo (1+0),17.000 TL,17000
Menemen,1+1,17.000 TL,17000
Buca,1+1,17.000 TL,17000
Buca,1+1,17.000 TL,17000
Konak,2+1,17.000 TL,17000
Buca,1+1,17.000 TL,17000
Buca,1+1,17.000 TL,17000
Buca,2+0,17.000 TL,17000
Tire,3+1,16.500 TL,16500
Torbalı,1+1,17.000 TL,17000
Balçova,Stüdyo (1+0),17.000 TL,17000
Menemen,3+1,16.500 TL,16500
Buca,1+1,17.000 TL,17000
Menemen,1+1,17.000 TL,17000
Buca,1+1,16.500 TL,16500
Torbalı,1+1,17.000 TL,17000
Menemen,1+1,16.500 TL,16500
Menemen,1+1,17.000 TL,17000
Aliağa,2+1,17.000 TL,17000
Buca,1+1,17.000 TL,17000
Buca,2+0,17.000 TL,17000
Bornova,2+1,17.000 TL,17000
Torbalı,1+1,17.000 TL,17000
Bornova,2+1,16.500 TL,16500
Menemen,2+1,17.000 TL,17000
Torbalı,2+1,16.750 TL,16750
Menemen,1+1,16.500 TL,16500
Menemen,1+1,17.000 TL,17000
Buca,2+1,17.000 TL,17000
Menemen,1+1,16.500 TL,16500
Bergama,1+1,17.000 TL,17000
Buca,1+1,17.000 TL,17000
Tire,3+1,16.500 TL,16500
Karşıyaka,1.5+1,16.500 TL,16500
Bornova,1+1,17.000 TL,17000
Buca,1+1,17.000 TL,17000
Menemen,2+1,17.000 TL,17000
Menemen,1+1,16.500 TL,16500
Buca,1+1,16.500 TL,16500
Menemen,1+1,17.250 TL,17250
Torbalı,2+1,17.000 TL,17000
Ödemiş,2+1,17.000 TL,17000
Torbalı,1+1,17.000 TL,17000
Menemen,1+1,17.000 TL,17000
Karabağlar,2+1,16.500 TL,16500
Buca,2+1,17.000 TL,17000
Bornova,2+1,17.000 TL,17000
Buca,1+1,17.000 TL,17000
Menemen,1+1,17.000 TL,17000
Bayraklı,2+1,16.500 TL,16500
Menemen,1+1,17.000 TL,17000
Çiğli,Stüdyo (1+0),16.250 TL,16250
Menemen,1+1,17.000 TL,17000
Buca,1+1,17.000 TL,17000
Buca,1+1,17.000 TL,17000
Buca,1+1,16.500 TL,16500
Menemen,1+1,16.500 TL,16500
Menemen,1+1,17.000 TL,17000
Buca,1+1,17.000 TL,17000
Bayraklı,3+1,17.000 TL,17000
Buca,2+0,17.000 TL,17000
Buca,1+1,16.500 TL,16500
Menemen,1+1,17.250 TL,17250
Buca,1+1,17.000 TL,17000
Menemen,1+1,17.000 TL,17000
Menemen,1+1,17.000 TL,17000
Konak,2+1,17.000 TL,17000
Bayraklı,Stüdyo (1+0),17.000 TL,17000
Buca,1+1,16.500 TL,16500
Buca,1+1,17.000 TL,17000
Buca,1+1,16.500 TL,16500
Karabağlar,2+1,16.500 TL,16500
Menemen,2+1,17.000 TL,17000
Çiğli,2+1,17.000 TL,17000
Buca,2+1,16.500 TL,16500
Buca,1+1,16.500 TL,16500
Buca,1+1,17.000 TL,17000
Buca,Stüdyo (1+0),16.500 TL,16500
Menemen,1+1,17.000 TL,17000
Buca,1+1,17.000 TL,17000
Çiğli,1+1,16.500 TL,16500
Menemen,1+1,17.000 TL,17000
Menemen,1+1,17.000 TL,17000
Menemen,1+1,17.000 TL,17000
Buca,1+1,16.500 TL,16500
Aliağa,2+1,17.000 TL,17000
Buca,1+1,17.000 TL,17000
Menemen,1+1,17.000 TL,17000
Torbalı,3+1,17.000 TL,17000
Buca,1+1,17.000 TL,17000
Torbalı,2+1,17.000 TL,17000
Buca,2+1,17.000 TL,17000
Buca,1+1,16.500 TL,16500
Torbalı,2+1,17.000 TL,17000
Karaburun,2+1,17.000 TL,17000
Menemen,2+1,17.000 TL,17000
Bayraklı,1+1,16.500 TL,16500
Bergama,2+1,17.000 TL,17000
Menemen,1+1,17.000 TL,17000
Buca,1+1,17.000 TL,17000
Seferihisar,2+1,17.000 TL,17000
Buca,1+1,17.000 TL,17000
Buca,1+1,16.500 TL,16500
Torbalı,2+1,17.000 TL,17000
Menemen,1+1,17.000 TL,17000
Menemen,1+1,16.500 TL,16500
Karabağlar,2+1,17.000 TL,17000
Çiğli,2+1,16.500 TL,16500
Torbalı,2+1,17.000 TL,17000
Kemalpaşa,2+1,17.000 TL,17000
Tire,3+1,16.500 TL,16500
Torbalı,1+1,17.000 TL,17000
Torbalı,2+1,17.000 TL,17000
Torbalı,2+1,17.000 TL,17000
Buca,2+1,17.000 TL,17000
Buca,1+1,16.500 TL,16500
Bayraklı,3+1,17.000 TL,17000
Torbalı,2+1,17.000 TL,17000
Buca,1+1,16.500 TL,16500
Buca,1+1,17.000 TL,17000
Menemen,1+1,17.000 TL,17000
Buca,1+1,17.000 TL,17000
Torbalı,1+1,17.000 TL,17000
Menemen,1+1,17.000 TL,17000
Buca,1+1,17.000 TL,17000
Ödemiş,3+1,17.450 TL,17450
Menemen,1+1,17.000 TL,17000
Menemen,1+1,17.000 TL,17000
Buca,1+1,16.500 TL,16500
Torbalı,1+1,16.500 TL,16500
Bayraklı,3+1,17.000 TL,17000
Menemen,1+1,17.000 TL,17000
Buca,1+1,17.000 TL,17000
Buca,1+1,16.500 TL,16500
Buca,2+1,17.000 TL,17000
Bayraklı,2+1,17.000 TL,17000
Buca,1+1,17.000 TL,17000
Torbalı,1+1,16.500 TL,16500
Karabağlar,3+1,17.000 TL,17000
Torbalı,1+1,16.500 TL,16500
Bayraklı,2+1,17.000 TL,17000
Buca,3+1,17.000 TL,17000
Torbalı,2+1,17.000 TL,17000
Bergama,2+1,16.500 TL,16500
Buca,2+1,16.500 TL,16500
Bergama,2+1,17.000 TL,17000
Bornova,2+1,17.000 TL,17000
Torbalı,1+1,17.000 TL,17000
Menemen,1+1,16.500 TL,16500
Buca,2+1,17.000 TL,17000
Buca,1+1,17.000 TL,17000
Buca,1+1,17.000 TL,17000
Buca,1+1,17.000 TL,17000
Menemen,1+1,16.500 TL,16500
Konak,3+1,17.000 TL,17000
Bayraklı,3+1,16.500 TL,16500
Konak,1+1,17.000 TL,17000
Torbalı,1+1,16.500 TL,16500
Torbalı,2+1,16.500 TL,16500
Bayraklı,1+1,17.000 TL,17000
Buca,1+1,17.000 TL,17000
Karabağlar,1+1,17.000 TL,17000
Bornova,2+1,17.000 TL,17000
Bayraklı,1+1,17.000 TL,17000
Buca,Stüdyo (1+0),17.000 TL,17000
Buca,1+1,17.000 TL,17000
Buca,1+1,17.000 TL,17000
Torbalı,2+1,16.250 TL,16250
Aliağa,2+1,17.000 TL,17000
Torbalı,2+1,17.000 TL,17000
Menemen,1+1,16.500 TL,16500
Menemen,1+1,17.000 TL,17000
Buca,1+1,17.000 TL,17000
Çiğli,3+1,17.000 TL,17000
Bayraklı,2+1,16.500 TL,16500
Bergama,2+1,17.000 TL,17000
Gaziemir,2+1,16.500 TL,16500
Buca,1+1,17.000 TL,17000
Buca,1+1,17.000 TL,17000
Buca,2+1,17.000 TL,17000
Torbalı,1+1,17.000 TL,17000
Buca,1+1,17.000 TL,17000
Menemen,1+1,16.500 TL,16500
Torbalı,1+1,17.000 TL,17000
Menemen,2+1,17.000 TL,17000
Menemen,1+1,17.000 TL,17000
Konak,2+1,16.900 TL,16900
Buca,1+1,17.000 TL,17000
Bayraklı,2+1,17.000 TL,17000
Menemen,Stüdyo (1+0),16.500 TL,16500
Bornova,Stüdyo (1+0),16.500 TL,16500
Buca,2+1,17.000 TL,17000
Karabağlar,1+1,17.000 TL,17000
Konak,2+1,17.000 TL,17000
Menemen,1+1,17.000 TL,17000
Buca,2+1,17.000 TL,17000
Buca,2+1,17.000 TL,17000
Ödemiş,2+1,16.500 TL,16500
Konak,2+1,17.000 TL,17000
Buca,1+1,17.000 TL,17000
Buca,1+1,17.000 TL,17000
Buca,2+1,17.000 TL,17000
Menemen,1+1,17.000 TL,17000
Bergama,1+1,16.500 TL,16500
Buca,1+1,16.500 TL,16500
Buca,1+1,17.000 TL,17000
Buca,1+1,16.500 TL,16500
Bayraklı,2+1,17.000 TL,17000
Tire,2+1,17.000 TL,17000
Bornova,Stüdyo (1+0),17.000 TL,17000
Buca,1+1,16.500 TL,16500
Bornova,2+0,17.000 TL,17000
Buca,1+1,17.000 TL,17000
Bergama,3+1,17.000 TL,17000
Buca,1+1,17.000 TL,17000
Buca,1+1,16.500 TL,16500
Bayraklı,2+1,17.000 TL,17000
Torbalı,1+1,16.500 TL,16500
Menemen,1+1,16.500 TL,16500
Bornova,1+1,17.000 TL,17000
Bornova,2+1,17.000 TL,17000
Menemen,1+1,17.000 TL,17000
Buca,1+1,16.500 TL,16500
Torbalı,3+1,17.000 TL,17000
Buca,1+1,17.000 TL,17000
Bergama,3+1,17.000 TL,17000
Bayraklı,2+1,17.000 TL,17000
Bayraklı,3+1,17.000 TL,17000
Torbalı,2+1,17.000 TL,17000
Buca,1+1,16.500 TL,16500
Buca,1+1,16.500 TL,16500
Bayraklı,2+1,17.000 TL,17000
Karşıyaka,2+1,16.500 TL,16500
Bornova,3+1,17.000 TL,17000
Ödemiş,2+1,17.000 TL,17000
Bornova,2.5+1,17.000 TL,17000
Torbalı,2+1,16.500 TL,16500
Karabağlar,2+1,17.000 TL,17000
Çiğli,2+1,17.000 TL,17000
Buca,1+1,17.000 TL,17000
Buca,1+1,16.500 TL,16500
Foça,2+1,17.000 TL,17000
Buca,2+0,17.000 TL,17000
Selçuk,1+1,17.000 TL,17000
Buca,1+1,17.000 TL,17000
Torbalı,1+1,17.000 TL,17000
Buca,2+1,17.000 TL,17000
Buca,1+1,16.500 TL,16500
Bergama,2+1,16.250 TL,16250
Menemen,1+1,16.500 TL,16500
Buca,1+1,17.000 TL,17000
Buca,1+1,16.500 TL,16500
Buca,1+1,16.500 TL,16500
Buca,1+1,16.500 TL,16500
Bayraklı,1+1,17.000 TL,17000
Bornova,3+1,17.000 TL,17000
Buca,1+1,17.000 TL,17000
Menemen,1+1,17.250 TL,17250
Menemen,1+1,16.500 TL,16500
Buca,3+1,17.000 TL,17000
Buca,1+1,17.000 TL,17000
Buca,2+1,17.000 TL,17000
Aliağa,2+1,16.500 TL,16500
Buca,1+1,17.500 TL,17500
Menemen,1+1,17.500 TL,17500
Menemen,1+1,18.000 TL,18000
Karabağlar,2+1,18.000 TL,18000
Bergama,1+1,17.500 TL,17500
Menemen,1+1,17.500 TL,17500
Çiğli,1+1,18.000 TL,18000
Buca,1+1,18.500 TL,18500
Buca,2+1,17.500 TL,17500
Buca,2+1,18.000 TL,18000
Karabağlar,1+1,18.250 TL,18250
Menemen,1+1,18.000 TL,18000
Buca,2+1,18.000 TL,18000
Menemen,1+1,18.000 TL,18000
Buca,1+1,17.500 TL,17500
Buca,1+1,17.500 TL,17500
Buca,1+1,18.000 TL,18000
Bergama,2+1,17.500 TL,17500
Karşıyaka,3+1,18.000 TL,18000
Ödemiş,2+1,18.000 TL,18000
Buca,2+1,17.500 TL,17500
Menemen,1+1,17.500 TL,17500
Menemen,1+1,18.000 TL,18000
Bergama,2+1,18.500 TL,18500
Bayraklı,2+1,18.000 TL,18000
Bergama,3+1,17.500 TL,17500
Buca,1+1,18.000 TL,18000
Buca,1+1,18.000 TL,18000
Karabağlar,2+1,18.500 TL,18500
Çiğli,1+1,18.000 TL,18000
Buca,1+1,17.500 TL,17500
Buca,1+1,18.000 TL,18000
Buca,2+1,17.500 TL,17500
Buca,2+1,18.000 TL,18000
Buca,1+1,18.000 TL,18000
Bayraklı,2+1,18.000 TL,18000
Buca,1+1,17.500 TL,17500
Buca,1+1,18.000 TL,18000
Buca,2+1,18.000 TL,18000
Torbalı,1+1,18.000 TL,18000
Bornova,1+1,18.000 TL,18000
Konak,3+1,18.000 TL,18000
Menemen,2+1,18.000 TL,18000
Buca,1+1,17.500 TL,17500
Kiraz,3+1,18.000 TL,18000
Menemen,2+1,17.500 TL,17500
Torbalı,2+1,18.500 TL,18500
Buca,1+1,18.000 TL,18000
Buca,2+1,18.500 TL,18500
Buca,1+1,18.500 TL,18500
Buca,1+1,18.500 TL,18500
Buca,1+1,18.000 TL,18000
Torbalı,1+1,18.000 TL,18000
Aliağa,2+1,18.500 TL,18500
Buca,1+1,18.250 TL,18250
Buca,Stüdyo (1+0),18.000 TL,18000
Karabağlar,1+1,18.000 TL,18000
Buca,1+1,18.500 TL,18500
Menemen,1+1,18.000 TL,18000
Çiğli,1+1,17.500 TL,17500
Menemen,1+1,17.500 TL,17500
Bayraklı,2+1,17.500 TL,17500
Buca,2+1,18.000 TL,18000
Buca,1+1,17.500 TL,17500
Konak,2+1,18.000 TL,18000
Seferihisar,1+1,18.000 TL,18000
Menemen,1+1,17.500 TL,17500
Tire,2+1,18.000 TL,18000
Çiğli,3+1,18.000 TL,18000
Bergama,2+1,18.500 TL,18500
Konak,Stüdyo (1+0),18.000 TL,18000
Torbalı,1+1,18.500 TL,18500
Menemen,1+1,17.500 TL,17500
Menemen,2+1,17.500 TL,17500
Buca,3+1,18.000 TL,18000
Buca,1+1,18.400 TL,18400
Tire,1+1,18.500 TL,18500
Buca,1+1,17.500 TL,17500
Bornova,2+1,18.500 TL,18500
Menemen,1+1,18.000 TL,18000
Menemen,1+1,18.000 TL,18000
Menemen,2+1,18.000 TL,18000
Karabağlar,2+1,17.500 TL,17500
Torbalı,3+1,18.000 TL,18000
Torbalı,1+1,18.000 TL,18000
Buca,1+1,18.000 TL,18000
Buca,1+1,18.000 TL,18000
Torbalı,1+1,17.500 TL,17500
Buca,1+1,18.000 TL,18000
Karabağlar,3+1,17.500 TL,17500
Menemen,1+1,18.000 TL,18000
Karabağlar,3+1,18.000 TL,18000
Tire,3+1,18.000 TL,18000
Menemen,3+1,18.000 TL,18000
Menemen,1+1,18.000 TL,18000
Menemen,1+1,18.500 TL,18500
Buca,1+1,18.000 TL,18000
Aliağa,3+1,18.500 TL,18500
Çiğli,1+1,18.500 TL,18500
Bornova,2+1,18.500 TL,18500
Gaziemir,2+1,18.000 TL,18000
Ödemiş,1.5+1,18.000 TL,18000
Torbalı,1+1,17.500 TL,17500
Bergama,3+1,17.500 TL,17500
Menemen,2+1,18.000 TL,18000
Aliağa,3+1,18.000 TL,18000
Karabağlar,2+1,18.000 TL,18000
Buca,1+1,18.000 TL,18000
Buca,1+1,17.500 TL,17500
Buca,2+1,18.000 TL,18000
Buca,1+1,18.000 TL,18000
Menemen,2+1,18.000 TL,18000
Menemen,1+1,18.500 TL,18500
Konak,1+1,17.500 TL,17500
Buca,1+1,18.000 TL,18000
Buca,1+1,18.000 TL,18000
Buca,1+1,18.500 TL,18500
Buca,1+1,18.000 TL,18000
Menemen,1+1,18.000 TL,18000
Buca,1+1,18.000 TL,18000
Buca,2+0,18.000 TL,18000
Çiğli,2+1,18.000 TL,18000
Selçuk,2+1,18.000 TL,18000
Bornova,1.5+1,18.000 TL,18000
Menemen,1+1,18.000 TL,18000
Bornova,1+1,18.000 TL,18000
Buca,1+1,17.500 TL,17500
Torbalı,2+1,18.000 TL,18000
Torbalı,1+1,18.500 TL,18500
Buca,1+1,18.500 TL,18500
Buca,2+1,18.000 TL,18000
Çiğli,1+1,18.000 TL,18000
Tire,2+1,18.000 TL,18000
Menemen,1+1,18.000 TL,18000
Aliağa,3+1,18.000 TL,18000
Kemalpaşa,1+1,18.000 TL,18000
Menemen,1+1,18.000 TL,18000
Torbalı,3+1,18.000 TL,18000
Karabağlar,3+1,18.000 TL,18000
Buca,2+1,18.500 TL,18500
Karabağlar,2+1,18.000 TL,18000
Karşıyaka,2+1,18.200 TL,18200
Torbalı,1+1,17.500 TL,17500
Torbalı,2+1,18.000 TL,18000
Konak,2+1,18.500 TL,18500
Bornova,,18.000 TL,18000
Bornova,3+1,17.500 TL,17500
Buca,1+1,17.500 TL,17500
Gaziemir,1+1,17.500 TL,17500
Buca,1+1,18.000 TL,18000
Menemen,2+1,18.000 TL,18000
Bergama,2+1,18.000 TL,18000
Çiğli,3+1,18.000 TL,18000
Konak,2+1,18.000 TL,18000
Karabağlar,2+1,17.500 TL,17500
Menemen,1+1,17.500 TL,17500
Buca,1+1,18.000 TL,18000
Seferihisar,1+1,17.500 TL,17500
Buca,1+1,17.500 TL,17500
Buca,1+1,18.000 TL,18000
Menemen,2+1,18.500 TL,18500
Torbalı,2+1,18.500 TL,18500
Buca,2+1,18.000 TL,18000
Buca,Stüdyo (1+0),18.000 TL,18000
Karabağlar,2+1,17.500 TL,17500
Bornova,3+1,18.000 TL,18000
Konak,2+1,18.000 TL,18000
Menemen,1+1,18.000 TL,18000
Konak,1+1,18.500 TL,18500
Buca,2+1,18.000 TL,18000
Torbalı,3+1,17.750 TL,17750
Torbalı,1+1,17.500 TL,17500
Bergama,3+1,18.000 TL,18000
Buca,2+1,18.000 TL,18000
Buca,1+1,18.000 TL,18000
Menemen,1+1,18.000 TL,18000
Bornova,2+1,18.000 TL,18000
Çiğli,2+1,18.000 TL,18000
Buca,1+1,18.000 TL,18000
Buca,1+1,18.500 TL,18500
Menemen,1+1,17.500 TL,17500
Bergama,2+1,18.000 TL,18000
Konak,3+1,18.000 TL,18000
Buca,1+1,18.000 TL,18000
Buca,1+1,18.000 TL,18000
Balçova,1+1,17.500 TL,17500
Torbalı,1+1,17.500 TL,17500
Karabağlar,2+1,18.000 TL,18000
Bornova,1+1,18.500 TL,18500
Karabağlar,2+1,18.500 TL,18500
Menemen,1+1,18.000 TL,18000
Konak,2+1,18.499 TL,18499
Bayraklı,1+1,18.000 TL,18000
Menemen,1+1,18.000 TL,18000
Buca,1+1,18.000 TL,18000
Buca,1+1,18.500 TL,18500
Buca,1+1,18.250 TL,18250
Buca,3+1,18.000 TL,18000
Buca,2+1,18.000 TL,18000
Menemen,1+1,18.500 TL,18500
Bergama,3+1,18.000 TL,18000
Bornova,2+1,18.000 TL,18000
Menemen,1+1,17.500 TL,17500
Karabağlar,2+1,17.500 TL,17500
Buca,2+1,17.500 TL,17500
Torbalı,1+1,17.500 TL,17500
Buca,1+1,18.000 TL,18000
Bergama,3+1,18.000 TL,18000
Buca,1+1,18.000 TL,18000
Buca,2+0,18.500 TL,18500
Bornova,2+1,18.000 TL,18000
Buca,1+1,18.500 TL,18500
Buca,1+1,18.000 TL,18000
Menemen,1+1,18.000 TL,18000
Foça,2+1,18.000 TL,18000
Bayraklı,2+1,18.000 TL,18000
Menemen,2+1,18.000 TL,18000
Gaziemir,2+1,18.500 TL,18500
Bayraklı,1+1,18.500 TL,18500
Menemen,3+1,17.500 TL,17500
Seferihisar,1+1,18.000 TL,18000
Konak,1+1,17.500 TL,17500
Menemen,1+1,17.500 TL,17500
Buca,1+1,18.000 TL,18000
Çiğli,Stüdyo (1+0),18.500 TL,18500
Buca,Stüdyo (1+0),18.500 TL,18500
Tire,3+1,18.000 TL,18000
Buca,1+1,18.000 TL,18000
Buca,1+1,18.000 TL,18000
Tire,3+1,18.500 TL,18500
Buca,2+1,18.000 TL,18000
Bornova,1+1,18.000 TL,18000
Karabağlar,2+1,18.000 TL,18000
Menderes,2+1,18.000 TL,18000
Seferihisar,1+1,18.000 TL,18000
Ödemiş,3+1,18.000 TL,18000
Torbalı,2+1,18.500 TL,18500
Bergama,2+1,18.000 TL,18000
Bayraklı,2+1,18.000 TL,18000
Bayraklı,1+1,18.000 TL,18000
Buca,2+1,18.000 TL,18000
Tire,1+1,18.000 TL,18000
Buca,1+1,18.500 TL,18500
Bayraklı,3+1,18.500 TL,18500
Foça,2+1,17.500 TL,17500
Karabağlar,2+1,18.500 TL,18500
Menemen,2+0,18.000 TL,18000
Menemen,1+1,18.000 TL,18000
Bornova,2+1,17.500 TL,17500
Buca,1+1,18.000 TL,18000
Buca,1+1,17.500 TL,17500
Menemen,1+1,18.000 TL,18000
Buca,2+1,18.000 TL,18000
Konak,1+1,17.500 TL,17500
Karabağlar,2+1,17.500 TL,17500
Buca,1+1,18.500 TL,18500
Bornova,2+1,18.000 TL,18000
Çiğli,3+1,18.000 TL,18000
Çiğli,Stüdyo (1+0),18.000 TL,18000
Torbalı,1+1,18.000 TL,18000
Çiğli,2+1,18.250 TL,18250
Karabağlar,3+1,17.500 TL,17500
Buca,Stüdyo (1+0),18.000 TL,18000
Menemen,1+1,18.500 TL,18500
Buca,1+1,17.500 TL,17500
Torbalı,2+1,18.000 TL,18000
Menemen,1+1,17.500 TL,17500
Menemen,1+1,17.500 TL,17500
Çiğli,3+1,18.500 TL,18500
Ödemiş,2+1,18.000 TL,18000
Çeşme,10 Üzeri,17.500 TL,17500
Menemen,2+1,18.000 TL,18000
Menemen,1+1,18.500 TL,18500
Menemen,3+1,18.000 TL,18000
Buca,1+1,17.500 TL,17500
Buca,1+1,18.000 TL,18000
Çiğli,Stüdyo (1+0),18.000 TL,18000
Karabağlar,Stüdyo (1+0),18.000 TL,18000
Buca,2+1,18.000 TL,18000
Buca,Stüdyo (1+0),17.500 TL,17500
Karabağlar,1+1,18.000 TL,18000
Buca,2+1,18.000 TL,18000
Bornova,1+1,17.500 TL,17500
Bayraklı,2+1,18.000 TL,18000
Torbalı,2+1,18.000 TL,18000
Menemen,2+1,18.000 TL,18000
Buca,1+1,18.500 TL,18500
Buca,1+1,18.000 TL,18000
Buca,3+1,18.000 TL,18000
Bornova,2+0,18.000 TL,18000
Buca,1+1,17.500 TL,17500
Seferihisar,1+1,18.500 TL,18500
Buca,2+1,17.500 TL,17500
Buca,1+1,18.000 TL,18000
Bornova,2+1,17.500 TL,17500
Gaziemir,2+1,18.000 TL,18000
Bergama,2+1,17.500 TL,17500
Buca,1+1,18.000 TL,18000
Buca,1+1,18.500 TL,18500
Bornova,1+1,18.000 TL,18000
Buca,Stüdyo (1+0),18.000 TL,18000
Bergama,1+1,17.500 TL,17500
Buca,1+1,17.500 TL,17500
Menemen,1+1,17.500 TL,17500
Buca,3+1,18.000 TL,18000
Foça,2+1,18.000 TL,18000
Karşıyaka,3+1,18.250 TL,18250
Buca,1+1,18.000 TL,18000
Menemen,2+1,18.500 TL,18500
Bornova,Stüdyo (1+0),18.000 TL,18000
Buca,1+1,17.500 TL,17500
Menemen,2+1,18.000 TL,18000
Menemen,2+1,18.000 TL,18000
Torbalı,2+1,18.500 TL,18500
Karabağlar,2+1,18.000 TL,18000
Menemen,1+1,18.000 TL,18000
Torbalı,2+1,18.500 TL,18500
Karabağlar,2+1,18.000 TL,18000
Bornova,3+1,18.000 TL,18000
Buca,1+1,18.000 TL,18000
Bornova,1+1,18.000 TL,18000
Buca,1+1,18.000 TL,18000
Buca,2+1,18.000 TL,18000
Torbalı,2+1,18.000 TL,18000
Bornova,1+1,18.000 TL,18000
Menemen,1+1,18.500 TL,18500
Konak,1+1,18.500 TL,18500
Buca,2+1,18.000 TL,18000
Buca,1+1,18.000 TL,18000
Çiğli,3+1,18.000 TL,18000
Buca,1+1,17.500 TL,17500
Torbalı,1+1,18.000 TL,18000
Torbalı,3+1,17.500 TL,17500
Buca,1+1,18.000 TL,18000
Seferihisar,1+1,17.500 TL,17500
Kemalpaşa,3+1,17.500 TL,17500
Aliağa,2+1,18.000 TL,18000
Buca,1+1,18.000 TL,18000
Menemen,1+1,18.000 TL,18000
Menemen,2+1,18.250 TL,18250
Torbalı,2+1,18.000 TL,18000
Buca,1+1,18.000 TL,18000
Menemen,1+1,18.500 TL,18500
Buca,1+1,18.000 TL,18000
Bergama,2+1,18.500 TL,18500
Torbalı,2+1,18.000 TL,18000
Karşıyaka,3+1,18.000 TL,18000
Menemen,1+1,18.000 TL,18000
Ödemiş,3+1,17.500 TL,17500
Buca,2+1,18.000 TL,18000
Konak,2+1,18.000 TL,18000
Buca,1+1,18.000 TL,18000
Ödemiş,3+1,18.000 TL,18000
Torbalı,2+1,18.500 TL,18500
Karabağlar,2+1,18.500 TL,18500
Buca,1+1,18.000 TL,18000
Torbalı,1+1,17.500 TL,17500
Buca,2+1,17.500 TL,17500
Karabağlar,2+1,18.000 TL,18000
Konak,2+1,17.500 TL,17500
Torbalı,1+1,18.250 TL,18250
Çiğli,1+1,18.000 TL,18000
Torbalı,2+1,18.000 TL,18000
Torbalı,1+1,17.500 TL,17500
Buca,1+1,18.000 TL,18000
Karabağlar,2+1,18.000 TL,18000
Menemen,2+1,18.000 TL,18000
Menemen,1+1,17.500 TL,17500
Torbalı,2+1,17.500 TL,17500
Ödemiş,2+1,17.500 TL,17500
Buca,1+1,18.000 TL,18000
Bergama,2+1,18.000 TL,18000
Bayraklı,2+1,18.500 TL,18500
Torbalı,1+1,18.000 TL,18000
Buca,1+1,18.000 TL,18000
Buca,2+1,18.000 TL,18000
Seferihisar,1+1,18.500 TL,18500
Buca,2+1,18.000 TL,18000
Menemen,1+1,18.000 TL,18000
Buca,1+1,17.500 TL,17500
Karabağlar,2+1,18.000 TL,18000
Buca,2+1,18.000 TL,18000
Buca,1+1,18.000 TL,18000
Menemen,1+1,17.500 TL,17500
Menemen,1+1,18.000 TL,18000
Bergama,3+1,18.500 TL,18500
Konak,2+1,17.500 TL,17500
Torbalı,2+1,18.000 TL,18000
Menemen,1+1,18.000 TL,18000
Torbalı,1+1,18.000 TL,18000
Buca,1.5+1,18.000 TL,18000
Selçuk,1+1,18.000 TL,18000
Torbalı,1+1,18.000 TL,18000
Buca,1+1,18.000 TL,18000
Bornova,2+1,18.500 TL,18500
Bornova,2+1,17.500 TL,17500
Bornova,2+1,18.000 TL,18000
Karabağlar,2+1,18.000 TL,18000
Menemen,1+1,18.000 TL,18000
Ödemiş,2+1,18.499 TL,18499
Buca,1+1,17.500 TL,17500
Buca,1+1,18.000 TL,18000
Ödemiş,2+1,18.000 TL,18000
Çiğli,3+1,18.500 TL,18500
Menemen,1+1,18.000 TL,18000
Bergama,2+1,18.500 TL,18500
Buca,2+1,18.500 TL,18500
Torbalı,3+1,18.500 TL,18500
Buca,1+1,18.500 TL,18500
Menemen,2+1,18.000 TL,18000
Buca,1+1,17.500 TL,17500
Menemen,1+1,18.000 TL,18000
Buca,1+1,18.000 TL,18000
Menemen,1+1,18.000 TL,18000
Bergama,3+1,18.500 TL,18500
Çiğli,1+1,18.000 TL,18000
Buca,1+1,18.000 TL,18000
Bergama,2+1,18.000 TL,18000
Torbalı,3+1,18.000 TL,18000
Menemen,2+1,18.000 TL,18000
Çiğli,Stüdyo (1+0),18.000 TL,18000
Karabağlar,3+1,18.000 TL,18000
Buca,1+1,17.500 TL,17500
Seferihisar,1+1,18.500 TL,18500
Karabağlar,2+1,17.500 TL,17500
Kemalpaşa,2+1,18.000 TL,18000
Karabağlar,2+1,18.000 TL,18000
Menemen,1+1,17.500 TL,17500
Bergama,1+1,18.000 TL,18000
Buca,1+1,18.500 TL,18500
Bergama,1+1,18.500 TL,18500
Buca,2+1,18.000 TL,18000
Buca,2+1,18.000 TL,18000
Bayraklı,3+1,18.000 TL,18000
Karabağlar,2+1,18.000 TL,18000
Menemen,1+1,18.000 TL,18000
Buca,1+1,18.000 TL,18000
Buca,1+1,17.500 TL,17500
Buca,1+1,18.000 TL,18000
Bornova,1+1,18.250 TL,18250
Menderes,2+1,18.000 TL,18000
Konak,1+1,18.500 TL,18500
Menemen,3+1,18.000 TL,18000
Buca,Stüdyo (1+0),18.000 TL,18000
Bergama,3+1,18.000 TL,18000
Torbalı,2+1,18.000 TL,18000
Çiğli,1+1,18.000 TL,18000
Çiğli,1+1,18.000 TL,18000
Buca,2+1,18.000 TL,18000
Buca,1+1,18.000 TL,18000
Buca,1+1,18.000 TL,18000
Buca,1+1,18.500 TL,18500
Menemen,1+1,17.500 TL,17500
Buca,2+1,18.000 TL,18000
Bornova,3+1,18.000 TL,18000
Konak,2+1,18.000 TL,18000
Buca,1+1,18.000 TL,18000
Menemen,1+1,18.000 TL,18000
Buca,2+0,18.250 TL,18250
Seferihisar,1+1,18.000 TL,18000
Buca,1+1,18.000 TL,18000
Bornova,2+1,18.000 TL,18000
Menemen,2+0,18.000 TL,18000
Buca,1+1,17.500 TL,17500
Kemalpaşa,2+1,18.000 TL,18000
Konak,1+1,17.500 TL,17500
Tire,3+1,18.000 TL,18000
Çiğli,1+1,17.500 TL,17500
Karabağlar,3+1,18.000 TL,18000
Bergama,3+1,18.000 TL,18000
Torbalı,2+1,18.500 TL,18500
Torbalı,3+1,18.000 TL,18000
Bornova,3+1,18.000 TL,18000
Menemen,1+1,18.000 TL,18000
Karabağlar,2+1,18.500 TL,18500
Karabağlar,2+1,18.000 TL,18000
Çiğli,1+1,18.000 TL,18000
Menemen,1+1,18.000 TL,18000
Menemen,1+1,18.500 TL,18500
Buca,1+1,17.500 TL,17500
Çiğli,1+1,18.500 TL,18500
Buca,1+1,17.500 TL,17500
Bergama,2+1,18.500 TL,18500
Konak,3+1,18.000 TL,18000
Buca,1+1,18.000 TL,18000
Bergama,2+1,17.500 TL,17500
Buca,1+1,18.000 TL,18000
Karabağlar,2+1,18.000 TL,18000
Menemen,1+1,18.000 TL,18000
Çiğli,1+1,18.000 TL,18000
Buca,1+1,18.000 TL,18000
Çiğli,1+1,18.000 TL,18000
Seferihisar,1+1,18.000 TL,18000
Seferihisar,1+1,17.999 TL,17999
Buca,1+1,18.500 TL,18500
Çiğli,1+1,17.500 TL,17500
Menemen,1+1,18.000 TL,18000
Buca,1+1,18.000 TL,18000
Ödemiş,3+1,18.000 TL,18000
Menemen,1.5+1,18.500 TL,18500
Buca,1+1,18.000 TL,18000
Kemalpaşa,3+1,18.000 TL,18000
Bergama,2+1,18.000 TL,18000
Karabağlar,2+1,18.000 TL,18000
Menemen,1+1,17.500 TL,17500
Bornova,2+1,18.000 TL,18000
Buca,1+1,18.500 TL,18500
Torbalı,1+1,18.500 TL,18500
Menemen,3+1,18.000 TL,18000
Torbalı,3+1,17.500 TL,17500
Buca,1+1,17.500 TL,17500
Buca,1+1,18.000 TL,18000
Buca,2+1,18.000 TL,18000
Torbalı,2+1,18.000 TL,18000
Menemen,2+1,17.500 TL,17500
Çiğli,1+1,18.000 TL,18000
Bergama,2+1,18.250 TL,18250
Karabağlar,1+1,18.000 TL,18000
Buca,1+1,18.000 TL,18000
Menemen,1+1,17.500 TL,17500
Konak,1+1,18.000 TL,18000
Torbalı,3+1,18.000 TL,18000
Buca,1+1,18.000 TL,18000
Buca,1+1,18.000 TL,18000
Torbalı,2+1,18.000 TL,18000
Karabağlar,2+1,18.000 TL,18000
Seferihisar,1+1,18.000 TL,18000
Menemen,2+1,17.750 TL,17750
Torbalı,1+1,17.500 TL,17500
Balçova,Stüdyo (1+0),18.000 TL,18000
Bergama,2+1,18.500 TL,18500
Menemen,1+1,17.500 TL,17500
Torbalı,1+1,18.500 TL,18500
Menemen,1+1,17.500 TL,17500
Bergama,1+1,18.000 TL,18000
Buca,Stüdyo (1+0),18.000 TL,18000
Bornova,2+1,18.500 TL,18500
Menemen,2+1,18.500 TL,18500
Menemen,1+1,18.000 TL,18000
Buca,1+1,18.000 TL,18000
Konak,2+1,18.000 TL,18000
Menemen,1+1,18.000 TL,18000
Torbalı,1+1,18.000 TL,18000
Buca,1+1,18.000 TL,18000
Çiğli,Stüdyo (1+0),18.000 TL,18000
Menemen,1+1,18.000 TL,18000
Bayraklı,2+1,17.500 TL,17500
Buca,Stüdyo (1+0),18.000 TL,18000
Buca,2+0,18.000 TL,18000
Ödemiş,3+1,18.000 TL,18000
Buca,3+1,18.500 TL,18500
Karabağlar,3+1,18.500 TL,18500
Karabağlar,2+1,18.000 TL,18000
Buca,2+1,18.000 TL,18000
Kemalpaşa,3+1,18.500 TL,18500
Bornova,1+1,18.500 TL,18500
Buca,1+1,17.500 TL,17500
Buca,1+1,18.000 TL,18000
Torbalı,2+1,18.000 TL,18000
Menemen,1+1,18.000 TL,18000
Buca,1+1,18.000 TL,18000
Bergama,3+1,18.000 TL,18000
Karabağlar,2+1,18.000 TL,18000
Bayraklı,3+1,18.500 TL,18500
Ödemiş,3+1,17.500 TL,17500
Bergama,1+1,18.000 TL,18000
Bergama,3+1,18.500 TL,18500
Bergama,3+1,18.500 TL,18500
Foça,1+1,18.000 TL,18000
Buca,1+1,17.500 TL,17500
Buca,1+1,18.000 TL,18000
Aliağa,2+1,18.000 TL,18000
Menemen,2+1,18.000 TL,18000
Buca,1+1,18.000 TL,18000
Bergama,1+1,18.500 TL,18500
Menemen,3+1,17.500 TL,17500
Buca,Stüdyo (1+0),18.000 TL,18000
Buca,1+1,18.000 TL,18000
Bornova,2+1,17.500 TL,17500
Seferihisar,1+1,18.500 TL,18500
Konak,2+1,18.500 TL,18500
Urla,1+1,18.000 TL,18000
Konak,1+1,17.500 TL,17500
Menemen,1+1,17.500 TL,17500
Menemen,1+1,18.000 TL,18000
Çiğli,Stüdyo (1+0),18.000 TL,18000
Bergama,3+1,18.000 TL,18000
Karabağlar,3+1,18.000 TL,18000
Bornova,1+1,18.000 TL,18000
Bergama,3+1,18.500 TL,18500
Menemen,1+1,18.000 TL,18000
Buca,1+1,17.500 TL,17500
Buca,2+1,18.000 TL,18000
Menemen,1+1,18.000 TL,18000
Buca,1+1,18.000 TL,18000
Çiğli,1+1,17.500 TL,17500
Bergama,3+1,18.000 TL,18000
Torbalı,1+1,18.000 TL,18000
Çiğli,1+1,17.500 TL,17500
Menemen,1+1,18.000 TL,18000
Menemen,1+1,17.500 TL,17500
Menemen,1+1,18.000 TL,18000
Selçuk,1+1,18.000 TL,18000
Menderes,2+1,18.000 TL,18000
Buca,1+1,18.500 TL,18500
Buca,1+1,18.000 TL,18000
Bornova,Stüdyo (1+0),17.500 TL,17500
Karşıyaka,3+1,18.000 TL,18000
Bayraklı,3+1,18.000 TL,18000
Karabağlar,3+1,17.500 TL,17500
Menemen,1+1,17.500 TL,17500
Buca,1+1,17.500 TL,17500
Menemen,1+1,18.000 TL,18000
Buca,1+1,18.000 TL,18000
Bergama,3+1,18.000 TL,18000
Menemen,2+1,17.500 TL,17500
Ödemiş,3+1,18.000 TL,18000
Menemen,1+1,17.500 TL,17500
Bornova,3+1,18.000 TL,18000
Buca,2+1,18.000 TL,18000
Buca,1+1,18.000 TL,18000
Menderes,2+1,18.000 TL,18000
Karabağlar,2+1,18.000 TL,18000
Karabağlar,2+1,18.000 TL,18000
Menemen,1+1,18.000 TL,18000
Seferihisar,1+1,18.000 TL,18000
Menemen,2+1,18.000 TL,18000
Torbalı,1+1,18.000 TL,18000
Buca,2+1,18.000 TL,18000
Bayraklı,1+1,18.500 TL,18500
Menemen,1+1,17.500 TL,17500
Buca,1+1,18.000 TL,18000
Çiğli,1+1,18.000 TL,18000
Buca,1+1,18.000 TL,18000
Torbalı,1+1,18.000 TL,18000
Buca,2+1,18.000 TL,18000
Bayraklı,2+1,18.000 TL,18000
Bornova,2+1,18.000 TL,18000
Menemen,2+1,18.000 TL,18000
Bergama,1+1,18.000 TL,18000
Menemen,1+1,18.000 TL,18000
Buca,1+1,18.500 TL,18500
Torbalı,1+1,18.000 TL,18000
Buca,1+1,18.500 TL,18500
Buca,1+1,17.500 TL,17500
Torbalı,3+1,18.000 TL,18000
Ödemiş,2+1,18.000 TL,18000
Menemen,2+1,17.500 TL,17500
Buca,1+1,17.500 TL,17500
Menemen,2+1,18.000 TL,18000
Karabağlar,2+1,18.000 TL,18000
Menemen,2+1,18.000 TL,18000
Buca,1+1,17.500 TL,17500
Buca,2+1,18.000 TL,18000
Buca,1+1,18.000 TL,18000
Buca,2+1,18.000 TL,18000
Buca,1+1,18.000 TL,18000
Bornova,2+1,18.000 TL,18000
Buca,1+1,18.000 TL,18000
Torbalı,3+1,17.750 TL,17750
Menemen,1+1,18.000 TL,18000
Buca,3+1,18.500 TL,18500
Çiğli,3+1,18.000 TL,18000
Bergama,1+1,17.500 TL,17500
Konak,2+1,18.500 TL,18500
Bayraklı,3+1,18.500 TL,18500
Torbalı,2+1,18.000 TL,18000
Buca,3+1,18.000 TL,18000
Bayraklı,3+1,18.500 TL,18500
Torbalı,1+1,18.000 TL,18000
Torbalı,1+1,18.500 TL,18500
Buca,1+1,17.500 TL,17500
Torbalı,2+1,18.000 TL,18000
Torbalı,1+1,17.500 TL,17500
Menemen,1+1,18.000 TL,18000
Çiğli,2+1,18.000 TL,18000
Menemen,1+1,18.000 TL,18000
Buca,2+1,18.000 TL,18000
Buca,1+1,18.500 TL,18500
Buca,1+1,17.500 TL,17500
Menemen,1+1,18.000 TL,18000
Torbalı,2+1,17.500 TL,17500
Bergama,3+1,18.000 TL,18000
Karabağlar,3+1,18.000 TL,18000
Selçuk,2+1,18.000 TL,18000
Buca,2+1,18.000 TL,18000
Buca,2+1,18.000 TL,18000
Aliağa,1+1,18.700 TL,18700
Bayraklı,2+1,18.500 TL,18500
Torbalı,2+1,18.000 TL,18000
Torbalı,1+1,17.500 TL,17500
Bayraklı,3+1,18.000 TL,18000
Menemen,2+1,18.000 TL,18000
Çiğli,2.5+1,17.500 TL,17500
Torbalı,1+1,17.500 TL,17500
Menderes,2+1,18.000 TL,18000
Menemen,1+1,18.500 TL,18500
Torbalı,2+1,18.000 TL,18000
Buca,1+1,18.000 TL,18000
Buca,1+1,18.000 TL,18000
Buca,1+1,18.000 TL,18000
Bornova,2+1,18.000 TL,18000
Gaziemir,2+1,18.000 TL,18000
Buca,1+1,18.250 TL,18250
Torbalı,3+1,17.750 TL,17750
Buca,1+1,18.000 TL,18000
Buca,1+1,18.500 TL,18500
Karabağlar,2+1,18.000 TL,18000
Karabağlar,2+1,18.500 TL,18500
Buca,1+1,18.000 TL,18000
Buca,1+1,18.000 TL,18000
Bayraklı,1+1,18.000 TL,18000
Karabağlar,3+1,18.000 TL,18000
Bornova,2+1,18.000 TL,18000
Karşıyaka,2+1,18.000 TL,18000
Gaziemir,2+1,18.000 TL,18000
Bergama,1+1,18.000 TL,18000
Bergama,2+1,18.000 TL,18000
Torbalı,1+1,17.500 TL,17500
Gaziemir,1+1,17.500 TL,17500
Çiğli,2+1,18.000 TL,18000
Karabağlar,2+1,18.000 TL,18000
Bergama,2+1,18.000 TL,18000
Karabağlar,2+1,17.500 TL,17500
Buca,2+1,18.250 TL,18250
Buca,2+1,18.000 TL,18000
Bornova,Stüdyo (1+0),18.500 TL,18500
Bornova,1+1,18.000 TL,18000
Buca,2+1,18.000 TL,18000
Buca,1+1,18.000 TL,18000
Menemen,3+1,18.000 TL,18000
Torbalı,2+1,17.500 TL,17500
Bayraklı,2+1,17.500 TL,17500
Menderes,2+1,18.000 TL,18000
Buca,2+1,18.000 TL,18000
Torbalı,1+1,17.800 TL,17800
Gaziemir,3+1,18.000 TL,18000
Buca,1+1,18.500 TL,18500
Menemen,2+1,18.500 TL,18500
Çeşme,Stüdyo (1+0),18.000 TL,18000
Torbalı,1+1,18.500 TL,18500
Menemen,1+1,17.500 TL,17500
Menemen,2+1,18.000 TL,18000
Buca,1+1,18.500 TL,18500
Buca,1+1,18.000 TL,18000
Buca,1+1,18.500 TL,18500
Menemen,2.5+1,18.500 TL,18500
Bayraklı,2+1,18.000 TL,18000
Bornova,3+1,18.000 TL,18000
Torbalı,1+1,18.500 TL,18500
Menderes,2+1,18.000 TL,18000
Buca,1+1,18.000 TL,18000
Karabağlar,1+1,17.500 TL,17500
Karabağlar,2+1,18.500 TL,18500
Bergama,3+1,18.000 TL,18000
Menemen,1+1,18.500 TL,18500
Karşıyaka,2+1,17.500 TL,17500
Buca,1+1,18.500 TL,18500
Buca,1+1,18.000 TL,18000
Buca,1+1,18.000 TL,18000
Buca,1+1,18.500 TL,18500
Çiğli,1+1,18.500 TL,18500
Buca,2+1,18.500 TL,18500
Torbalı,1+1,18.000 TL,18000
Torbalı,2+1,18.000 TL,18000
Bornova,2+1,18.000 TL,18000
Buca,1+1,18.000 TL,18000
Bornova,2+1,17.500 TL,17500
Çiğli,1+1,18.000 TL,18000
Buca,3+1,17.999 TL,17999
Ödemiş,2+1,18.500 TL,18500
Çiğli,1+1,18.000 TL,18000
Ödemiş,3+1,18.000 TL,18000
Buca,1+1,18.000 TL,18000
Buca,1+1,17.500 TL,17500
Buca,2+0,18.500 TL,18500
Karabağlar,2+1,17.500 TL,17500
Buca,2+1,18.000 TL,18000
Tire,3+1,18.000 TL,18000
Buca,3+1,18.000 TL,18000
Bornova,2+1,17.500 TL,17500
Bornova,2+1,17.500 TL,17500
Konak,2+1,18.000 TL,18000
Çiğli,2+1,18.500 TL,18500
Karabağlar,2+1,18.000 TL,18000
Buca,2+1,18.500 TL,18500
Karabağlar,2+1,18.000 TL,18000
Bergama,3+1,18.000 TL,18000
Buca,1+1,18.000 TL,18000
Menemen,2+1,18.000 TL,18000
Buca,1+1,18.000 TL,18000
Bornova,1+1,17.500 TL,17500
Karabağlar,2+1,18.000 TL,18000
Bayraklı,1+1,17.500 TL,17500
Buca,1+1,18.500 TL,18500
Karşıyaka,3+1,18.500 TL,18500
Menemen,1+1,17.500 TL,17500
Bornova,1+1,18.000 TL,18000
Bayraklı,2+1,18.000 TL,18000
Buca,1+1,18.000 TL,18000
Buca,1+1,18.000 TL,18000
Buca,2+1,18.000 TL,18000
Konak,1+1,18.000 TL,18000
Torbalı,2+1,18.500 TL,18500
Buca,1+1,17.500 TL,17500
Buca,1+1,18.000 TL,18000
Buca,1+1,18.500 TL,18500
Buca,Stüdyo (1+0),17.500 TL,17500
Buca,1+1,18.000 TL,18000
Buca,1+1,18.000 TL,18000
Buca,1+1,18.000 TL,18000
Buca,1+1,18.000 TL,18000
Buca,1+1,18.000 TL,18000
Menemen,1+1,17.500 TL,17500
Buca,1+1,18.000 TL,18000
Buca,1+1,18.500 TL,18500
Bornova,1+1,17.500 TL,17500
Menemen,1+1,17.500 TL,17500
Karabağlar,3+1,17.500 TL,17500
Buca,1+1,19.500 TL,19500
Buca,2+0,19.500 TL,19500
Buca,1+1,19.000 TL,19000
Bergama,2+1,19.000 TL,19000
Bergama,3+1,19.000 TL,19000
Bornova,2+1,19.000 TL,19000
Çiğli,1+1,19.500 TL,19500
Foça,1+1,19.000 TL,19000
Buca,1+1,19.000 TL,19000
Bayraklı,2+1,19.500 TL,19500
Balçova,2+1,19.000 TL,19000
Buca,2+1,19.000 TL,19000
Buca,3+1,19.000 TL,19000
Buca,2+0,19.000 TL,19000
Buca,1+1,19.000 TL,19000
Bayraklı,2+1,19.000 TL,19000
Aliağa,2+1,19.000 TL,19000
Buca,1+1,19.000 TL,19000
Bayraklı,3+1,19.000 TL,19000
Seferihisar,1+1,19.500 TL,19500
Çiğli,1+1,19.000 TL,19000
Konak,2+1,19.000 TL,19000
Karabağlar,2+1,19.500 TL,19500
Ödemiş,Stüdyo (1+0),19.000 TL,19000
Karabağlar,2+1,19.000 TL,19000
Tire,3+1,19.000 TL,19000
Buca,1+1,19.000 TL,19000
Menemen,1+1,19.000 TL,19000
Konak,2+1,19.000 TL,19000
Buca,2+1,19.000 TL,19000
Ödemiş,2+1,19.000 TL,19000
Menemen,1+1,19.000 TL,19000
Buca,1+1,19.500 TL,19500
Buca,2+1,19.000 TL,19000
Karabağlar,2+1,19.500 TL,19500
Buca,1+1,19.000 TL,19000
Karabağlar,2+1,19.000 TL,19000
Çiğli,Stüdyo (1+0),19.500 TL,19500
Ödemiş,2.5+1,19.500 TL,19500
Balçova,2+1,19.000 TL,19000
Menemen,3+1,19.000 TL,19000
Buca,1+1,19.500 TL,19500
Buca,1+1,19.000 TL,19000
Konak,2+1,19.000 TL,19000
Menemen,1+1,19.500 TL,19500
Menemen,1+1,19.500 TL,19500
Torbalı,3+1,19.000 TL,19000
Buca,1+1,19.000 TL,19000
Foça,2+1,19.000 TL,19000
Konak,2+1,19.000 TL,19000
Torbalı,2+1,19.000 TL,19000
Buca,1+1,19.000 TL,19000
Buca,2+1,19.000 TL,19000
Buca,1+1,19.000 TL,19000
Karabağlar,2+1,19.950 TL,19950
Çiğli,Stüdyo (1+0),19.500 TL,19500
Seferihisar,2+1,19.500 TL,19500
Seferihisar,1+1,19.500 TL,19500
Buca,1+1,19.000 TL,19000
Ödemiş,2+1,19.000 TL,19000
Torbalı,2+1,19.000 TL,19000
Buca,1+1,19.500 TL,19500
Buca,1+1,19.000 TL,19000
Bornova,2+1,19.000 TL,19000
Buca,1+1,19.000 TL,19000
Buca,1+1,19.000 TL,19000
Buca,1+1,19.000 TL,19000
Buca,1+1,19.000 TL,19000
Torbalı,2+1,19.000 TL,19000
Buca,2+1,19.000 TL,19000
Ödemiş,2+1,19.000 TL,19000
Ödemiş,4+1,19.000 TL,19000
Buca,2+0,19.500 TL,19500
Buca,2+0,19.000 TL,19000
Bornova,1+1,19.000 TL,19000
Torbalı,3+1,19.000 TL,19000
Buca,2+1,19.000 TL,19000
Konak,3+1,19.000 TL,19000
Ödemiş,3+1,19.500 TL,19500
Bayraklı,1+1,19.000 TL,19000
Torbalı,2+1,19.000 TL,19000
Buca,3+1,19.000 TL,19000
Menemen,1+1,19.000 TL,19000
Çiğli,1+1,19.500 TL,19500
Buca,1+1,19.000 TL,19000
Buca,2+1,19.000 TL,19000
Buca,2+1,19.000 TL,19000
Buca,1+1,19.000 TL,19000
Menemen,1+1,19.500 TL,19500
Torbalı,2+1,19.000 TL,19000
Torbalı,2+1,19.000 TL,19000
Tire,3+1,19.000 TL,19000
Menemen,1+1,19.000 TL,19000
Buca,2+0,19.500 TL,19500
Gaziemir,2+1,19.000 TL,19000
Aliağa,2+1,19.000 TL,19000
Buca,2+1,19.000 TL,19000
Bergama,2+1,19.000 TL,19000
Seferihisar,1+1,19.000 TL,19000
Bayraklı,2+1,19.000 TL,19000
Bayraklı,2+1,19.500 TL,19500
Menemen,1+1,19.000 TL,19000
Buca,2+1,19.000 TL,19000
Menemen,1+1,19.000 TL,19000
Torbalı,2+1,19.000 TL,19000
Konak,2+1,19.000 TL,19000
Buca,1+1,19.000 TL,19000
Buca,2+1,19.000 TL,19000
Menemen,1+1,19.000 TL,19000
Menemen,1+1,19.000 TL,19000
Kemalpaşa,2+1,19.000 TL,19000
Buca,1+1,19.000 TL,19000
Buca,2+1,19.000 TL,19000
Torbalı,3+1,19.000 TL,19000
Torbalı,3+1,19.000 TL,19000
Buca,1+1,19.500 TL,19500
Torbalı,2+1,19.500 TL,19500
Buca,1+1,19.000 TL,19000
Çiğli,1+1,19.500 TL,19500
Konak,2+1,19.000 TL,19000
Menemen,1+1,19.000 TL,19000
Çiğli,1+1,19.500 TL,19500
Menemen,1+1,19.000 TL,19000
Buca,1+1,19.000 TL,19000
Torbalı,2+1,19.950 TL,19950
Buca,1+1,19.500 TL,19500
Karabağlar,3+1,19.000 TL,19000
Torbalı,1+1,19.000 TL,19000
Buca,1+1,19.000 TL,19000
Menemen,2+1,19.500 TL,19500
Bayraklı,2+1,19.000 TL,19000
Buca,2+1,19.250 TL,19250
Bornova,2+1,19.950 TL,19950
Çiğli,2+1,18.750 TL,18750
Konak,3+1,19.500 TL,19500
Torbalı,2+1,19.500 TL,19500
Bornova,Stüdyo (1+0),19.900 TL,19900
Torbalı,2+1,19.500 TL,19500
Buca,1+1,19.250 TL,19250
Çiğli,2+1,19.000 TL,19000
Bergama,2+1,19.500 TL,19500
Buca,1+1,19.000 TL,19000
Konak,2+1,19.000 TL,19000
Karşıyaka,2+1,19.500 TL,19500
Buca,1+1,19.000 TL,19000
Buca,2+1,19.000 TL,19000
Menemen,1+1,19.000 TL,19000
Buca,2+1,19.000 TL,19000
Menemen,1+1,19.500 TL,19500
Bayraklı,2+1,19.000 TL,19000
Konak,2+1,19.500 TL,19500
Buca,1+1,19.000 TL,19000
Torbalı,3+1,19.000 TL,19000
Menemen,2+1,19.000 TL,19000
Menemen,1+1,19.000 TL,19000
Torbalı,3+1,19.500 TL,19500
Buca,2+1,19.500 TL,19500
Buca,3+1,19.500 TL,19500
Buca,2+1,19.000 TL,19000
Menemen,1+1,19.500 TL,19500
Bornova,2+1,19.500 TL,19500
Seferihisar,1+1,19.500 TL,19500
Bayraklı,3+1,19.500 TL,19500
Karabağlar,3+1,19.000 TL,19000
Buca,1+1,19.750 TL,19750
Seferihisar,1+1,19.000 TL,19000
Buca,2+1,19.200 TL,19200
Konak,3+1,19.000 TL,19000
Buca,1+1,19.000 TL,19000
Torbalı,3+1,19.000 TL,19000
Buca,3+1,19.000 TL,19000
Bornova,2+1,19.000 TL,19000
Buca,1+1,19.000 TL,19000
Buca,2+0,19.500 TL,19500
Torbalı,2+1,19.500 TL,19500
Buca,1+1,19.000 TL,19000
Menemen,2+1,19.000 TL,19000
Çiğli,1+1,19.000 TL,19000
Tire,3+1,19.500 TL,19500
Bayraklı,2+1,19.000 TL,19000
Bornova,2+0,19.500 TL,19500
Buca,1+1,19.000 TL,19000
Buca,1+1,19.000 TL,19000
Torbalı,3+1,19.000 TL,19000
Ödemiş,2+1,19.500 TL,19500
Bergama,1+1,19.500 TL,19500
Torbalı,2+1,19.000 TL,19000
Buca,2+1,19.000 TL,19000
Karabağlar,2+1,19.500 TL,19500
Bayraklı,2+1,19.000 TL,19000
Torbalı,2+1,19.000 TL,19000
Buca,1+1,19.000 TL,19000
Buca,1+1,19.000 TL,19000
Karabağlar,2+1,19.000 TL,19000
Buca,1+1,19.000 TL,19000
Karabağlar,2+1,19.000 TL,19000
Seferihisar,1+1,19.000 TL,19000
Karabağlar,1+1,19.000 TL,19000
Bornova,Stüdyo (1+0),19.500 TL,19500
Karşıyaka,2+1,19.500 TL,19500
Buca,1+1,19.500 TL,19500
Buca,2+1,19.000 TL,19000
Menemen,1+1,19.000 TL,19000
Menemen,3+1,19.500 TL,19500
Çiğli,1+1,19.750 TL,19750
Urla,1+1,19.000 TL,19000
Torbalı,3+1,19.500 TL,19500
Karşıyaka,2+1,19.000 TL,19000
Karaburun,1+1,19.000 TL,19000
Buca,1+1,19.000 TL,19000
Çiğli,1+1,19.500 TL,19500
Konak,2+1,19.000 TL,19000
Buca,1+1,19.000 TL,19000
Bornova,1+1,19.000 TL,19000
Bayraklı,1+1,19.500 TL,19500
Menemen,1+1,19.000 TL,19000
Buca,1+1,19.000 TL,19000
Menemen,1+1,19.000 TL,19000
Buca,1+1,19.500 TL,19500
Tire,2+1,19.000 TL,19000
Çiğli,2+1,19.000 TL,19000
Torbalı,1+1,19.000 TL,19000
Konak,2+1,19.000 TL,19000
Karşıyaka,1+1,19.500 TL,19500
Buca,1+1,19.000 TL,19000
Buca,1+1,19.000 TL,19000
Buca,1+1,19.500 TL,19500
Bergama,3+1,19.000 TL,19000
Ödemiş,3+1,19.000 TL,19000
Buca,1+1,19.000 TL,19000
Aliağa,1+1,19.000 TL,19000
Buca,2+1,19.000 TL,19000
Çiğli,2+1,19.000 TL,19000
Çiğli,2+1,19.000 TL,19000
Buca,1+1,19.000 TL,19000
Buca,1+1,19.000 TL,19000
Bornova,3+1,19.000 TL,19000
Buca,1+1,19.000 TL,19000
Çiğli,Stüdyo (1+0),19.500 TL,19500
Torbalı,2+1,19.000 TL,19000
Torbalı,1+1,19.000 TL,19000
Çiğli,1+1,19.800 TL,19800
Torbalı,3+1,19.000 TL,19000
Menemen,1+1,19.500 TL,19500
Menemen,1+1,19.500 TL,19500
Foça,2+1,19.250 TL,19250
Buca,1+1,19.000 TL,19000
Aliağa,1+1,19.000 TL,19000
Torbalı,2+1,19.500 TL,19500
Tire,3+1,19.000 TL,19000
Buca,1+1,19.000 TL,19000
Ödemiş,4+1,19.000 TL,19000
Bergama,2+1,19.500 TL,19500
Karabağlar,2+1,19.000 TL,19000
Bornova,Stüdyo (1+0),19.500 TL,19500
Buca,1+1,19.500 TL,19500
Buca,2+1,19.000 TL,19000
Karabağlar,3+1,19.000 TL,19000
Karabağlar,3+1,19.500 TL,19500
Buca,1+1,19.000 TL,19000
Buca,2+1,19.000 TL,19000
Buca,1+1,19.500 TL,19500
Selçuk,1+1,19.000 TL,19000
Menemen,1+1,19.500 TL,19500
Buca,1+1,19.000 TL,19000
Karabağlar,1+1,19.000 TL,19000
Bornova,3+1,19.000 TL,19000
Buca,2+1,19.000 TL,19000
Buca,1+1,19.000 TL,19000
Çiğli,2+1,19.000 TL,19000
Aliağa,1+1,19.000 TL,19000
Buca,1+1,19.000 TL,19000
Bergama,2+1,19.000 TL,19000
Menemen,3+1,19.000 TL,19000
Bornova,Stüdyo (1+0),19.000 TL,19000
Buca,2+1,19.000 TL,19000
Aliağa,2+1,19.500 TL,19500
Çiğli,2+1,19.000 TL,19000
Buca,1+1,19.000 TL,19000
Buca,1+1,19.000 TL,19000
Buca,1+1,19.000 TL,19000
Buca,3+1,19.000 TL,19000
Buca,1+1,19.500 TL,19500
Torbalı,2+1,19.000 TL,19000
Karabağlar,2+1,19.500 TL,19500
Menemen,1+1,19.500 TL,19500
Konak,2+1,19.000 TL,19000
Karabağlar,3+1,19.000 TL,19000
Karabağlar,1+1,19.750 TL,19750
Ödemiş,2+1,19.000 TL,19000
Aliağa,1+1,19.000 TL,19000
Bergama,3+1,19.000 TL,19000
Bergama,3+1,19.900 TL,19900
Bergama,2+1,19.000 TL,19000
Karabağlar,2+1,19.000 TL,19000
Buca,1+1,19.000 TL,19000
Menemen,1+1,19.000 TL,19000
Foça,2+1,19.000 TL,19000
Buca,1+1,19.500 TL,19500
Buca,1+1,19.000 TL,19000
Buca,1+1,19.000 TL,19000
Menemen,2+1,19.750 TL,19750
Buca,1+1,19.000 TL,19000
Bergama,3+1,19.000 TL,19000
Torbalı,2+1,19.500 TL,19500
Torbalı,2+1,19.000 TL,19000
Karabağlar,3+1,19.000 TL,19000
Çiğli,1+1,19.000 TL,19000
Bornova,1+1,19.000 TL,19000
Bayraklı,2+1,19.000 TL,19000
Karaburun,1+1,19.000 TL,19000
Buca,2+1,19.500 TL,19500
Bergama,2+1,19.500 TL,19500
Aliağa,1+1,19.000 TL,19000
Menemen,2+1,19.500 TL,19500
Buca,1+1,19.000 TL,19000
Gaziemir,3+1,19.000 TL,19000
Buca,2+1,19.500 TL,19500
Menderes,1+1,19.000 TL,19000
Konak,Stüdyo (1+0),19.000 TL,19000
Karabağlar,3+1,19.000 TL,19000
Buca,3+1,19.000 TL,19000
Seferihisar,1+1,19.000 TL,19000
Bergama,3+1,19.500 TL,19500
Bornova,2+1,19.000 TL,19000
Buca,1+1,19.000 TL,19000
Menemen,1+1,19.000 TL,19000
Buca,1+1,19.000 TL,19000
Çiğli,1+1,19.500 TL,19500
Konak,1+1,19.000 TL,19000
Gaziemir,2+1,19.500 TL,19500
Buca,1+1,19.000 TL,19000
Buca,1+1,19.000 TL,19000
Menemen,2+1,19.000 TL,19000
Buca,1+1,19.500 TL,19500
Karabağlar,3+1,19.000 TL,19000
Tire,3+1,19.000 TL,19000
Menderes,2+0,19.000 TL,19000
Çiğli,1+1,19.000 TL,19000
Karabağlar,3+1,19.000 TL,19000
Torbalı,3+1,19.500 TL,19500
Buca,1+1,19.500 TL,19500
Buca,1+1,19.000 TL,19000
Buca,1+1,19.000 TL,19000
Menemen,1+1,19.000 TL,19000
Konak,2+1,19.500 TL,19500
Buca,2+1,19.000 TL,19000
Buca,1+1,19.000 TL,19000
Buca,2+0,19.000 TL,19000
Konak,2+1,19.000 TL,19000
Konak,2+1,19.000 TL,19000
Buca,2+1,19.000 TL,19000
Buca,2+1,19.000 TL,19000
Buca,2+1,19.000 TL,19000
Karşıyaka,1+1,19.000 TL,19000
Karabağlar,2+1,19.750 TL,19750
Torbalı,3+1,19.000 TL,19000
Menemen,1+1,19.000 TL,19000
Buca,1+1,19.500 TL,19500
Karabağlar,2+1,19.000 TL,19000
Torbalı,3+1,19.000 TL,19000
Buca,3+1,19.999 TL,19999
Çiğli,1+1,19.500 TL,19500
Bayraklı,1+1,19.000 TL,19000
Buca,1+1,19.000 TL,19000
Torbalı,1+1,19.500 TL,19500
Torbalı,3+1,19.000 TL,19000
Buca,1+1,19.000 TL,19000
Buca,2+1,19.000 TL,19000
Menemen,2+1,19.500 TL,19500
Bornova,1+1,19.990 TL,19990
Bergama,2+1,19.000 TL,19000
Torbalı,3+1,19.000 TL,19000
Torbalı,3+1,19.000 TL,19000
Seferihisar,1+1,19.500 TL,19500
Torbalı,2+1,19.999 TL,19999
Menderes,2+1,19.000 TL,19000
Çiğli,1.5+1,19.000 TL,19000
Buca,2+1,19.000 TL,19000
Torbalı,1+1,19.500 TL,19500
Torbalı,1+1,19.500 TL,19500
Çiğli,1+1,19.000 TL,19000
Karabağlar,3+1,19.000 TL,19000
Menemen,3+1,19.000 TL,19000
Karabağlar,2+1,19.000 TL,19000
Torbalı,2+1,19.500 TL,19500
Buca,1+1,19.000 TL,19000
Urla,1+1,19.999 TL,19999
Buca,2+1,19.000 TL,19000
Buca,1+1,19.000 TL,19000
Aliağa,2+1,19.000 TL,19000
Buca,1+1,19.000 TL,19000
Buca,1+1,19.000 TL,19000
Torbalı,2+1,19.000 TL,19000
Buca,2+1,19.000 TL,19000
Çiğli,3+1,19.000 TL,19000
Bayraklı,2+1,19.000 TL,19000
Buca,1+1,19.000 TL,19000
Tire,3+1,19.000 TL,19000
Karabağlar,3+1,19.000 TL,19000
Çiğli,1+1,19.000 TL,19000
Menemen,3+1,19.000 TL,19000
Çiğli,Stüdyo (1+0),19.500 TL,19500
Torbalı,2+1,19.000 TL,19000
Buca,1+1,19.000 TL,19000
Konak,1+1,19.000 TL,19000
Torbalı,2+1,19.000 TL,19000
Çiğli,2+1,19.500 TL,19500
Bornova,1+1,19.200 TL,19200
Seferihisar,1+1,19.000 TL,19000
Menemen,1+1,19.000 TL,19000
Torbalı,2+1,19.000 TL,19000
Buca,1+1,19.000 TL,19000
Bornova,2+1,19.000 TL,19000
Bornova,2+1,19.000 TL,19000
Çiğli,1+1,19.000 TL,19000
Menemen,1+1,19.750 TL,19750
Torbalı,1+1,19.000 TL,19000
Buca,1+1,19.000 TL,19000
Torbalı,3+1,19.000 TL,19000
Karabağlar,2+1,19.000 TL,19000
Buca,1+1,19.000 TL,19000
Çiğli,2+1,19.000 TL,19000
Bornova,3+1,19.000 TL,19000
Buca,2+1,19.500 TL,19500
Balçova,Stüdyo (1+0),19.000 TL,19000
Torbalı,Stüdyo (1+0),19.000 TL,19000
Tire,3+1,19.000 TL,19000
Menemen,3+1,19.000 TL,19000
Bayraklı,2+1,19.000 TL,19000
Konak,1+1,19.000 TL,19000
Bornova,2+1,19.000 TL,19000
Buca,1+1,19.000 TL,19000
Torbalı,3+1,19.000 TL,19000
Buca,2+1,19.000 TL,19000
Bayraklı,2+1,19.000 TL,19000
Menemen,2+1,19.000 TL,19000
Buca,1+1,19.000 TL,19000
Karabağlar,2+1,19.500 TL,19500
Buca,2+1,19.000 TL,19000
Menemen,3+1,19.000 TL,19000
Torbalı,2+1,19.000 TL,19000
Buca,1+1,19.000 TL,19000
Çiğli,1+1,19.500 TL,19500
Menemen,1+1,19.000 TL,19000
Çiğli,2+1,19.000 TL,19000
Buca,3+1,19.999 TL,19999
Bergama,2+1,19.500 TL,19500
Seferihisar,1+1,19.500 TL,19500
Buca,Stüdyo (1+0),19.000 TL,19000
Torbalı,2+1,19.000 TL,19000
Menemen,2+1,19.000 TL,19000
Bayraklı,3+1,19.750 TL,19750
Torbalı,2+1,19.000 TL,19000
Buca,2+0,19.500 TL,19500
Buca,1+1,19.000 TL,19000
Menemen,2+1,18.750 TL,18750
Buca,2+1,19.000 TL,19000
Buca,2+1,20.000 TL,20000
Buca,1+1,20.000 TL,20000
Aliağa,2+1,20.000 TL,20000
Aliağa,2+1,20.000 TL,20000
Buca,1+1,20.000 TL,20000
Karabağlar,3+1,20.000 TL,20000
Torbalı,2+1,20.000 TL,20000
Buca,2+1,20.000 TL,20000
Bornova,2+1,20.000 TL,20000
Buca,1+1,20.000 TL,20000
Buca,2+1,20.000 TL,20000
Buca,2+0,20.000 TL,20000
Buca,2+1,20.000 TL,20000
Buca,2+1,20.000 TL,20000
Buca,1+1,20.000 TL,20000
Buca,2+1,20.000 TL,20000
Buca,1+1,20.000 TL,20000
Bayraklı,3+1,20.000 TL,20000
Gaziemir,2+1,20.000 TL,20000
Buca,3+1,20.000 TL,20000
Karabağlar,2+1,20.000 TL,20000
Buca,3+1,20.000 TL,20000
Menemen,2+1,20.000 TL,20000
Buca,2+1,20.000 TL,20000
Bergama,3+1,20.000 TL,20000
Ödemiş,2+1,20.000 TL,20000
Karabağlar,1+1,20.000 TL,20000
Kemalpaşa,2+1,20.000 TL,20000
Buca,1+1,20.000 TL,20000
Buca,1+1,20.000 TL,20000
Torbalı,1+1,20.000 TL,20000
Çiğli,1+1,20.000 TL,20000
Torbalı,2+1,20.000 TL,20000
Buca,1+1,20.000 TL,20000
Buca,1+1,20.000 TL,20000
Konak,2+1,20.000 TL,20000
Buca,1+1,20.000 TL,20000
Gaziemir,2+1,20.000 TL,20000
Bornova,2+1,20.000 TL,20000
Buca,1+1,20.000 TL,20000
Buca,1+1,20.000 TL,20000
Konak,2+1,20.000 TL,20000
Bornova,2+1,20.000 TL,20000
Dikili,2+1,20.000 TL,20000
Buca,1+1,20.000 TL,20000
Çiğli,1+1,20.000 TL,20000
Seferihisar,1+1,20.000 TL,20000
Torbalı,1+1,20.000 TL,20000
Menemen,1+1,20.000 TL,20000
Buca,1+1,20.000 TL,20000
Buca,2+1,20.000 TL,20000
Buca,2+1,20.000 TL,20000
Buca,1+1,20.000 TL,20000
Bornova,2+1,20.000 TL,20000
Bornova,Stüdyo (1+0),20.000 TL,20000
Torbalı,1+1,20.000 TL,20000
Buca,1+1,20.000 TL,20000
Buca,1+1,20.000 TL,20000
Buca,1+1,20.000 TL,20000
Menemen,1+1,20.000 TL,20000
Buca,1+1,20.000 TL,20000
Menemen,1+1,20.000 TL,20000
Torbalı,2+1,20.000 TL,20000
Konak,2+1,20.000 TL,20000
Bornova,2+1,20.000 TL,20000
Menemen,1+1,20.000 TL,20000
Menemen,1+1,20.000 TL,20000
Aliağa,2+1,20.000 TL,20000
Menemen,2+1,20.000 TL,20000
Menemen,2+1,20.000 TL,20000
Torbalı,1+1,20.000 TL,20000
Foça,2+1,20.000 TL,20000
Buca,1+1,20.000 TL,20000
Torbalı,3+1,20.000 TL,20000
Buca,2+1,20.000 TL,20000
Seferihisar,2+1,20.000 TL,20000
Bornova,2+1,20.000 TL,20000
Konak,2+1,20.000 TL,20000
Dikili,3+1,20.000 TL,20000
Buca,1+1,20.000 TL,20000
Bornova,2+1,20.000 TL,20000
Menderes,1+1,20.000 TL,20000
Buca,2+0,20.000 TL,20000
Buca,2+1,20.000 TL,20000
Konak,2+1,20.000 TL,20000
Menemen,2+1,20.000 TL,20000
Çiğli,1+1,20.000 TL,20000
Menemen,2+1,20.000 TL,20000
Karşıyaka,2+1,20.000 TL,20000
Konak,2+1,20.000 TL,20000
Buca,3+1,20.000 TL,20000
Bornova,1+1,20.000 TL,20000
Karabağlar,2+1,20.000 TL,20000
Buca,2+1,20.000 TL,20000
Buca,3+1,20.000 TL,20000
Menemen,2+1,20.000 TL,20000
Ödemiş,2+1,20.000 TL,20000
Selçuk,2+1,20.000 TL,20000
Konak,2+1,20.000 TL,20000
Torbalı,2+1,20.000 TL,20000
Menemen,1+1,20.000 TL,20000
Karabağlar,3+1,20.000 TL,20000
Bergama,2+1,20.000 TL,20000
Torbalı,3+1,20.000 TL,20000
Bayraklı,3+1,20.000 TL,20000
Torbalı,1+1,20.000 TL,20000
Bergama,2+1,20.000 TL,20000
Buca,1+1,20.000 TL,20000
Karabağlar,2+1,20.000 TL,20000
Bergama,3+1,20.000 TL,20000
Bergama,3+1,20.000 TL,20000
Buca,1+1,20.000 TL,20000
Menemen,2+1,20.000 TL,20000
Buca,2+1,20.000 TL,20000
Konak,1+1,20.000 TL,20000
Torbalı,1+1,20.000 TL,20000
Buca,3+1,20.000 TL,20000
Buca,2+1,20.000 TL,20000
Buca,3+1,20.000 TL,20000
Buca,1+1,20.000 TL,20000
Seferihisar,1+1,20.000 TL,20000
Çiğli,1+1,20.000 TL,20000
Torbalı,1+1,20.000 TL,20000
Tire,3+1,20.000 TL,20000
Kemalpaşa,2+1,20.000 TL,20000
Karşıyaka,1.5+1,20.000 TL,20000
Seferihisar,2+1,20.000 TL,20000
Seferihisar,1+1,20.000 TL,20000
Dikili,2+1,20.000 TL,20000
Buca,1+1,20.000 TL,20000
Konak,2+1,20.000 TL,20000
Buca,2+1,20.000 TL,20000
Çeşme,Stüdyo (1+0),20.000 TL,20000
Çiğli,2+1,20.000 TL,20000
Buca,1+1,20.000 TL,20000
Menderes,1+1,20.000 TL,20000
Karabağlar,3+1,20.000 TL,20000
Menemen,1+1,20.000 TL,20000
Buca,2+1,20.000 TL,20000
Karabağlar,3+1,20.000 TL,20000
Bornova,2+1,20.000 TL,20000
Seferihisar,1+1,20.000 TL,20000
Menemen,1+1,20.000 TL,20000
Menemen,1+1,20.000 TL,20000
Buca,1+1,20.000 TL,20000
Gaziemir,3+1,20.000 TL,20000
Aliağa,3+1,20.000 TL,20000
Tire,3+1,20.000 TL,20000
Bergama,2+1,20.000 TL,20000
Buca,2+1,20.000 TL,20000
Kemalpaşa,2+1,20.000 TL,20000
Konak,2+1,20.000 TL,20000
Bornova,2.5+1,20.000 TL,20000
Ödemiş,3+1,20.000 TL,20000
Buca,1+1,20.000 TL,20000
Buca,1+1,20.000 TL,20000
Karabağlar,2+1,20.000 TL,20000
Buca,1+1,20.000 TL,20000
Buca,1+1,20.000 TL,20000
Karabağlar,2+1,20.000 TL,20000
Bornova,1+1,20.000 TL,20000
Buca,1+1,20.000 TL,20000
Torbalı,2+1,20.000 TL,20000
Karabağlar,2+1,20.000 TL,20000
Buca,1+1,20.000 TL,20000
Bayraklı,3+1,20.000 TL,20000
Buca,1+1,20.000 TL,20000
Buca,1+1,20.000 TL,20000
Buca,1+1,20.000 TL,20000
Buca,2+0,20.000 TL,20000
Foça,1+1,20.000 TL,20000
Karşıyaka,2+1,20.000 TL,20000
Bornova,Stüdyo (1+0),20.000 TL,20000
Torbalı,2+1,20.000 TL,20000
Seferihisar,1+1,20.000 TL,20000
Buca,1+1,20.000 TL,20000
Ödemiş,4+1,20.000 TL,20000
Karabağlar,3+1,20.000 TL,20000
Bornova,Stüdyo (1+0),20.000 TL,20000
Bornova,Stüdyo (1+0),20.000 TL,20000
Ödemiş,3+1,20.000 TL,20000
Karabağlar,4+1,20.000 TL,20000
Buca,1+1,20.000 TL,20000
Menemen,1+1,20.000 TL,20000
Bergama,2+1,20.000 TL,20000
Buca,2+1,20.000 TL,20000
Buca,1+1,20.000 TL,20000
Torbalı,2+1,20.000 TL,20000
Karabağlar,1+1,20.000 TL,20000
Konak,2+1,20.000 TL,20000
Buca,1+1,20.000 TL,20000
Karabağlar,2+1,20.000 TL,20000
Torbalı,3+1,20.000 TL,20000
Bayraklı,1+1,20.000 TL,20000
Buca,1+1,20.000 TL,20000
Buca,2+0,20.000 TL,20000
Buca,2+1,20.000 TL,20000
Bayraklı,2+1,20.000 TL,20000
Karabağlar,2+1,20.000 TL,20000
Bornova,2+1,20.000 TL,20000
Çiğli,1+1,20.000 TL,20000
Çiğli,1+1,20.000 TL,20000
Bornova,2+1,20.000 TL,20000
Menderes,2+1,20.000 TL,20000
Tire,2+1,20.000 TL,20000
Bornova,2+1,20.000 TL,20000
Buca,1+1,20.000 TL,20000
Çiğli,3+1,20.000 TL,20000
Karabağlar,3+1,20.000 TL,20000
Menemen,2+1,20.000 TL,20000
Çiğli,1+1,20.000 TL,20000
Menemen,2+1,20.000 TL,20000
Bornova,1+1,20.000 TL,20000
Tire,3+1,20.000 TL,20000
Torbalı,3+1,20.000 TL,20000
Torbalı,1+1,20.000 TL,20000
Bergama,2+1,20.000 TL,20000
Buca,2+1,20.000 TL,20000
Torbalı,2+1,20.000 TL,20000
Dikili,1+1,20.000 TL,20000
Buca,1+1,20.000 TL,20000
Bayraklı,3+1,20.000 TL,20000
Urla,2+1,20.000 TL,20000
Ödemiş,1+1,20.000 TL,20000
Buca,2+1,20.000 TL,20000
Menemen,2+1,20.000 TL,20000
Menemen,1+1,20.000 TL,20000
Buca,1+1,20.000 TL,20000
Bornova,1+1,20.000 TL,20000
Buca,1+1,20.000 TL,20000
Gaziemir,2+1,20.000 TL,20000
Urla,1+1,20.000 TL,20000
Buca,2+1,20.000 TL,20000
Bornova,1+1,20.000 TL,20000
Karabağlar,2+1,20.000 TL,20000
Torbalı,2+1,20.000 TL,20000
Torbalı,1+1,20.000 TL,20000
Konak,2+1,20.000 TL,20000
Buca,1+1,20.000 TL,20000
Menderes,2+1,20.000 TL,20000
Seferihisar,1+1,20.000 TL,20000
Karabağlar,2+1,20.000 TL,20000
Buca,1+1,20.000 TL,20000
Bayraklı,2+1,20.000 TL,20000
Menemen,1+1,20.000 TL,20000
Menemen,2+1,20.000 TL,20000
Menderes,2+1,20.000 TL,20000
Ödemiş,3+1,20.000 TL,20000
Konak,3+1,20.000 TL,20000
Bornova,2+1,20.000 TL,20000
Menemen,1+1,20.000 TL,20000
Torbalı,2+1,20.000 TL,20000
Torbalı,2+1,20.000 TL,20000
Torbalı,3+1,20.000 TL,20000
Karşıyaka,3+1,20.000 TL,20000
Buca,3+1,20.000 TL,20000
Buca,1+1,20.000 TL,20000
Karabağlar,3+1,20.000 TL,20000
Torbalı,2+1,20.000 TL,20000
Menemen,1+1,20.000 TL,20000
Aliağa,2+1,20.000 TL,20000
Bornova,1+1,20.000 TL,20000
Buca,1+1,20.000 TL,20000
Aliağa,3+1,20.000 TL,20000
Torbalı,2+1,20.000 TL,20000
Torbalı,2+1,20.000 TL,20000
Çiğli,Stüdyo (1+0),20.000 TL,20000
Çiğli,1+1,20.000 TL,20000
Menemen,2+1,20.000 TL,20000
Torbalı,2+1,20.000 TL,20000
Torbalı,3+1,20.000 TL,20000
Karabağlar,2+1,20.000 TL,20000
Torbalı,3+1,20.000 TL,20000
Çiğli,1+1,20.000 TL,20000
Çiğli,2+1,20.000 TL,20000
Çiğli,2+1,20.000 TL,20000
Buca,1+1,20.000 TL,20000
Bergama,2+1,20.000 TL,20000
Konak,2+1,20.000 TL,20000
Menemen,2+1,20.000 TL,20000
Menemen,3+1,20.000 TL,20000
Tire,1+1,20.000 TL,20000
Menemen,3+1,20.000 TL,20000
Karabağlar,2+1,20.000 TL,20000
Karabağlar,1+1,20.000 TL,20000
Torbalı,1+1,20.000 TL,20000
Konak,2+1,20.000 TL,20000
Selçuk,3+1,20.000 TL,20000
Buca,1+1,20.000 TL,20000
Konak,2+1,20.000 TL,20000
Torbalı,2+1,20.000 TL,20000
Buca,2+0,20.000 TL,20000
Buca,1+1,20.000 TL,20000
Seferihisar,2+1,20.000 TL,20000
Çeşme,Stüdyo (1+0),20.000 TL,20000
Buca,1+1,20.000 TL,20000
Bornova,1+1,20.000 TL,20000
Torbalı,2+1,20.000 TL,20000
Çiğli,1+1,20.000 TL,20000
Menemen,1+1,20.000 TL,20000
Karabağlar,2+1,20.000 TL,20000
Menemen,2+1,20.000 TL,20000
Menemen,3+1,20.000 TL,20000
Buca,3+1,20.000 TL,20000
Bornova,3+1,20.000 TL,20000
Buca,1+1,20.000 TL,20000
Bornova,2+1,20.000 TL,20000
Torbalı,3+1,20.000 TL,20000
Tire,3+1,20.000 TL,20000
Menemen,1+1,20.000 TL,20000
Çiğli,3+1,20.000 TL,20000
Buca,2+1,20.000 TL,20000
Buca,2+1,20.000 TL,20000
Buca,3+1,20.000 TL,20000
Ödemiş,4+1,20.000 TL,20000
Buca,1+1,20.000 TL,20000
Bornova,Stüdyo (1+0),20.000 TL,20000
Karabağlar,3+1,20.000 TL,20000
Menemen,3+1,20.000 TL,20000
Bergama,2+1,20.000 TL,20000
Menemen,1+1,20.000 TL,20000
Buca,1+1,20.000 TL,20000
Menemen,1+1,20.000 TL,20000
Buca,1+1,20.000 TL,20000
Karaburun,1+1,20.000 TL,20000
Buca,1+1,20.000 TL,20000
Karabağlar,2+1,20.000 TL,20000
Torbalı,3+1,20.000 TL,20000
Menemen,1+1,20.000 TL,20000
Torbalı,3+1,20.000 TL,20000
Foça,2+1,20.000 TL,20000
Çiğli,2+1,20.000 TL,20000
Buca,1+1,20.000 TL,20000
Buca,1+1,20.000 TL,20000
Buca,2+1,20.000 TL,20000
Bayraklı,2+1,20.000 TL,20000
Bornova,1+1,20.000 TL,20000
Buca,2+1,20.000 TL,20000
Buca,1+1,20.000 TL,20000
Karabağlar,1+1,20.000 TL,20000
Çiğli,1+1,20.000 TL,20000
Karaburun,2+1,20.000 TL,20000
Menemen,2+1,20.000 TL,20000
Torbalı,1+1,20.000 TL,20000
Bornova,3+1,20.000 TL,20000
Buca,1+1,20.000 TL,20000
Bornova,2+1,20.000 TL,20000
Bayraklı,3+1,20.000 TL,20000
Menemen,2+1,20.000 TL,20000
Ödemiş,3+1,20.000 TL,20000
Bayraklı,1+1,20.000 TL,20000
Karabağlar,2+1,20.000 TL,20000
Karabağlar,2+1,20.000 TL,20000
Buca,1+1,20.000 TL,20000
Aliağa,1+1,20.000 TL,20000
Bayraklı,2+1,20.000 TL,20000
Torbalı,2+1,20.000 TL,20000
Buca,3+1,20.000 TL,20000
Bornova,2+1,20.000 TL,20000
Aliağa,1+1,20.000 TL,20000
Torbalı,3+1,20.000 TL,20000
Buca,1+1,20.000 TL,20000
Buca,2+1,20.000 TL,20000
Konak,2+1,20.000 TL,20000
Bayraklı,4+1,20.000 TL,20000
Buca,2+1,20.000 TL,20000
Buca,2+1,20.000 TL,20000
Torbalı,2+1,20.000 TL,20000
Gaziemir,2+1,20.000 TL,20000
Buca,1+1,20.000 TL,20000
Buca,1+1,20.000 TL,20000
Urla,Stüdyo (1+0),20.000 TL,20000
Buca,3+1,20.000 TL,20000
Bayraklı,2+1,20.000 TL,20000
Menemen,1+1,20.000 TL,20000
Menemen,2+1,20.000 TL,20000
Buca,1+1,20.000 TL,20000
Karabağlar,3+1,20.000 TL,20000
Buca,2+1,20.000 TL,20000
Kiraz,3+1,20.000 TL,20000
Buca,2+1,20.000 TL,20000
Torbalı,1+1,20.000 TL,20000
Menemen,2+1,20.000 TL,20000
Buca,2+1,20.000 TL,20000
Buca,1+1,20.000 TL,20000
Karabağlar,2+1,20.000 TL,20000
Seferihisar,1+1,20.000 TL,20000
Buca,2+1,20.000 TL,20000
Bornova,3+1,20.000 TL,20000
Çiğli,1+1,20.000 TL,20000
Menemen,1+1,20.000 TL,20000
Buca,2+1,20.000 TL,20000
Buca,1+1,20.000 TL,20000
Konak,1+1,20.000 TL,20000
Buca,1+1,20.000 TL,20000
Gaziemir,2+1,20.000 TL,20000
Torbalı,4+1,20.000 TL,20000
Torbalı,3+1,20.000 TL,20000
Buca,1+1,20.000 TL,20000
Menderes,2+1,20.000 TL,20000
Buca,1+1,20.000 TL,20000
Tire,1+1,20.000 TL,20000
Torbalı,2+1,20.000 TL,20000
Bayraklı,2+1,20.000 TL,20000
Konak,1+1,20.000 TL,20000
Buca,1+1,20.000 TL,20000
Seferihisar,1+1,20.000 TL,20000
Karabağlar,3+1,20.000 TL,20000
Aliağa,3+1,20.000 TL,20000
Buca,1+1,20.000 TL,20000
Karşıyaka,3+1,20.000 TL,20000
Çiğli,1+1,20.000 TL,20000
Karabağlar,3+1,20.000 TL,20000
Bergama,2+1,20.000 TL,20000
Ödemiş,2.5+1,20.000 TL,20000
Bergama,2+1,20.000 TL,20000
Torbalı,2+1,20.000 TL,20000
Tire,1+1,20.000 TL,20000
Kemalpaşa,2+1,20.000 TL,20000
Bergama,2+1,20.000 TL,20000
Menderes,1+1,20.000 TL,20000
Çiğli,1+1,20.000 TL,20000
Seferihisar,2+1,20.000 TL,20000
Buca,1+1,20.000 TL,20000
Menemen,2+1,20.000 TL,20000
Ödemiş,2+1,20.000 TL,20000
Buca,1+1,20.000 TL,20000
Çiğli,1+1,20.000 TL,20000
Menemen,2+1,20.000 TL,20000
Menemen,2+1,20.000 TL,20000
Karabağlar,3+1,20.000 TL,20000
Konak,2+1,20.000 TL,20000
Buca,3+1,20.000 TL,20000
Bornova,3+1,20.000 TL,20000
Karabağlar,2+1,20.000 TL,20000
Bornova,2+1,20.000 TL,20000
Buca,3+1,20.000 TL,20000
Seferihisar,1+1,20.000 TL,20000
Karabağlar,3+1,20.000 TL,20000
Buca,1+1,20.000 TL,20000
Karabağlar,3+1,20.000 TL,20000
Buca,1+1,20.000 TL,20000
Buca,1+1,20.000 TL,20000
Çiğli,1+1,20.000 TL,20000
Buca,2+1,20.000 TL,20000
Karabağlar,2+1,20.000 TL,20000
Çiğli,2+1,20.000 TL,20000
Urla,1+1,20.000 TL,20000
Buca,1+1,20.000 TL,20000
Menemen,2+1,20.000 TL,20000
Buca,2+1,20.000 TL,20000
Bornova,2+0,20.000 TL,20000
Konak,2+1,20.000 TL,20000
Bornova,Stüdyo (1+0),20.000 TL,20000
Foça,2+1,20.000 TL,20000
Çeşme,1+1,20.000 TL,20000
Buca,1+1,20.000 TL,20000
Karabağlar,1+1,20.000 TL,20000
Buca,2+1,20.000 TL,20000
Buca,1+1,20.000 TL,20000
Konak,2+1,20.000 TL,20000
Buca,1+1,20.000 TL,20000
Torbalı,2+1,20.000 TL,20000
Buca,3+1,20.000 TL,20000
Bergama,2+1,20.000 TL,20000
Selçuk,1+1,20.000 TL,20000
Karşıyaka,3+1,20.000 TL,20000
Konak,1+1,20.000 TL,20000
Karabağlar,3+1,20.000 TL,20000
Buca,1+1,20.000 TL,20000
Karabağlar,2+1,20.000 TL,20000
Buca,2+1,20.000 TL,20000
Bornova,3+1,20.000 TL,20000
Selçuk,2+1,20.000 TL,20000
Menemen,1+1,20.000 TL,20000
Karabağlar,3+1,20.000 TL,20000
Menemen,2+1,20.000 TL,20000
Torbalı,3+1,20.000 TL,20000
Bornova,3+1,20.000 TL,20000
Kemalpaşa,2+1,20.000 TL,20000
Tire,3+1,20.000 TL,20000
Torbalı,1+1,20.000 TL,20000
Torbalı,2+1,20.000 TL,20000
Torbalı,1+1,20.000 TL,20000
Dikili,1+1,20.000 TL,20000
Buca,1+1,20.000 TL,20000
Buca,1+1,20.000 TL,20000
Torbalı,1+1,20.000 TL,20000
Buca,2+1,20.000 TL,20000
Buca,1+1,20.000 TL,20000
Kemalpaşa,2+1,20.000 TL,20000
Torbalı,2+1,20.000 TL,20000
Bergama,2+1,20.000 TL,20000
Bornova,Stüdyo (1+0),20.000 TL,20000
Bayraklı,1+1,20.000 TL,20000
Gaziemir,2+1,20.000 TL,20000
Aliağa,2+1,20.000 TL,20000
Buca,2+1,20.000 TL,20000
Torbalı,2+1,20.000 TL,20000
Buca,1+1,20.000 TL,20000
Gaziemir,2+1,20.000 TL,20000
Menemen,1+1,20.000 TL,20000
Buca,3+1,20.000 TL,20000
Karşıyaka,1+1,20.000 TL,20000
Bornova,Stüdyo (1+0),20.000 TL,20000
Buca,2+1,20.000 TL,20000
Buca,1+1,20.000 TL,20000
Çiğli,1+1,20.000 TL,20000
Seferihisar,1+1,20.000 TL,20000
Konak,2+1,20.000 TL,20000
Torbalı,1+1,20.000 TL,20000
Ödemiş,3+1,20.000 TL,20000
Buca,1+1,20.000 TL,20000
Buca,1+1,20.000 TL,20000
Buca,1+1,20.000 TL,20000
Bergama,2+1,20.000 TL,20000
Buca,1+1,20.000 TL,20000
Buca,1+1,20.000 TL,20000
Karabağlar,3+1,20.000 TL,20000
Bayraklı,2+1,20.000 TL,20000
Tire,2+1,20.000 TL,20000
Bornova,3+1,20.000 TL,20000
Bayraklı,2+1,20.000 TL,20000
Buca,1+1,20.000 TL,20000
Çiğli,3+1,20.000 TL,20000
Buca,1+1,20.000 TL,20000
Ödemiş,3.5+1,20.000 TL,20000
Bayraklı,2+1,20.000 TL,20000
Konak,2+1,20.000 TL,20000
Tire,3+1,20.000 TL,20000
Torbalı,2+1,20.000 TL,20000
Buca,2+1,20.000 TL,20000
Menemen,1+1,20.000 TL,20000
Torbalı,2+1,20.000 TL,20000
Menemen,1+1,20.000 TL,20000
Buca,2+0,20.000 TL,20000
Karabağlar,2+1,20.000 TL,20000
Karabağlar,2+1,20.000 TL,20000
Buca,2+1,20.000 TL,20000
Buca,3+1,20.000 TL,20000
Buca,1+1,20.000 TL,20000
Menemen,3+1,20.000 TL,20000
Menemen,2+1,20.000 TL,20000
Bornova,2+0,20.000 TL,20000
Buca,1+1,20.000 TL,20000
Buca,2+0,20.000 TL,20000
Balçova,2+1,20.000 TL,20000
Konak,2+1,20.000 TL,20000
Menemen,1+1,20.000 TL,20000
Foça,1+1,20.000 TL,20000
Tire,1+1,20.000 TL,20000
Torbalı,3+1,20.000 TL,20000
Buca,1+1,20.000 TL,20000
Buca,3+1,20.000 TL,20000
Karabağlar,2+1,20.000 TL,20000
Bornova,3+1,20.000 TL,20000
Karabağlar,2+1,20.000 TL,20000
Bergama,2+1,20.000 TL,20000
Karabağlar,1+1,20.000 TL,20000
Bornova,1+1,20.000 TL,20000
Buca,2+1,20.000 TL,20000
Çiğli,1+1,20.000 TL,20000
Kemalpaşa,2+1,20.000 TL,20000
Aliağa,3+1,20.000 TL,20000
Bergama,2+1,20.000 TL,20000
Konak,2+1,20.000 TL,20000
Buca,1+1,20.000 TL,20000
Karşıyaka,2+1,20.000 TL,20000
Menemen,1+1,20.000 TL,20000
Karabağlar,1+1,20.000 TL,20000
Buca,2+1,20.000 TL,20000
Buca,1+1,20.000 TL,20000
Karabağlar,2+1,20.000 TL,20000
Menemen,1+1,20.000 TL,20000
Karabağlar,2+1,20.000 TL,20000
Torbalı,3+1,20.000 TL,20000
Buca,2+1,20.000 TL,20000
Kemalpaşa,2+1,20.000 TL,20000
Ödemiş,3+1,20.000 TL,20000
Buca,1+1,20.000 TL,20000
Çiğli,2+1,20.000 TL,20000
Karşıyaka,2+1,20.000 TL,20000
Çiğli,1+1,20.000 TL,20000
Buca,1+1,20.000 TL,20000
Buca,1+1,20.000 TL,20000
Menemen,2+1,20.000 TL,20000
Bayraklı,2+1,20.000 TL,20000
Menemen,1+1,20.000 TL,20000
Çiğli,1+1,20.000 TL,20000
Menemen,1+1,20.000 TL,20000
Torbalı,2+1,20.000 TL,20000
Buca,1+1,20.000 TL,20000
Torbalı,3+1,20.000 TL,20000
Buca,1+1,20.000 TL,20000
Buca,1+1,20.000 TL,20000
Konak,Stüdyo (1+0),20.000 TL,20000
Seferihisar,1+1,20.000 TL,20000
Bergama,3+1,20.000 TL,20000
Buca,2+1,20.000 TL,20000
Bergama,3+1,20.000 TL,20000
Buca,2+1,20.000 TL,20000
Bornova,Stüdyo (1+0),20.000 TL,20000
Bornova,3+1,20.000 TL,20000
Tire,3+1,20.000 TL,20000
Bayraklı,2+1,20.000 TL,20000
Buca,3+1,20.000 TL,20000
Buca,1+1,20.000 TL,20000
Menemen,1+1,20.000 TL,20000
Seferihisar,1+1,20.000 TL,20000
Bornova,1+1,20.000 TL,20000
Çiğli,1+1,20.000 TL,20000
Buca,2+1,20.000 TL,20000
Ödemiş,2+1,20.000 TL,20000
Menemen,1+1,20.000 TL,20000
Buca,2+1,20.000 TL,20000
Buca,1+1,20.000 TL,20000
Urla,Stüdyo (1+0),20.000 TL,20000
Buca,1+1,20.000 TL,20000
Tire,2+1,20.000 TL,20000
Buca,2+1,20.000 TL,20000
Bayraklı,2+1,20.000 TL,20000
Karabağlar,2+1,20.000 TL,20000
Buca,1+1,20.000 TL,20000
Tire,1+1,20.000 TL,20000
Bayraklı,2+1,20.000 TL,20000
Bornova,2+1,20.000 TL,20000
Bornova,2+1,20.000 TL,20000
Torbalı,2+1,20.000 TL,20000
Buca,3+1,20.000 TL,20000
Menemen,2+1,20.000 TL,20000
Buca,2+1,20.000 TL,20000
Buca,1+1,20.000 TL,20000
Ödemiş,3+1,20.000 TL,20000
Karabağlar,3+1,20.000 TL,20000
Torbalı,2+1,20.000 TL,20000
Bayraklı,2+1,20.000 TL,20000
Menemen,1+1,20.000 TL,20000
Menemen,1+1,20.000 TL,20000
Buca,3+1,20.000 TL,20000
Torbalı,2+1,20.000 TL,20000
Bergama,1+1,20.000 TL,20000
Torbalı,1+1,20.000 TL,20000
Bornova,2+1,20.000 TL,20000
Torbalı,2+1,20.000 TL,20000
Menemen,2+1,20.000 TL,20000
Torbalı,1+1,20.000 TL,20000
Seferihisar,2+1,20.000 TL,20000
Menemen,2+1,20.000 TL,20000
Bayraklı,2+1,20.000 TL,20000
Çiğli,1+1,20.000 TL,20000
Bayraklı,1+1,20.000 TL,20000
Çiğli,1+1,20.000 TL,20000
Buca,2+1,20.000 TL,20000
Bornova,3+1,20.000 TL,20000
Buca,2+1,20.000 TL,20000
Buca,1+1,20.000 TL,20000
Dikili,1+1,20.000 TL,20000
Gaziemir,1+1,20.000 TL,20000
Seferihisar,2+1,20.000 TL,20000
Torbalı,2+1,20.000 TL,20000
Buca,2+1,20.000 TL,20000
Seferihisar,2+1,20.000 TL,20000
Tire,2+1,20.000 TL,20000
Bornova,2+1,20.000 TL,20000
Bornova,2+1,20.000 TL,20000
Konak,2+1,20.000 TL,20000
Buca,1+1,20.000 TL,20000
Buca,1+1,20.000 TL,20000
Menderes,3+1,20.000 TL,20000
Bornova,2+1,20.000 TL,20000
Konak,2+1,20.000 TL,20000
Buca,1+1,20.000 TL,20000
Menemen,3+1,20.000 TL,20000
Torbalı,3+1,20.000 TL,20000
Buca,2+1,20.000 TL,20000
Seferihisar,1+1,20.000 TL,20000
Buca,1+1,20.000 TL,20000
Buca,1+1,20.000 TL,20000
Menemen,2+1,20.000 TL,20000
Menemen,1+1,20.000 TL,20000
Tire,1+1,20.000 TL,20000
Bergama,2+1,20.000 TL,20000
Karşıyaka,1+1,20.000 TL,20000
Buca,1+1,20.000 TL,20000
Çiğli,3+1,20.000 TL,20000
Buca,2+0,20.000 TL,20000
Buca,2+1,20.000 TL,20000
Çiğli,1+1,20.000 TL,20000
Karabağlar,3+1,20.000 TL,20000
Bornova,3+1,20.000 TL,20000
Karşıyaka,3+1,20.000 TL,20000
Gaziemir,3+1,20.000 TL,20000
Menemen,1+1,20.000 TL,20000
Karabağlar,2+1,20.000 TL,20000
Buca,2+1,20.000 TL,20000
Seferihisar,2+1,20.000 TL,20000
Buca,2+1,20.000 TL,20000
Foça,2+1,20.000 TL,20000
Torbalı,2+1,20.000 TL,20000
Menemen,2+1,20.000 TL,20000
Buca,1+1,20.000 TL,20000
Bornova,3+1,20.000 TL,20000
Ödemiş,2+1,20.000 TL,20000
Torbalı,3+1,20.000 TL,20000
Bornova,3+1,20.000 TL,20000
Çiğli,2+1,20.000 TL,20000
Karabağlar,2+1,20.000 TL,20000
Karabağlar,2+1,20.000 TL,20000
Konak,3+1,20.000 TL,20000
Seferihisar,1+1,20.000 TL,20000
Kemalpaşa,2+1,20.000 TL,20000
Buca,2+1,20.000 TL,20000
Buca,1+1,20.000 TL,20000
Seferihisar,1+1,20.000 TL,20000
Karabağlar,2+1,20.000 TL,20000
Buca,2+1,20.000 TL,20000
Balçova,1+1,20.000 TL,20000
Buca,2+1,20.000 TL,20000
Bergama,2+1,20.000 TL,20000
Çiğli,1+1,20.000 TL,20000
Torbalı,1+1,20.000 TL,20000
Buca,2+1,20.000 TL,20000
Tire,2+1,20.000 TL,20000
Bornova,2+1,20.000 TL,20000
Buca,2+1,20.000 TL,20000
Buca,2+1,20.000 TL,20000
Çiğli,2+1,20.000 TL,20000
Bornova,2+1,20.000 TL,20000
Bornova,1+1,20.000 TL,20000
Karabağlar,2+1,20.000 TL,20000
Buca,2+1,20.000 TL,20000
Bergama,4+1,20.000 TL,20000
Konak,2+1,20.000 TL,20000
Bornova,3+1,20.000 TL,20000
Menemen,2+1,20.000 TL,20000
Selçuk,1+1,20.000 TL,20000
Tire,1+1,20.000 TL,20000
Bornova,2+1,20.000 TL,20000
Bergama,3+1,20.000 TL,20000
Çiğli,1+1,20.000 TL,20000
Karaburun,1+1,20.000 TL,20000
Buca,2+1,20.000 TL,20000
Bornova,1+1,20.000 TL,20000
Karabağlar,2+1,20.000 TL,20000
Buca,1+1,20.000 TL,20000
Buca,2+1,20.000 TL,20000
Torbalı,2+1,20.000 TL,20000
Karabağlar,2+1,20.000 TL,20000
Torbalı,2+1,20.000 TL,20000
Buca,2+1,20.000 TL,20000
Bayraklı,2+1,20.000 TL,20000
Torbalı,3+1,20.000 TL,20000
Çiğli,1+1,20.000 TL,20000
Buca,1+1,20.000 TL,20000
Buca,3+1,20.000 TL,20000
Kemalpaşa,2+1,20.000 TL,20000
Torbalı,3+1,20.000 TL,20000
Bayraklı,2+1,20.000 TL,20000
Aliağa,1+1,20.000 TL,20000
Bornova,3+1,20.000 TL,20000
Buca,1+1,20.000 TL,20000
Menderes,1+1,20.000 TL,20000
Buca,2+1,20.000 TL,20000
Buca,1+1,20.000 TL,20000
Aliağa,3+1,20.000 TL,20000
Buca,1+1,20.000 TL,20000
Buca,1+1,20.000 TL,20000
Buca,2+1,20.000 TL,20000
Torbalı,2+1,20.000 TL,20000
Buca,2+1,20.000 TL,20000
Buca,2+1,20.000 TL,20000
Bayraklı,2+1,20.000 TL,20000
Karabağlar,1+1,20.000 TL,20000
Bornova,2+1,20.000 TL,20000
Bayraklı,2+1,20.000 TL,20000
Karşıyaka,2+1,20.000 TL,20000
Konak,1+1,20.000 TL,20000
Buca,3+1,20.000 TL,20000
Buca,1+1,20.000 TL,20000
Seferihisar,2+1,20.000 TL,20000
Karşıyaka,3+1,20.000 TL,20000
Ödemiş,3+1,20.000 TL,20000
Menemen,2+1,20.000 TL,20000
Torbalı,1+1,20.000 TL,20000
Torbalı,2+1,20.000 TL,20000
Bornova,3+1,20.000 TL,20000
Dikili,1+1,20.000 TL,20000
Çiğli,2+1,20.000 TL,20000
Torbalı,3+1,20.000 TL,20000
Menemen,1+1,20.000 TL,20000
Buca,2+1,20.000 TL,20000
Buca,2+1,20.000 TL,20000
Menemen,2+1,20.000 TL,20000
Torbalı,2+1,20.000 TL,20000
Buca,1+1,20.000 TL,20000
Menemen,2+1,20.000 TL,20000
Buca,3+1,20.000 TL,20000
Bornova,3+1,20.000 TL,20000
Seferihisar,1+1,20.000 TL,20000
Menemen,1+1,20.000 TL,20000
Balçova,Stüdyo (1+0),20.000 TL,20000
Karabağlar,3+1,20.000 TL,20000
Karabağlar,2+1,20.000 TL,20000
Ödemiş,3+1,20.000 TL,20000
Konak,2+1,20.000 TL,20000
Buca,3+1,20.000 TL,20000
Torbalı,3+1,20.000 TL,20000
Bergama,2+1,20.000 TL,20000
Konak,2+1,20.000 TL,20000
Buca,2+1,20.000 TL,20000
Bergama,3+1,20.000 TL,20000
Menemen,1+1,20.000 TL,20000
Torbalı,2+1,20.000 TL,20000
Buca,2+1,20.000 TL,20000
Menemen,2+1,20.000 TL,20000
Buca,1+1,20.000 TL,20000
Menemen,2+1,20.000 TL,20000
Karşıyaka,3+1,20.000 TL,20000
Karşıyaka,3+1,20.000 TL,20000
Bergama,3+1,20.000 TL,20000
Buca,2+1,20.000 TL,20000
Karşıyaka,2+1,20.000 TL,20000
Buca,2+1,20.000 TL,20000
Çiğli,1+1,20.000 TL,20000
Menemen,1+1,20.000 TL,20000
Karabağlar,3+1,20.000 TL,20000
Buca,1+1,20.000 TL,20000
Urla,2+1,20.000 TL,20000
Seferihisar,1+1,20.000 TL,20000
Menemen,1+1,20.000 TL,20000
Ödemiş,2+1,20.000 TL,20000
Buca,1+1,20.000 TL,20000
Konak,2+1,20.000 TL,20000
Bayındır,2+1,20.000 TL,20000
Bornova,2+1,20.000 TL,20000
Torbalı,2+1,20.000 TL,20000
Konak,3+1,20.000 TL,20000
Menemen,2+1,20.000 TL,20000
Torbalı,2+1,20.000 TL,20000
Çiğli,3+1,20.000 TL,20000
Ödemiş,Stüdyo (1+0),20.000 TL,20000
Buca,1+1,20.000 TL,20000
Menemen,1+1,20.000 TL,20000
Buca,2+1,20.000 TL,20000
Urla,1+1,20.000 TL,20000
Karabağlar,2+1,20.000 TL,20000
Bergama,2+1,20.000 TL,20000
Bayraklı,1+1,20.000 TL,20000
Çiğli,3+1,20.000 TL,20000
Bornova,2+1,20.000 TL,20000
Menemen,2+1,20.000 TL,20000
Buca,1+1,20.000 TL,20000
Buca,1+1,20.000 TL,20000
Bayraklı,2+1,20.000 TL,20000
Bayraklı,3+1,20.000 TL,20000
Karabağlar,2+1,20.000 TL,20000
Bornova,2+1,20.000 TL,20000
Menemen,2+1,20.000 TL,20000
Bergama,2+1,20.000 TL,20000
Torbalı,1+1,20.000 TL,20000
Buca,1+1,20.000 TL,20000
Buca,2+0,20.000 TL,20000
Bayraklı,2+1,20.000 TL,20000
Buca,2+1,20.000 TL,20000
Çiğli,1+1,20.000 TL,20000
Menemen,2+1,20.000 TL,20000
Bornova,3+1,20.000 TL,20000
Bayraklı,1+1,20.000 TL,20000
Buca,1+1,20.000 TL,20000
Ödemiş,2+1,20.000 TL,20000
Seferihisar,1+1,20.000 TL,20000
Bornova,2+1,20.000 TL,20000
Bornova,1+1,20.000 TL,20000
Karabağlar,3+1,20.000 TL,20000
Buca,1+1,20.000 TL,20000
Bergama,1+1,20.000 TL,20000
Buca,1+1,20.000 TL,20000
Bayraklı,Stüdyo (1+0),20.000 TL,20000
Aliağa,2+1,20.000 TL,20000
Karabağlar,2+1,20.000 TL,20000
Buca,1+1,20.000 TL,20000
Menemen,2+1,20.000 TL,20000
Bornova,Stüdyo (1+0),20.000 TL,20000
Menemen,2+1,20.000 TL,20000
Çiğli,Stüdyo (1+0),20.000 TL,20000
Bergama,2+1,20.000 TL,20000
Çiğli,1+1,20.000 TL,20000
Konak,2+1,20.000 TL,20000
Menemen,2+1,20.000 TL,20000
Karabağlar,2+1,20.000 TL,20000
Bornova,3+1,20.000 TL,20000
Torbalı,1+1,20.000 TL,20000
Buca,2+1,20.000 TL,20000
Bayraklı,2+1,20.000 TL,20000
Çiğli,1+1,20.000 TL,20000
Menemen,3+1,20.000 TL,20000
Konak,1+1,20.000 TL,20000
Torbalı,2+1,20.000 TL,20000
Selçuk,1+1,20.000 TL,20000
Konak,2+1,20.000 TL,20000
Bergama,3+1,20.000 TL,20000
Ödemiş,1+1,20.000 TL,20000
Tire,2+1,20.000 TL,20000
Menemen,3+1,20.000 TL,20000
Tire,2+1,20.000 TL,20000
Bornova,1+1,20.000 TL,20000
Bornova,2+1,20.000 TL,20000
Buca,1+1,20.000 TL,20000
Karabağlar,2+1,20.000 TL,20000
Buca,3+1,20.000 TL,20000
Menemen,2+1,20.000 TL,20000
Buca,1+1,20.000 TL,20000
Torbalı,2+1,20.000 TL,20000
Buca,1+1,20.000 TL,20000
Karabağlar,2+1,20.000 TL,20000
Bayraklı,3+1,20.000 TL,20000
Çiğli,1+1,20.000 TL,20000
Bergama,2+1,20.000 TL,20000
Buca,1+1,20.000 TL,20000
Bornova,3+1,20.000 TL,20000
Torbalı,2+1,20.000 TL,20000
Bayraklı,3+1,20.000 TL,20000
Torbalı,2+1,20.000 TL,20000
Çiğli,1+1,20.000 TL,20000
Menderes,2+1,20.000 TL,20000
Karabağlar,2+1,20.000 TL,20000
Aliağa,1+1,20.000 TL,20000
Bornova,3+1,20.000 TL,20000
Menemen,2+1,20.000 TL,20000
Menderes,2+1,20.000 TL,20000
Menemen,1+1,20.000 TL,20000
Buca,2+1,20.000 TL,20000
Gaziemir,1+1,20.000 TL,20000
Selçuk,2+1,20.000 TL,20000
Karabağlar,2+1,20.000 TL,20000
Menemen,1+1,20.000 TL,20000
Çiğli,3+1,20.000 TL,20000
Bornova,3+1,20.000 TL,20000
Seferihisar,1+1,20.000 TL,20000
Çiğli,1+1,20.000 TL,20000
Bayraklı,2+1,20.000 TL,20000
Buca,2+1,20.000 TL,20000
Bayraklı,2+1,20.000 TL,20000
Bayraklı,2+1,20.000 TL,20000
Buca,1+1,20.000 TL,20000
Karabağlar,2+1,20.000 TL,20000
Buca,1+1,20.000 TL,20000
Torbalı,2+1,20.000 TL,20000
Karabağlar,2+1,20.000 TL,20000
Menemen,1+1,20.000 TL,20000
Bergama,2+1,20.000 TL,20000
Buca,1+1,20.000 TL,20000
Selçuk,2+1,20.000 TL,20000
Buca,2+1,20.000 TL,20000
Buca,1+1,20.000 TL,20000
Buca,3+1,20.000 TL,20000
Çiğli,3+1,20.000 TL,20000
Bornova,2+1,20.000 TL,20000
Buca,1+1,20.000 TL,20000
Bornova,3+1,20.000 TL,20000
Menderes,2+1,20.000 TL,20000
Buca,2+1,20.000 TL,20000
Bornova,1+1,20.000 TL,20000
Karabağlar,2+1,20.000 TL,20000
Torbalı,2+1,20.000 TL,20000
Karabağlar,2+1,20.000 TL,20000
Bergama,2+1,20.000 TL,20000
Menemen,1+1,20.000 TL,20000
Karabağlar,1+1,20.000 TL,20000
Ödemiş,2+1,20.000 TL,20000
Karabağlar,3+1,20.000 TL,20000
Torbalı,2+1,20.000 TL,20000
Bayraklı,2+1,20.000 TL,20000
Bayraklı,2+1,20.000 TL,20000
Buca,1+1,20.000 TL,20000
Karabağlar,2+1,20.000 TL,20000
Buca,2+1,20.000 TL,20000
Buca,3+1,20.000 TL,20000
Bayraklı,2+1,20.000 TL,20000
Urla,Stüdyo (1+0),20.000 TL,20000
Kemalpaşa,2+1,20.000 TL,20000
Buca,1+1,20.000 TL,20000
Torbalı,1+1,20.000 TL,20000
Torbalı,3+1,20.000 TL,20000
Torbalı,2+1,20.000 TL,20000
Karabağlar,2+1,20.000 TL,20000
Bornova,1+1,20.000 TL,20000
Menemen,1+1,20.000 TL,20000
Karabağlar,2+1,20.000 TL,20000
Gaziemir,3+1,20.000 TL,20000
Torbalı,2+1,20.000 TL,20000
Torbalı,2+1,20.000 TL,20000
Menemen,1+1,20.000 TL,20000
Menemen,1+1,20.000 TL,20000
Buca,1+1,20.000 TL,20000
Karşıyaka,3+1,20.000 TL,20000
Bornova,3+1,20.000 TL,20000
Çiğli,2+1,20.000 TL,20000
Buca,2+1,20.000 TL,20000
Bayraklı,2+1,20.000 TL,20000
Karabağlar,1+1,20.000 TL,20000
Bornova,3+1,20.000 TL,20000
Menderes,2+1,20.000 TL,20000
Buca,2+1,20.000 TL,20000
Buca,1+1,20.000 TL,20000
Bayraklı,2+1,20.000 TL,20000
Karabağlar,2+1,20.000 TL,20000
Bergama,2+1,20.000 TL,20000
Bergama,3+1,20.000 TL,20000
Aliağa,1+1,20.250 TL,20250
Menemen,1+1,20.250 TL,20250
Buca,1+1,20.250 TL,20250
Çiğli,1+1,20.250 TL,20250
Torbalı,3+1,20.250 TL,20250
Çiğli,1+1,20.500 TL,20500
Torbalı,2+1,20.500 TL,20500
Çiğli,1+1,20.500 TL,20500
Bergama,2+1,20.500 TL,20500
Torbalı,2+1,20.500 TL,20500
Çiğli,3+1,20.500 TL,20500
Torbalı,2+1,20.500 TL,20500
Bornova,Stüdyo (1+0),20.500 TL,20500
Buca,1+1,20.500 TL,20500
Buca,2+1,20.500 TL,20500
Buca,1+1,20.500 TL,20500
Urla,1+1,20.500 TL,20500
Aliağa,1+1,20.500 TL,20500
Buca,2+1,20.500 TL,20500
Buca,1+1,20.500 TL,20500
Foça,2+1,20.500 TL,20500
Çiğli,1+1,20.500 TL,20500
Buca,1+1,20.500 TL,20500
Seferihisar,1+1,20.500 TL,20500
Menemen,1+1,20.500 TL,20500
Menderes,2+1,20.500 TL,20500
Buca,2+1,20.500 TL,20500
Torbalı,2+1,20.500 TL,20500
Buca,1+1,20.500 TL,20500
Çiğli,1+1,20.500 TL,20500
Seferihisar,1+1,20.500 TL,20500
Çiğli,1+1,20.500 TL,20500
Çiğli,2+1,20.500 TL,20500
Buca,1+1,20.500 TL,20500
Menemen,1+1,20.500 TL,20500
Bergama,2+1,20.500 TL,20500
Konak,1+1,20.500 TL,20500
Bergama,2+1,20.500 TL,20500
Çiğli,1+1,20.500 TL,20500
Bornova,1+1,20.500 TL,20500
Karabağlar,2+1,20.500 TL,20500
Çiğli,1+1,20.500 TL,20500
Torbalı,2+1,20.500 TL,20500
Buca,1+1,20.500 TL,20500
Çiğli,1+1,20.500 TL,20500
Buca,1+1,20.500 TL,20500
Çiğli,2+1,20.500 TL,20500
Ödemiş,3+1,20.500 TL,20500
Buca,2+1,20.500 TL,20500
Kemalpaşa,2+0,20.500 TL,20500
Menemen,2+1,20.500 TL,20500
Narlıdere,2+1,20.500 TL,20500
Çiğli,1+1,20.500 TL,20500
Çiğli,1+1,20.333 TL,20333
Menemen,2+1,20.500 TL,20500
Çiğli,1+1,20.500 TL,20500
Bornova,2+1,20.500 TL,20500
Buca,1+1,20.500 TL,20500
Çiğli,2+1,20.500 TL,20500
Buca,1+1,20.500 TL,20500
Bergama,2+1,20.500 TL,20500
Menemen,2+1,20.500 TL,20500
Torbalı,2+1,20.500 TL,20500
Narlıdere,2+1,20.500 TL,20500
Buca,1+1,20.500 TL,20500
Buca,1+1,20.500 TL,20500
Aliağa,1+1,20.500 TL,20500
Karabağlar,2+1,20.500 TL,20500
Çiğli,1+1,20.500 TL,20500
Çiğli,3+1,20.500 TL,20500
Torbalı,2+1,20.500 TL,20500
Menemen,1+1,20.500 TL,20500
Torbalı,2+1,20.500 TL,20500
Buca,1+1,20.500 TL,20500
Seferihisar,2+1,20.500 TL,20500
Seferihisar,1+1,20.500 TL,20500
Buca,1+1,20.500 TL,20500
Buca,1+1,20.500 TL,20500
Karabağlar,2+1,21.000 TL,21000
Bayraklı,1+1,21.000 TL,21000
Karabağlar,2+1,21.000 TL,21000
Torbalı,2+1,21.000 TL,21000
Çiğli,1+1,21.000 TL,21000
Karşıyaka,2+1,21.000 TL,21000
Menemen,2+1,21.000 TL,21000
Foça,1+1,21.000 TL,21000
Buca,1+1,21.000 TL,21000
Karabağlar,2+1,21.000 TL,21000
Buca,1+1,21.000 TL,21000
Karabağlar,3+1,21.000 TL,21000
Bornova,3+1,21.000 TL,21000
Menemen,4+1,21.000 TL,21000
Buca,1+1,21.000 TL,21000
Çiğli,1+1,21.000 TL,21000
Buca,3+1,21.000 TL,21000
Konak,2+1,21.000 TL,21000
Buca,3+1,21.000 TL,21000
Buca,2+1,21.000 TL,21000
Çiğli,1+1,21.000 TL,21000
Buca,1+1,21.000 TL,21000
Buca,2+1,21.000 TL,21000
Çiğli,2+1,21.000 TL,21000
Seferihisar,2+1,21.000 TL,21000
Gaziemir,2+1,21.000 TL,21000
Çiğli,1+1,21.000 TL,21000
Menemen,2+1,21.000 TL,21000
Çiğli,2+1,21.000 TL,21000
Buca,1+1,21.000 TL,21000
Çiğli,1+1,21.000 TL,21000
Bornova,2+1,21.000 TL,21000
Karşıyaka,2+1,21.000 TL,21000
Buca,2+0,21.000 TL,21000
Konak,1+1,21.000 TL,21000
Karabağlar,2+1,21.000 TL,21000
Buca,1+1,21.000 TL,21000
Buca,2+1,21.000 TL,21000
Menemen,2+1,21.000 TL,21000
Karabağlar,3+1,21.000 TL,21000
Çiğli,1+1,21.000 TL,21000
Bornova,3+1,21.000 TL,21000
Torbalı,2+1,21.000 TL,21000
Bergama,2+1,21.000 TL,21000
Karabağlar,2+1,21.000 TL,21000
Seferihisar,2+1,21.000 TL,21000
Torbalı,2+1,21.000 TL,21000
Çiğli,1+1,21.000 TL,21000
Bornova,3+1,21.000 TL,21000
Seferihisar,2+1,21.000 TL,21000
Menemen,3+1,21.000 TL,21000
Çiğli,2+0,21.000 TL,21000
Menemen,3+1,21.000 TL,21000
Menemen,3+1,21.000 TL,21000
Menemen,3+1,21.000 TL,21000
Buca,1+1,21.000 TL,21000
Torbalı,2+1,21.000 TL,21000
Bornova,2+1,21.000 TL,21000
Seferihisar,1+1,21.000 TL,21000
Bornova,3+1,21.000 TL,21000
Buca,2+1,21.000 TL,21000
Karabağlar,2+1,21.000 TL,21000
Konak,2+1,21.000 TL,21000
Bornova,2+1,21.000 TL,21000
Buca,1+1,21.000 TL,21000
Dikili,3+1,21.000 TL,21000
Buca,1+1,21.000 TL,21000
Foça,1+1,21.000 TL,21000
Konak,1+1,21.000 TL,21000
Çiğli,1+1,21.000 TL,21000
Karabağlar,3+1,21.000 TL,21000
Çiğli,2+1,21.000 TL,21000
Karabağlar,2+1,21.000 TL,21000
Buca,2+1,21.000 TL,21000
Buca,1+1,21.000 TL,21000
Karabağlar,2+1,21.000 TL,21000
Torbalı,3+1,21.000 TL,21000
Torbalı,2+1,21.000 TL,21000
Torbalı,3+1,21.000 TL,21000
Buca,Stüdyo (1+0),20.750 TL,20750
Karabağlar,1+1,21.000 TL,21000
Karşıyaka,2+1,21.000 TL,21000
Bayraklı,3+1,21.000 TL,21000
Bayraklı,2+1,21.000 TL,21000
Çiğli,1+1,21.000 TL,21000
Kemalpaşa,3+1,21.000 TL,21000
Çiğli,1+1,21.000 TL,21000
Buca,1+1,20.750 TL,20750
Buca,2+1,21.000 TL,21000
Buca,2+1,21.000 TL,21000
Çiğli,1+1,21.000 TL,21000
Çiğli,1+1,21.000 TL,21000
Gaziemir,2+1,21.000 TL,21000
Menderes,2+1,21.000 TL,21000
Menderes,2+0,21.000 TL,21000
Torbalı,2+1,21.000 TL,21000
Çiğli,1+1,21.000 TL,21000
Ödemiş,3+1,21.000 TL,21000
Karabağlar,3+1,21.000 TL,21000
Buca,1+1,21.000 TL,21000
Menemen,1+1,21.000 TL,21000
Seferihisar,2+1,21.000 TL,21000
Seferihisar,2+1,21.000 TL,21000
Aliağa,1+1,21.000 TL,21000
Karabağlar,1+1,21.000 TL,21000
Çiğli,1+1,21.000 TL,21000
Bornova,2+1,21.000 TL,21000
Buca,1+1,20.750 TL,20750
Bornova,1+1,21.000 TL,21000
Bornova,Stüdyo (1+0),21.000 TL,21000
Seferihisar,2+1,21.000 TL,21000
Seferihisar,1+1,21.000 TL,21000
Torbalı,2+1,21.000 TL,21000
Karabağlar,2+1,21.000 TL,21000
Buca,3+1,21.000 TL,21000
Buca,1+1,21.000 TL,21000
Menemen,3+1,21.000 TL,21000
Torbalı,2+1,21.000 TL,21000
Karabağlar,2+1,21.000 TL,21000
Bergama,2+1,21.000 TL,21000
Bayraklı,3+1,21.000 TL,21000
Torbalı,2+1,21.000 TL,21000
Karşıyaka,2+1,21.000 TL,21000
Buca,1+1,21.000 TL,21000
Ödemiş,1+1,21.000 TL,21000
Karabağlar,2+1,21.000 TL,21000
Menemen,2+1,21.000 TL,21000
Kemalpaşa,3+1,21.000 TL,21000
Bornova,3+1,21.000 TL,21000
Karabağlar,3+1,21.000 TL,21000
Menemen,3+1,21.000 TL,21000
Karabağlar,2+1,21.000 TL,21000
Güzelbahçe,1+1,21.000 TL,21000
Karabağlar,2+1,21.000 TL,21000
Bayraklı,2+1,21.000 TL,21000
Konak,2+1,21.000 TL,21000
Konak,2+1,21.000 TL,21000
Seferihisar,2+1,21.000 TL,21000
Torbalı,2+1,21.000 TL,21000
Torbalı,3+1,21.000 TL,21000
Buca,1+1,21.000 TL,21000
Bergama,2+1,21.000 TL,21000
Dikili,1+1,21.000 TL,21000
Bornova,2+1,21.000 TL,21000
Torbalı,2+1,21.000 TL,21000
Menemen,1+1,21.000 TL,21000
Buca,1+1,21.000 TL,21000
Buca,1+1,21.000 TL,21000
Buca,2+1,21.000 TL,21000
Buca,2+0,21.000 TL,21000
Buca,2+0,21.000 TL,21000
Seferihisar,2+1,21.000 TL,21000
Çiğli,1+1,21.000 TL,21000
Ödemiş,1+1,21.000 TL,21000
Torbalı,3+1,21.000 TL,21000
Torbalı,2+1,21.000 TL,21000
Buca,1+1,21.000 TL,21000
Buca,2+1,21.000 TL,21000
Konak,3+1,21.000 TL,21000
Çiğli,1+1,21.000 TL,21000
Ödemiş,2+1,21.000 TL,21000
Karabağlar,2+1,21.000 TL,21000
Torbalı,3+1,21.000 TL,21000
Karabağlar,3+1,21.000 TL,21000
Buca,2+1,21.000 TL,21000
Torbalı,3+1,21.000 TL,21000
Menemen,2+1,21.000 TL,21000
Buca,1+1,21.000 TL,21000
Karabağlar,2+1,21.000 TL,21000
Menemen,1+1,21.000 TL,21000
Buca,3+1,21.000 TL,21000
Torbalı,3+1,21.000 TL,21000
Bayraklı,3+1,21.000 TL,21000
Ödemiş,2+1,21.000 TL,21000
Menemen,2+1,21.000 TL,21000
Aliağa,3+1,21.000 TL,21000
Çiğli,1+1,21.000 TL,21000
Çiğli,2+1,21.000 TL,21000
Torbalı,3+1,21.000 TL,21000
Menderes,3+1,21.000 TL,21000
Çiğli,2+1,21.000 TL,21000
Çiğli,3+1,21.000 TL,21000
Buca,1+1,21.000 TL,21000
Torbalı,1+1,21.000 TL,21000
Bornova,Stüdyo (1+0),21.000 TL,21000
Buca,1+1,21.000 TL,21000
Bergama,3+1,21.000 TL,21000
Bornova,2+1,21.000 TL,21000
Torbalı,3+1,21.000 TL,21000
Aliağa,2+1,21.000 TL,21000
Torbalı,3+1,21.000 TL,21000
Buca,2+1,21.000 TL,21000
Buca,1+1,21.000 TL,21000
Bayraklı,3+1,21.000 TL,21000
Buca,2+1,21.000 TL,21000
Konak,2+1,21.000 TL,21000
Torbalı,3+1,21.000 TL,21000
Menemen,2+1,21.000 TL,21000
Menemen,2+1,21.000 TL,21000
Bergama,2+1,21.000 TL,21000
Bayraklı,2+1,21.000 TL,21000
Buca,1+1,21.000 TL,21000
Çiğli,1+1,21.000 TL,21000
Ödemiş,3+1,21.000 TL,21000
Menemen,3+1,21.000 TL,21000
Gaziemir,2+1,21.000 TL,21000
Torbalı,1+1,21.000 TL,21000
Kemalpaşa,1+1,21.000 TL,21000
Aliağa,3+1,21.000 TL,21000
Seferihisar,1+1,21.000 TL,21000
Bornova,2+1,21.000 TL,21000
Çiğli,1+1,21.000 TL,21000
Buca,3+1,21.000 TL,21000
Seferihisar,2+1,21.000 TL,21000
Menderes,2+1,21.000 TL,21000
Buca,1+1,21.000 TL,21000
Bayraklı,2+1,21.000 TL,21000
Bornova,1+1,21.000 TL,21000
Torbalı,1+1,21.000 TL,21000
Torbalı,3+1,21.000 TL,21000
Menemen,2+0,21.000 TL,21000
Bornova,1+1,21.000 TL,21000
Torbalı,2+1,21.000 TL,21000
Bergama,3+1,21.000 TL,21000
Tire,3+1,21.000 TL,21000
Buca,2+1,21.000 TL,21000
Torbalı,3+1,21.000 TL,21000
Çiğli,1+1,21.000 TL,21000
Menemen,2+1,21.000 TL,21000
Bornova,Stüdyo (1+0),21.000 TL,21000
Çiğli,1+1,21.000 TL,21000
Balçova,2+1,21.000 TL,21000
Buca,1+1,21.000 TL,21000
Karabağlar,1+1,21.000 TL,21000
Torbalı,2+1,21.000 TL,21000
Karabağlar,2+1,21.000 TL,21000
Menderes,2+1,21.000 TL,21000
Karabağlar,3+1,21.000 TL,21000
Buca,1+1,21.000 TL,21000
Karabağlar,2+1,21.000 TL,21000
Buca,1+1,21.000 TL,21000
Karşıyaka,3+1,21.000 TL,21000
Buca,1+1,21.000 TL,21000
Bergama,2+1,21.000 TL,21000
Karabağlar,2+1,21.000 TL,21000
Torbalı,1+1,21.000 TL,21000
Karşıyaka,3+1,21.000 TL,21000
Buca,1+1,21.000 TL,21000
Bayraklı,1+1,21.000 TL,21000
Karabağlar,2+1,21.000 TL,21000
Bayraklı,1+1,21.000 TL,21000
Buca,1+1,21.000 TL,21000
Karabağlar,2+1,21.000 TL,21000
Gaziemir,3+1,21.000 TL,21000
Buca,1+1,21.000 TL,21000
Buca,1+1,21.000 TL,21000
Foça,1+1,21.000 TL,21000
Torbalı,2+1,21.000 TL,21000
Buca,2+1,21.000 TL,21000
Ödemiş,2+1,21.000 TL,21000
Konak,1+1,21.000 TL,21000
Menemen,2+1,21.000 TL,21000
Menemen,2+1,21.000 TL,21000
Karşıyaka,2+1,21.000 TL,21000
Buca,2+1,21.000 TL,21000
Menemen,2+1,21.000 TL,21000
Çiğli,2+1,21.000 TL,21000
Buca,1+1,21.000 TL,21000
Buca,1+1,21.000 TL,21000
Menemen,1+1,21.000 TL,21000
Buca,2+1,21.000 TL,21000
Ödemiş,3+1,21.000 TL,21000
Menemen,2+1,21.000 TL,21000
Bornova,2+1,21.000 TL,21000
Menemen,1+1,21.000 TL,21000
Torbalı,3+1,21.000 TL,21000
Buca,1+1,21.000 TL,21000
Buca,1+1,21.000 TL,21000
Karabağlar,2+1,21.000 TL,21000
Menemen,3+1,21.000 TL,21000
Buca,2+1,21.000 TL,21000
Konak,2+1,21.000 TL,21000
Karşıyaka,1+1,21.000 TL,21000
Karşıyaka,2+1,21.000 TL,21000
Çiğli,2+1,21.000 TL,21000
Buca,1+1,21.000 TL,21000
Menemen,2+1,21.000 TL,21000
Torbalı,2+1,21.000 TL,21000
Seferihisar,2+1,21.000 TL,21000
Buca,2+1,21.000 TL,21000
Bornova,3+1,21.000 TL,21000
Torbalı,2+1,21.000 TL,21000
Tire,1+1,21.000 TL,21000
Çiğli,3+1,21.000 TL,21000
Çiğli,1+1,21.000 TL,21000
Buca,1+1,21.000 TL,21000
Çiğli,2+1,21.000 TL,21000
Karşıyaka,1+1,21.000 TL,21000
Bayraklı,2+1,21.000 TL,21000
Çiğli,1+1,21.000 TL,21000
Çiğli,1+1,21.000 TL,21000
Seferihisar,2+1,21.000 TL,21000
Karabağlar,2+1,21.000 TL,21000
Buca,2+1,21.000 TL,21000
Torbalı,2+1,21.000 TL,21000
Bornova,2+1,21.000 TL,21000
Buca,2+1,21.000 TL,21000
Torbalı,3+1,21.000 TL,21000
Bergama,2+1,21.000 TL,21000
Buca,1+1,21.000 TL,21000
Menemen,2+1,21.000 TL,21000
Karabağlar,2+1,21.000 TL,21000
Çiğli,2+1,21.000 TL,21000
Torbalı,3+1,21.000 TL,21000
Menemen,3+1,21.000 TL,21000
Karabağlar,2+1,21.000 TL,21000
Balçova,Stüdyo (1+0),21.000 TL,21000
Menemen,3+1,21.000 TL,21000
Torbalı,3+1,21.000 TL,21000
Bornova,Stüdyo (1+0),21.000 TL,21000
Buca,1+1,21.000 TL,21000
Buca,2+1,21.000 TL,21000
Menemen,2+1,21.000 TL,21000
Konak,2+1,21.000 TL,21000
Buca,1+1,21.000 TL,21000
Buca,1+1,21.000 TL,21000
Karabağlar,2+1,21.000 TL,21000
Bayraklı,2+1,21.000 TL,21000
Torbalı,3+1,21.000 TL,21000
Çiğli,1+1,21.000 TL,21000
Buca,1+1,21.000 TL,21000
Çiğli,1+1,21.000 TL,21000
Buca,1+1,21.000 TL,21000
Tire,4+1,21.000 TL,21000
Buca,1+1,21.000 TL,21000
Buca,1+1,21.000 TL,21000
Buca,2+1,21.000 TL,21000
Karşıyaka,2+1,21.000 TL,21000
Karşıyaka,2+1,21.000 TL,21000
Seferihisar,1+1,21.000 TL,21000
Çiğli,1+1,21.000 TL,21000
Gaziemir,2+1,21.000 TL,21000
Selçuk,1+1,21.000 TL,21000
Menemen,2+0,21.000 TL,21000
Buca,2+1,21.000 TL,21000
Karabağlar,2+1,21.000 TL,21000
Buca,1+1,21.000 TL,21000
Çiğli,2+1,21.000 TL,21000
Buca,2+1,21.000 TL,21000
Karabağlar,2+1,21.000 TL,21000
Çiğli,2+1,21.000 TL,21000
Buca,1+1,21.000 TL,21000
Buca,1+1,21.000 TL,21000
Bayraklı,2+1,21.000 TL,21000
Menemen,2+1,21.000 TL,21000
Karabağlar,2+1,21.000 TL,21000
Bayraklı,2+1,21.000 TL,21000
Çiğli,1+1,21.000 TL,21000
Seferihisar,2+1,21.000 TL,21000
Buca,1+1,21.000 TL,21000
Tire,2+1,21.000 TL,21000
Menderes,3+1,21.000 TL,21000
Torbalı,2+1,20.950 TL,20950
Seferihisar,2+1,21.000 TL,21000
Gaziemir,2+1,21.000 TL,21000
Buca,1+1,21.000 TL,21000
Seferihisar,2+1,21.000 TL,21000
Buca,1+1,21.000 TL,21000
Torbalı,2+1,21.000 TL,21000
Menemen,2+1,21.000 TL,21000
Menemen,2+1,21.000 TL,21000
Torbalı,2+1,21.000 TL,21000
Bornova,Stüdyo (1+0),21.000 TL,21000
Konak,1+1,21.000 TL,21000
Karabağlar,3+1,21.000 TL,21000
Buca,1+1,21.000 TL,21000
Menemen,1+1,21.000 TL,21000
Menemen,2+1,21.000 TL,21000
Foça,1+1,21.000 TL,21000
Menderes,3+1,21.000 TL,21000
Karşıyaka,2+1,21.000 TL,21000
Karabağlar,3+1,22.000 TL,22000
Karabağlar,2+1,22.000 TL,22000
Karabağlar,2+1,22.000 TL,22000
Bornova,1+1,22.000 TL,22000
Menemen,2+1,21.500 TL,21500
Bayraklı,2+1,22.000 TL,22000
Buca,2+1,22.000 TL,22000
Karabağlar,2+1,22.000 TL,22000
Konak,2+1,22.000 TL,22000
Buca,1+1,22.000 TL,22000
Buca,1+1,22.000 TL,22000
Buca,1+1,22.000 TL,22000
Bornova,2+1,22.000 TL,22000
Karabağlar,2+1,22.000 TL,22000
Buca,3+1,22.000 TL,22000
Buca,1+1,22.000 TL,22000
Karabağlar,2+1,22.000 TL,22000
Karabağlar,3+1,22.000 TL,22000
Torbalı,1+1,22.000 TL,22000
Torbalı,1+1,22.000 TL,22000
Foça,2+1,22.000 TL,22000
Bergama,2+1,22.000 TL,22000
Buca,2+1,22.000 TL,22000
Menemen,2+1,22.000 TL,22000
Karabağlar,2+1,22.000 TL,22000
Menemen,3+1,22.000 TL,22000
Menemen,1+1,22.000 TL,22000
Buca,1+1,22.000 TL,22000
Menemen,3+1,22.000 TL,22000
Buca,1+1,22.000 TL,22000
Buca,2+1,22.000 TL,22000
Menemen,2+1,22.000 TL,22000
Buca,1+1,22.000 TL,22000
Torbalı,3+1,22.000 TL,22000
Menemen,1+1,22.000 TL,22000
Buca,2+1,22.000 TL,22000
Buca,2+1,22.000 TL,22000
Buca,3+1,22.000 TL,22000
Çiğli,2+1,22.000 TL,22000
Bergama,4+1,21.500 TL,21500
Buca,2+1,21.500 TL,21500
Buca,3+1,22.000 TL,22000
Karabağlar,2+1,22.000 TL,22000
Konak,3+1,22.000 TL,22000
Buca,2+1,22.000 TL,22000
Torbalı,3+1,22.000 TL,22000
Buca,2+1,22.000 TL,22000
Karabağlar,1+1,22.000 TL,22000
Menemen,2+1,21.500 TL,21500
Torbalı,2+1,22.000 TL,22000
Çiğli,3+1,22.000 TL,22000
Torbalı,2+1,22.000 TL,22000
Seferihisar,1+1,21.500 TL,21500
Buca,1+1,22.000 TL,22000
Menemen,2+1,22.000 TL,22000
Aliağa,2+1,22.000 TL,22000
Buca,2+1,22.000 TL,22000
Çiğli,2+1,22.000 TL,22000
Konak,3+1,22.000 TL,22000
Çiğli,1+1,21.500 TL,21500
Buca,1+1,22.000 TL,22000
Torbalı,2+1,22.000 TL,22000
Torbalı,2+1,22.000 TL,22000
Menderes,2+1,22.000 TL,22000
Menemen,1+1,22.000 TL,22000
Buca,1+1,22.000 TL,22000
Foça,3+1,22.250 TL,22250
Karabağlar,3+1,21.500 TL,21500
Buca,2+1,22.000 TL,22000
Bornova,2+1,22.000 TL,22000
Menemen,2+1,22.000 TL,22000
Konak,1+1,22.000 TL,22000
Menemen,1+1,22.000 TL,22000
Buca,2+1,22.000 TL,22000
Buca,1+1,22.000 TL,22000
Torbalı,2+1,22.000 TL,22000
Foça,1+1,21.500 TL,21500
Buca,1+1,22.000 TL,22000
Torbalı,1+1,22.000 TL,22000
Torbalı,2+1,21.500 TL,21500
Seferihisar,2+1,22.000 TL,22000
Çiğli,1+1,22.000 TL,22000
Bornova,2+1,22.000 TL,22000
Selçuk,2+1,22.000 TL,22000
Menderes,2+1,22.000 TL,22000
Bayraklı,2+1,21.750 TL,21750
Menemen,2+1,22.000 TL,22000
Karşıyaka,2+1,22.000 TL,22000
Seferihisar,2+1,22.000 TL,22000
Seferihisar,2+1,22.000 TL,22000
Karabağlar,2+1,22.000 TL,22000
Gaziemir,3+1,22.000 TL,22000
Karşıyaka,1+1,22.000 TL,22000
Menemen,2+1,22.000 TL,22000
Karabağlar,1+1,22.000 TL,22000
Çiğli,1+1,22.000 TL,22000
Bayraklı,2+1,22.000 TL,22000
Buca,1+1,21.500 TL,21500
Torbalı,2+1,22.000 TL,22000
Bayraklı,2+1,21.500 TL,21500
Torbalı,2+1,21.500 TL,21500
Çiğli,2+1,22.000 TL,22000
Foça,2+1,22.000 TL,22000
Karabağlar,2+1,22.000 TL,22000
Menemen,1+1,22.000 TL,22000
Menemen,1+1,21.750 TL,21750
Buca,1+1,22.000 TL,22000
Karabağlar,2+1,22.000 TL,22000
Ödemiş,2+1,22.000 TL,22000
Bornova,2+1,22.000 TL,22000
Buca,2+1,22.000 TL,22000
Ödemiş,3+1,22.000 TL,22000
Buca,2+1,22.000 TL,22000
Karabağlar,2+1,22.000 TL,22000
Torbalı,3+1,22.000 TL,22000
Torbalı,2+1,21.500 TL,21500
Çeşme,2+1,22.000 TL,22000
Konak,2+1,22.000 TL,22000
Seferihisar,1+1,22.250 TL,22250
Bergama,1+1,22.000 TL,22000
Bornova,1+1,22.000 TL,22000
Buca,1+1,22.000 TL,22000
Bayraklı,1+1,22.000 TL,22000
Karabağlar,3+1,22.000 TL,22000
Bornova,2+1,21.500 TL,21500
Buca,2+1,22.000 TL,22000
Menderes,2+1,22.000 TL,22000
Bornova,2+1,22.000 TL,22000
Bayraklı,2+1,22.000 TL,22000
Karabağlar,3+1,22.000 TL,22000
Buca,3+1,22.000 TL,22000
Menemen,2+1,22.000 TL,22000
Aliağa,1+1,22.000 TL,22000
Konak,2+1,22.000 TL,22000
Buca,2+1,22.000 TL,22000
Urla,Stüdyo (1+0),22.250 TL,22250
Torbalı,2+0,21.500 TL,21500
Menemen,2+1,22.000 TL,22000
Seferihisar,2+1,22.000 TL,22000
Çiğli,1+1,22.000 TL,22000
Buca,1+1,22.000 TL,22000
Gaziemir,2+1,22.000 TL,22000
Menemen,3+1,22.000 TL,22000
Gaziemir,3+1,22.000 TL,22000
Torbalı,3+1,22.000 TL,22000
Çiğli,1+1,22.000 TL,22000
Bornova,2+1,22.000 TL,22000
Bornova,Stüdyo (1+0),22.000 TL,22000
Torbalı,3+1,22.000 TL,22000
Buca,1+1,21.500 TL,21500
Karabağlar,2+1,22.000 TL,22000
Buca,1+1,22.000 TL,22000
Seferihisar,1+1,22.000 TL,22000
Buca,2+1,22.000 TL,22000
Buca,2+1,22.000 TL,22000
Buca,2+1,22.000 TL,22000
Bergama,3+1,22.000 TL,22000
Menemen,2+1,22.000 TL,22000
Bergama,2+1,22.000 TL,22000
Foça,1+1,22.000 TL,22000
Seferihisar,2+1,22.000 TL,22000
Karabağlar,2+1,22.000 TL,22000
Bayraklı,2+1,21.750 TL,21750
Çiğli,1+1,22.000 TL,22000
Buca,2+1,22.000 TL,22000
Gaziemir,2+1,22.000 TL,22000
Bayraklı,2+1,22.000 TL,22000
Ödemiş,2+1,22.000 TL,22000
Bornova,2.5+1,22.000 TL,22000
Bergama,3+1,22.000 TL,22000
Menemen,1+1,22.000 TL,22000
Karabağlar,3+1,22.000 TL,22000
Çiğli,1+1,22.000 TL,22000
Karabağlar,3+1,22.000 TL,22000
Karabağlar,3+1,22.000 TL,22000
Karabağlar,2+1,22.000 TL,22000
Urla,1+1,22.000 TL,22000
Ödemiş,3+1,22.000 TL,22000
Buca,1+1,22.000 TL,22000
Torbalı,3+1,22.000 TL,22000
Buca,1+1,22.000 TL,22000
Karşıyaka,1+1,22.000 TL,22000
Buca,2+1,22.000 TL,22000
Seferihisar,2+1,21.250 TL,21250
Buca,2+1,22.000 TL,22000
Seferihisar,2+1,22.000 TL,22000
Buca,2+1,22.000 TL,22000
Çiğli,2+1,22.000 TL,22000
Aliağa,3+1,22.000 TL,22000
Seferihisar,2+1,22.000 TL,22000
Seferihisar,1+1,22.000 TL,22000
Bornova,1+1,22.000 TL,22000
Karabağlar,2+1,22.000 TL,22000
Seferihisar,2+1,22.000 TL,22000
Karşıyaka,3+1,22.000 TL,22000
Gaziemir,2+1,22.000 TL,22000
Ödemiş,3+1,22.000 TL,22000
Buca,1+1,22.000 TL,22000
Buca,2+1,22.000 TL,22000
Karabağlar,3+1,22.000 TL,22000
Buca,1+1,22.000 TL,22000
Çiğli,1+1,22.000 TL,22000
Torbalı,2+1,22.000 TL,22000
Bayraklı,3+1,22.000 TL,22000
Karabağlar,2+1,22.000 TL,22000
Karabağlar,1+1,21.500 TL,21500
Buca,1+1,22.000 TL,22000
Menemen,3+1,21.500 TL,21500
Çiğli,2+1,22.000 TL,22000
Bornova,2+1,22.000 TL,22000
Karabağlar,3+1,22.000 TL,22000
Bayraklı,2+1,22.000 TL,22000
Çiğli,2+1,22.000 TL,22000
Bayraklı,1+1,22.000 TL,22000
Seferihisar,2+1,22.000 TL,22000
Buca,1+1,22.000 TL,22000
Karabağlar,3+1,22.000 TL,22000
Bornova,2+1,22.000 TL,22000
Torbalı,2+1,22.000 TL,22000
Buca,2+1,22.000 TL,22000
Karabağlar,3+1,22.000 TL,22000
Bergama,2+1,22.000 TL,22000
Torbalı,3+1,22.000 TL,22000
Buca,2+1,21.500 TL,21500
Karabağlar,1+1,21.500 TL,21500
Selçuk,1+1,22.000 TL,22000
Çiğli,1+1,21.500 TL,21500
Menemen,2+1,21.500 TL,21500
Buca,2+1,22.000 TL,22000
Seferihisar,2+1,22.000 TL,22000
Seferihisar,1+1,22.000 TL,22000
Buca,2+1,22.000 TL,22000
Bornova,2+1,22.000 TL,22000
Bornova,2+1,22.000 TL,22000
Buca,1+1,22.000 TL,22000
Gaziemir,3+1,22.000 TL,22000
Seferihisar,2+1,21.500 TL,21500
Çiğli,3+1,22.000 TL,22000
Çiğli,3+1,22.000 TL,22000
Buca,1+1,22.000 TL,22000
Karabağlar,3+1,22.000 TL,22000
Menemen,3+1,22.000 TL,22000
Çiğli,1+1,22.000 TL,22000
Menemen,1+1,22.000 TL,22000
Menemen,2+1,22.000 TL,22000
Menemen,3+1,21.250 TL,21250
Karşıyaka,2+1,22.000 TL,22000
Karabağlar,2+1,22.000 TL,22000
Torbalı,2+1,22.000 TL,22000
Buca,1+1,21.500 TL,21500
Bergama,3+1,22.000 TL,22000
Ödemiş,3+1,22.000 TL,22000
Gaziemir,3+1,22.000 TL,22000
Menemen,2+1,22.000 TL,22000
Gaziemir,1+1,22.000 TL,22000
Buca,1+1,22.000 TL,22000
Buca,3+1,22.000 TL,22000
Foça,2+1,22.000 TL,22000
Buca,2+1,22.000 TL,22000
Buca,1+1,22.000 TL,22000
Bergama,2+1,22.000 TL,22000
Konak,1+1,22.000 TL,22000
Buca,2+1,22.000 TL,22000
Torbalı,2+1,22.000 TL,22000
Torbalı,2+1,22.000 TL,22000
Güzelbahçe,Stüdyo (1+0),22.000 TL,22000
Bornova,2+1,22.000 TL,22000
Buca,2+1,22.000 TL,22000
Buca,2+1,22.000 TL,22000
Karabağlar,2+1,22.000 TL,22000
Seferihisar,2+1,22.000 TL,22000
Ödemiş,2+1,21.500 TL,21500
Bayraklı,2+1,21.500 TL,21500
Çiğli,1+1,21.500 TL,21500
Bornova,3+1,22.000 TL,22000
Buca,3+1,22.000 TL,22000
Karabağlar,2+1,22.000 TL,22000
Buca,2+1,22.000 TL,22000
Buca,1+1,22.000 TL,22000
Bayraklı,2+1,22.000 TL,22000
Buca,1+1,22.000 TL,22000
Buca,3+1,22.000 TL,22000
Bornova,1+1,22.000 TL,22000
Seferihisar,1+1,22.000 TL,22000
Seferihisar,3+1,22.000 TL,22000
Torbalı,2+1,22.000 TL,22000
Menemen,2+1,22.000 TL,22000
Buca,1+1,22.000 TL,22000
Buca,2+1,22.000 TL,22000
Buca,3+1,22.000 TL,22000
Buca,2+1,22.000 TL,22000
Seferihisar,3+1,22.000 TL,22000
Menemen,2+1,22.000 TL,22000
Menderes,2+1,22.000 TL,22000
Çiğli,1+1,22.000 TL,22000
Çiğli,2+1,22.000 TL,22000
Buca,1+1,22.000 TL,22000
Karabağlar,2+1,22.000 TL,22000
Buca,3+1,21.500 TL,21500
Seferihisar,2+1,22.000 TL,22000
Konak,1+1,22.000 TL,22000
Buca,1+1,22.000 TL,22000
Çiğli,1+1,22.000 TL,22000
Foça,2+1,22.000 TL,22000
Buca,2+1,22.000 TL,22000
Menemen,1+1,22.000 TL,22000
Bornova,2+1,22.000 TL,22000
Torbalı,2+1,22.000 TL,22000
Seferihisar,1+1,22.000 TL,22000
Buca,3+1,22.000 TL,22000
Torbalı,2+1,22.000 TL,22000
Menemen,1+1,22.000 TL,22000
Çiğli,3+1,22.000 TL,22000
Torbalı,3+1,21.500 TL,21500
Menderes,1+1,22.000 TL,22000
Buca,1+1,22.000 TL,22000
Ödemiş,3+1,22.000 TL,22000
Çiğli,1+1,22.000 TL,22000
Konak,2+1,22.000 TL,22000
Buca,2+1,22.000 TL,22000
Menemen,1+1,22.000 TL,22000
Buca,3+1,21.500 TL,21500
Buca,1+1,22.000 TL,22000
Konak,Stüdyo (1+0),22.000 TL,22000
Karabağlar,2+1,22.000 TL,22000
Karabağlar,2+1,22.000 TL,22000
Buca,3+1,22.000 TL,22000
Gaziemir,2+1,22.000 TL,22000
Buca,2+1,22.000 TL,22000
Menemen,2+1,22.000 TL,22000
Karabağlar,2+1,22.000 TL,22000
Buca,2+1,22.000 TL,22000
Konak,2+1,22.000 TL,22000
Seferihisar,1+1,22.000 TL,22000
Torbalı,2+1,22.000 TL,22000
Buca,1+1,22.000 TL,22000
Menemen,3+1,22.000 TL,22000
Buca,1+1,22.000 TL,22000
Çiğli,1+1,22.000 TL,22000
Bayraklı,2+1,22.000 TL,22000
Buca,2+1,22.250 TL,22250
Konak,1+1,22.000 TL,22000
Bayraklı,2+1,22.000 TL,22000
Buca,2+1,22.000 TL,22000
Bornova,3+1,22.000 TL,22000
Çiğli,2+1,22.000 TL,22000
Bayraklı,2+1,22.000 TL,22000
Menemen,3+1,22.000 TL,22000
Menemen,2+1,22.000 TL,22000
Buca,2+1,22.000 TL,22000
Konak,1+1,21.500 TL,21500
Çiğli,1+1,22.000 TL,22000
Buca,1+1,21.500 TL,21500
Çiğli,1+1,22.000 TL,22000
Seferihisar,2+1,22.000 TL,22000
Seferihisar,1+1,22.000 TL,22000
Buca,3+1,22.000 TL,22000
Çiğli,1+1,21.500 TL,21500
Çiğli,3+1,22.000 TL,22000
Torbalı,3+1,22.000 TL,22000
Karabağlar,2+1,22.000 TL,22000
Gaziemir,2+1,22.000 TL,22000
Konak,2+1,22.000 TL,22000
Bergama,2+1,21.500 TL,21500
Buca,1+1,21.500 TL,21500
Karabağlar,2+1,22.000 TL,22000
Buca,1+1,22.000 TL,22000
Menemen,2+1,22.000 TL,22000
Menderes,3+1,22.000 TL,22000
Menemen,1+1,22.000 TL,22000
Çiğli,2+1,22.000 TL,22000
Çiğli,1+1,22.000 TL,22000
Torbalı,2+1,22.000 TL,22000
Torbalı,2+1,22.000 TL,22000
Buca,1+1,22.000 TL,22000
Torbalı,1+1,22.000 TL,22000
Karşıyaka,2+1,22.000 TL,22000
Torbalı,2+1,22.000 TL,22000
Aliağa,2+1,21.500 TL,21500
Menemen,1+1,22.000 TL,22000
Kemalpaşa,3+1,22.000 TL,22000
Torbalı,2+1,22.000 TL,22000
Bayraklı,3+1,22.000 TL,22000
Buca,1+1,22.000 TL,22000
Aliağa,1+1,22.000 TL,22000
Bornova,3+1,22.000 TL,22000
Buca,2+1,22.000 TL,22000
Menemen,2+1,22.000 TL,22000
Torbalı,4+1,21.500 TL,21500
Karabağlar,2+1,22.000 TL,22000
Karabağlar,3+1,22.000 TL,22000
Buca,2+1,22.000 TL,22000
Çiğli,1+1,22.000 TL,22000
Karabağlar,1+1,22.000 TL,22000
Bayraklı,1+1,21.500 TL,21500
Karabağlar,2+1,22.000 TL,22000
Buca,1+1,22.000 TL,22000
Buca,1+1,22.000 TL,22000
Konak,1+1,22.000 TL,22000
Çiğli,1+1,22.000 TL,22000
Menemen,2+1,21.500 TL,21500
Menemen,3+1,22.000 TL,22000
Ödemiş,2+1,22.000 TL,22000
Buca,2+1,22.000 TL,22000
Buca,1+1,22.000 TL,22000
Torbalı,3+1,22.000 TL,22000
Bornova,3+1,22.000 TL,22000
Tire,3+1,21.500 TL,21500
Menemen,1+1,22.000 TL,22000
Buca,2+1,22.000 TL,22000
Konak,2+1,22.000 TL,22000
Menemen,1+1,22.000 TL,22000
Buca,1+1,22.000 TL,22000
Menderes,2+1,22.000 TL,22000
Buca,1+1,22.000 TL,22000
Bornova,3+1,22.000 TL,22000
Çiğli,2+1,22.000 TL,22000
Menemen,3+1,21.500 TL,21500
Bayraklı,2+1,22.000 TL,22000
Konak,2+1,22.000 TL,22000
Buca,1+1,21.500 TL,21500
Bornova,3+1,22.000 TL,22000
Buca,2+0,22.000 TL,22000
Buca,1+1,22.000 TL,22000
Aliağa,2+1,22.000 TL,22000
Ödemiş,1+1,22.000 TL,22000
Bergama,2+1,21.500 TL,21500
Bornova,2+1,22.000 TL,22000
Karabağlar,2+1,21.500 TL,21500
Ödemiş,2+1,22.000 TL,22000
Çiğli,1+1,22.000 TL,22000
Torbalı,2+1,22.000 TL,22000
Seferihisar,2+1,22.000 TL,22000
Karşıyaka,3+1,22.000 TL,22000
Torbalı,3+1,22.000 TL,22000
Menemen,3+1,21.900 TL,21900
Çiğli,1+1,22.000 TL,22000
Çiğli,1+1,22.000 TL,22000
Çiğli,1+1,21.500 TL,21500
Buca,2+1,22.000 TL,22000
Buca,2+1,22.000 TL,22000
Çiğli,1+1,22.000 TL,22000
Buca,1+1,22.000 TL,22000
Çiğli,1+1,21.500 TL,21500
Karabağlar,2+1,22.000 TL,22000
Çiğli,3+1,22.000 TL,22000
Menemen,2+1,21.500 TL,21500
Bergama,3+1,22.000 TL,22000
Çiğli,3+1,22.000 TL,22000
Buca,3+1,22.000 TL,22000
Konak,1+1,22.000 TL,22000
Torbalı,3+1,22.000 TL,22000
Menemen,2+1,22.000 TL,22000
Buca,3+1,22.000 TL,22000
Konak,3+1,22.000 TL,22000
Menemen,2+1,22.000 TL,22000
Menemen,1+1,22.000 TL,22000
Buca,3+1,22.000 TL,22000
Menemen,2+1,22.000 TL,22000
Çiğli,1+1,22.000 TL,22000
Bergama,3+1,22.000 TL,22000
Bayraklı,2+1,22.000 TL,22000
Buca,1+1,22.000 TL,22000
Buca,2+1,22.000 TL,22000
Menderes,1+1,22.000 TL,22000
Konak,2+1,22.000 TL,22000
Menemen,3+1,22.000 TL,22000
Buca,1+1,22.000 TL,22000
Buca,2+1,22.000 TL,22000
Buca,1+1,21.500 TL,21500
Menemen,2+1,21.500 TL,21500
Çeşme,1+1,22.000 TL,22000
Karabağlar,3+1,22.000 TL,22000
Konak,2+1,21.500 TL,21500
Menemen,3+1,22.000 TL,22000
Karaburun,2+1,22.000 TL,22000
Bornova,3+1,22.000 TL,22000
Torbalı,2+1,22.000 TL,22000
Torbalı,2+1,22.000 TL,22000
Karşıyaka,1+1,22.000 TL,22000
Bergama,2+1,22.000 TL,22000
Buca,2+1,22.000 TL,22000
Torbalı,2+1,22.000 TL,22000
Karabağlar,2+1,22.000 TL,22000
Karabağlar,2+1,22.000 TL,22000
Karşıyaka,2+1,22.000 TL,22000
Karşıyaka,3+1,22.000 TL,22000
Torbalı,2+1,22.000 TL,22000
Torbalı,3+1,22.000 TL,22000
Bornova,3+1,22.000 TL,22000
Bayraklı,2+1,22.000 TL,22000
Torbalı,3+1,22.000 TL,22000
Bayraklı,2+1,22.000 TL,22000
Seferihisar,2+1,21.750 TL,21750
Bornova,2+1,22.000 TL,22000
Tire,3+1,22.000 TL,22000
Bornova,Stüdyo (1+0),22.000 TL,22000
Kemalpaşa,2+1,22.000 TL,22000
Buca,2+1,22.000 TL,22000
Kemalpaşa,1+1,22.000 TL,22000
Bornova,1+1,22.000 TL,22000
Çiğli,1+1,22.000 TL,22000
Menemen,3+1,22.000 TL,22000
Aliağa,2+1,22.000 TL,22000
Bornova,2+1,22.000 TL,22000
Seferihisar,1+1,21.750 TL,21750
Buca,2+1,22.000 TL,22000
Konak,1+1,22.000 TL,22000
Kemalpaşa,3+1,22.000 TL,22000
Karabağlar,2+1,22.000 TL,22000
Buca,1+1,22.000 TL,22000
Çiğli,1+1,21.750 TL,21750
Torbalı,2+1,22.000 TL,22000
Aliağa,2+1,22.000 TL,22000
Buca,2+1,22.000 TL,22000
Ödemiş,2+1,22.000 TL,22000
Buca,1+1,21.500 TL,21500
Buca,1+1,22.000 TL,22000
Buca,2+1,22.000 TL,22000
Buca,3+1,22.000 TL,22000
Torbalı,3+1,22.000 TL,22000
Menemen,1+1,21.250 TL,21250
Menemen,2+1,22.000 TL,22000
Bornova,2+1,22.000 TL,22000
Buca,2+1,22.000 TL,22000
Buca,2+1,21.500 TL,21500
Buca,1+1,22.000 TL,22000
Buca,2+1,22.000 TL,22000
Buca,1+1,22.000 TL,22000
Çiğli,1+1,21.500 TL,21500
Çiğli,1+1,22.000 TL,22000
Bayraklı,2+1,22.000 TL,22000
Buca,2+1,21.500 TL,21500
Buca,2+1,22.000 TL,22000
Buca,2+1,21.500 TL,21500
Karabağlar,3+1,22.000 TL,22000
Konak,2+1,22.000 TL,22000
Buca,3+1,21.500 TL,21500
Bergama,3+1,22.000 TL,22000
Bergama,2+1,21.500 TL,21500
Torbalı,2+1,22.000 TL,22000
Menderes,2+1,22.000 TL,22000
Bornova,1+1,22.000 TL,22000
Menemen,2+1,22.000 TL,22000
Bayraklı,2+1,22.000 TL,22000
Seferihisar,2+1,21.950 TL,21950
Tire,3+1,22.000 TL,22000
Torbalı,3+1,22.000 TL,22000
Aliağa,1+1,22.000 TL,22000
Karabağlar,3+1,22.000 TL,22000
Bayraklı,2+1,22.000 TL,22000
Ödemiş,2+1,22.000 TL,22000
Buca,2+1,22.000 TL,22000
Bergama,2+1,22.000 TL,22000
Buca,1+1,22.000 TL,22000
Bergama,1+1,22.000 TL,22000
Karabağlar,2+1,22.000 TL,22000
Bornova,1+1,22.000 TL,22000
Torbalı,2+1,22.000 TL,22000
Bornova,3+1,22.000 TL,22000
Bornova,2+1,22.000 TL,22000
Buca,1+1,21.250 TL,21250
Karabağlar,3+1,22.000 TL,22000
Seferihisar,2+1,21.500 TL,21500
Gaziemir,2+1,22.000 TL,22000
Karabağlar,2+1,21.500 TL,21500
Aliağa,3+1,22.000 TL,22000
Urla,1+1,22.000 TL,22000
Karabağlar,2+1,22.000 TL,22000
Aliağa,2+1,22.000 TL,22000
Torbalı,3+1,22.000 TL,22000
Bayraklı,2.5+1,21.500 TL,21500
Çiğli,3+1,22.000 TL,22000
Menemen,2+1,22.000 TL,22000
Çiğli,1+1,22.000 TL,22000
Bornova,1+1,21.500 TL,21500
Torbalı,3+1,22.000 TL,22000
Buca,3+1,21.500 TL,21500
Menemen,2+1,22.000 TL,22000
Menemen,1+1,22.000 TL,22000
Buca,3+1,21.500 TL,21500
Buca,2+1,22.000 TL,22000
Menderes,1+1,22.000 TL,22000
Buca,1+1,22.000 TL,22000
Torbalı,3+1,22.000 TL,22000
Buca,1+1,22.000 TL,22000
Bayraklı,1+1,22.000 TL,22000
Karabağlar,2+1,22.000 TL,22000
Çiğli,2+1,21.500 TL,21500
Foça,1+1,22.000 TL,22000
Bayraklı,2+1,22.000 TL,22000
Bergama,2+1,22.000 TL,22000
Karabağlar,2+1,22.000 TL,22000
Menemen,1+1,22.000 TL,22000
Buca,2+1,22.000 TL,22000
Buca,1+1,22.000 TL,22000
Menemen,1+1,22.000 TL,22000
Torbalı,2+1,22.000 TL,22000
Kemalpaşa,3+1,22.000 TL,22000
Bornova,2+1,22.000 TL,22000
Bornova,Stüdyo (1+0),21.500 TL,21500
Torbalı,2+0,21.500 TL,21500
Bergama,3+1,22.000 TL,22000
Buca,1+1,22.000 TL,22000
Buca,2+1,22.000 TL,22000
Buca,2+1,22.000 TL,22000
Urla,1+1,22.000 TL,22000
Konak,2+1,22.000 TL,22000
Tire,3+1,22.000 TL,22000
Selçuk,2+1,22.000 TL,22000
Buca,1+1,22.000 TL,22000
Torbalı,2+1,22.000 TL,22000
Karabağlar,3+1,22.250 TL,22250
Konak,2+1,21.350 TL,21350
Torbalı,2+1,22.000 TL,22000
Buca,1+1,22.000 TL,22000
Konak,3+1,22.000 TL,22000
Çiğli,1+1,22.000 TL,22000
Seferihisar,2+1,22.000 TL,22000
Konak,1+1,22.000 TL,22000
Bayraklı,3+1,22.000 TL,22000
Bayraklı,2+1,22.000 TL,22000
Bayraklı,2+1,22.000 TL,22000
Menemen,2+1,22.000 TL,22000
Karabağlar,2+1,22.000 TL,22000
Foça,1+1,22.000 TL,22000
Kemalpaşa,2+1,22.000 TL,22000
Buca,1+1,22.000 TL,22000
Menemen,2+1,22.000 TL,22000
Konak,3+1,22.000 TL,22000
Karabağlar,2+1,22.000 TL,22000
Torbalı,2+1,22.000 TL,22000
Torbalı,2+1,22.000 TL,22000
Buca,2+1,22.000 TL,22000
Karşıyaka,1+1,22.000 TL,22000
Karabağlar,3+1,22.000 TL,22000
Buca,1+1,22.000 TL,22000
Çeşme,1+1,22.000 TL,22000
Selçuk,1+1,22.000 TL,22000
Selçuk,2+1,22.000 TL,22000
Buca,1+1,22.000 TL,22000
Bayraklı,2+1,22.000 TL,22000
Buca,2+1,22.000 TL,22000
Konak,1+1,22.000 TL,22000
Kemalpaşa,3+1,22.000 TL,22000
Karşıyaka,1+1,21.500 TL,21500
Seferihisar,2+1,22.000 TL,22000
Karşıyaka,1+1,22.000 TL,22000
Bayraklı,3+1,22.000 TL,22000
Çiğli,2+1,22.000 TL,22000
Bornova,2+1,22.000 TL,22000
Seferihisar,2+1,21.950 TL,21950
Foça,3+1,22.000 TL,22000
Karabağlar,2+1,22.000 TL,22000
Çiğli,1+1,22.000 TL,22000
Çiğli,1+1,22.000 TL,22000
Menemen,2+1,21.999 TL,21999
Buca,1+1,22.000 TL,22000
Torbalı,3+1,22.000 TL,22000
Torbalı,2+1,22.000 TL,22000
Menderes,3+1,22.000 TL,22000
Buca,1+1,22.000 TL,22000
Buca,1+1,22.000 TL,22000
Torbalı,1+1,22.000 TL,22000
Torbalı,3+1,22.000 TL,22000
Menderes,2+1,22.000 TL,22000
Bayraklı,2+1,21.500 TL,21500
Tire,3+1,22.000 TL,22000
Buca,1+1,22.000 TL,22000
Konak,2+1,22.000 TL,22000
Karabağlar,3+1,22.000 TL,22000
Buca,2+1,22.000 TL,22000
Torbalı,1+1,22.000 TL,22000
Aliağa,3+1,22.000 TL,22000
Tire,3+1,22.000 TL,22000
Menemen,3+1,21.900 TL,21900
Çiğli,1+1,22.000 TL,22000
Tire,2+1,22.000 TL,22000
Buca,2+1,22.000 TL,22000
Torbalı,1+1,22.000 TL,22000
Buca,2+1,22.000 TL,22000
Torbalı,2+1,22.250 TL,22250
Torbalı,2+1,22.000 TL,22000
Çiğli,1+1,21.500 TL,21500
Buca,1+1,22.000 TL,22000
Çiğli,1+1,22.000 TL,22000
Karşıyaka,1+1,22.000 TL,22000
Karabağlar,3+1,22.000 TL,22000
Menemen,1+1,21.500 TL,21500
Aliağa,2+1,22.000 TL,22000
Buca,1+1,22.000 TL,22000
Çiğli,2+1,21.500 TL,21500
Seferihisar,2+1,22.000 TL,22000
Karabağlar,2+1,22.000 TL,22000
Buca,2+1,21.500 TL,21500
Ödemiş,3+1,22.000 TL,22000
Bayraklı,3+1,22.000 TL,22000
Buca,2+1,22.000 TL,22000
Buca,1+1,22.000 TL,22000
Çiğli,2+1,23.500 TL,23500
Menemen,3+1,23.000 TL,23000
Buca,2+1,22.950 TL,22950
Konak,3+1,23.000 TL,23000
Seferihisar,2+1,23.000 TL,23000
Çiğli,3+1,23.500 TL,23500
Bornova,1+1,23.000 TL,23000
Gaziemir,2+1,23.500 TL,23500
Karabağlar,1+1,23.000 TL,23000
Bergama,2+1,22.500 TL,22500
Foça,1+1,23.000 TL,23000
Foça,2+1,23.000 TL,23000
Çiğli,3+1,22.500 TL,22500
Buca,1+1,22.500 TL,22500
Bergama,2+1,23.250 TL,23250
Bornova,1+1,23.000 TL,23000
Konak,3+1,23.000 TL,23000
Kemalpaşa,2+1,23.000 TL,23000
Bornova,1+1,23.500 TL,23500
Seferihisar,1+1,22.500 TL,22500
Torbalı,1+1,23.500 TL,23500
Karabağlar,3+1,23.500 TL,23500
Çiğli,3+1,23.000 TL,23000
Menemen,2+1,23.000 TL,23000
Menemen,2+1,23.000 TL,23000
Çiğli,1+1,23.000 TL,23000
Bornova,2+1,22.500 TL,22500
Buca,3+1,23.500 TL,23500
Torbalı,2+1,22.500 TL,22500
Torbalı,3+1,22.999 TL,22999
Çiğli,Stüdyo (1+0),22.500 TL,22500
Buca,1+1,23.000 TL,23000
Buca,1+1,23.000 TL,23000
Menemen,2+1,23.000 TL,23000
Seferihisar,2+1,22.500 TL,22500
Menemen,2+1,23.000 TL,23000
Buca,2+1,23.500 TL,23500
Seferihisar,1+1,23.000 TL,23000
Tire,1+1,23.000 TL,23000
Karabağlar,2+1,23.000 TL,23000
Bergama,2+1,23.000 TL,23000
Karabağlar,2+1,22.500 TL,22500
Bornova,3+1,23.000 TL,23000
Karabağlar,2+1,23.000 TL,23000
Buca,1+1,23.000 TL,23000
Karabağlar,3+1,22.500 TL,22500
Kemalpaşa,2+1,22.500 TL,22500
Urla,1+1,23.000 TL,23000
Buca,1+1,23.000 TL,23000
Menemen,2+1,23.500 TL,23500
Buca,2+1,23.000 TL,23000
Seferihisar,2+1,22.500 TL,22500
Seferihisar,2+1,23.000 TL,23000
Çiğli,2+1,23.000 TL,23000
Aliağa,3+1,23.000 TL,23000
Aliağa,3+1,23.000 TL,23000
Menderes,3+1,23.000 TL,23000
Torbalı,2+1,23.000 TL,23000
Karabağlar,2+1,22.500 TL,22500
Konak,1+1,23.000 TL,23000
Seferihisar,2+1,23.000 TL,23000
Karşıyaka,3+1,23.000 TL,23000
Buca,1+1,22.500 TL,22500
Buca,2+1,23.000 TL,23000
Karşıyaka,2+1,23.500 TL,23500
Buca,2+0,23.000 TL,23000
Bayraklı,1+1,23.000 TL,23000
Çiğli,1+1,22.500 TL,22500
Torbalı,3+1,23.000 TL,23000
Bornova,2+1,22.500 TL,22500
Torbalı,2+1,23.000 TL,23000
Karabağlar,3+1,23.500 TL,23500
Menemen,3+1,22.975 TL,22975
Menemen,1+1,22.500 TL,22500
Buca,1+1,23.000 TL,23000
Karşıyaka,3+1,23.000 TL,23000
Torbalı,2+1,23.000 TL,23000
Karabağlar,3+1,23.000 TL,23000
Çiğli,1+1,23.000 TL,23000
Buca,3+1,23.000 TL,23000
Buca,1+1,23.000 TL,23000
Karabağlar,3+1,23.000 TL,23000
Menemen,2+1,23.000 TL,23000
Çiğli,1+1,23.000 TL,23000
Buca,2+1,22.500 TL,22500
Seferihisar,2+1,23.000 TL,23000
Menemen,2+1,23.000 TL,23000
Torbalı,2+1,23.000 TL,23000
Karşıyaka,2+1,23.000 TL,23000
Buca,1+1,23.000 TL,23000
Buca,1+1,23.500 TL,23500
Karşıyaka,2+1,22.500 TL,22500
Buca,2+1,23.500 TL,23500
Karabağlar,3+1,23.500 TL,23500
Bornova,3+1,22.500 TL,22500
Bornova,Stüdyo (1+0),22.500 TL,22500
Bornova,2+1,23.000 TL,23000
Buca,1+1,23.000 TL,23000
Karabağlar,2+1,23.000 TL,23000
Çiğli,3+1,23.000 TL,23000
Seferihisar,1+1,23.000 TL,23000
Çiğli,1+1,22.900 TL,22900
Çiğli,1+1,23.500 TL,23500
Bornova,2+1,23.000 TL,23000
Çiğli,1+1,22.500 TL,22500
Torbalı,2+1,22.500 TL,22500
Dikili,2+1,23.000 TL,23000
Aliağa,2+1,22.500 TL,22500
Karşıyaka,3+1,23.000 TL,23000
Çiğli,3+1,23.000 TL,23000
Bergama,1+1,23.000 TL,23000
Konak,1+1,23.000 TL,23000
Buca,2+1,23.000 TL,23000
Buca,2+1,23.000 TL,23000
Tire,2+1,23.000 TL,23000
Bornova,3+1,23.000 TL,23000
Torbalı,3+1,23.500 TL,23500
Karabağlar,2.5+1,23.000 TL,23000
Menemen,2+1,23.000 TL,23000
Buca,2+1,23.000 TL,23000
Bergama,2+1,23.500 TL,23500
Tire,2+1,23.000 TL,23000
Çiğli,3+1,23.250 TL,23250
Kemalpaşa,3+1,23.500 TL,23500
Buca,1+1,23.000 TL,23000
Seferihisar,2+1,23.000 TL,23000
Torbalı,1+1,23.500 TL,23500
Konak,2+1,23.000 TL,23000
Bornova,Stüdyo (1+0),22.500 TL,22500
Menderes,1+1,22.500 TL,22500
Menderes,2+1,23.000 TL,23000
Bornova,1+1,23.000 TL,23000
Karabağlar,2+1,22.500 TL,22500
Torbalı,2+1,23.500 TL,23500
Konak,2+1,23.000 TL,23000
Seferihisar,1+1,23.000 TL,23000
Torbalı,2+1,23.000 TL,23000
Çiğli,2+1,23.000 TL,23000
Buca,1+1,23.500 TL,23500
Bayraklı,2+1,22.500 TL,22500
Kemalpaşa,2+1,23.000 TL,23000
Seferihisar,2+1,23.000 TL,23000
Buca,1+1,23.000 TL,23000
Çiğli,1+1,23.000 TL,23000
Çiğli,1+1,23.000 TL,23000
Karabağlar,2+1,23.000 TL,23000
Torbalı,2+1,23.000 TL,23000
Narlıdere,3+1,23.000 TL,23000
Gaziemir,1+1,23.000 TL,23000
Buca,2+1,23.500 TL,23500
Buca,1+1,22.500 TL,22500
Çiğli,1+1,23.500 TL,23500
Seferihisar,2+1,23.000 TL,23000
Bayraklı,2+1,23.000 TL,23000
Bornova,2+1,22.500 TL,22500
Buca,1+1,23.500 TL,23500
Karşıyaka,2+1,23.000 TL,23000
Konak,2+1,22.500 TL,22500
Menemen,2+1,23.000 TL,23000
Bornova,2+1,22.500 TL,22500
Seferihisar,1+1,22.500 TL,22500
Buca,3+1,23.500 TL,23500
Torbalı,2+1,23.000 TL,23000
Karabağlar,3+1,23.000 TL,23000
Bergama,3+1,23.500 TL,23500
Torbalı,2+1,23.500 TL,23500
Aliağa,2+1,23.000 TL,23000
Karşıyaka,2+1,22.500 TL,22500
Bayraklı,3+1,22.500 TL,22500
Buca,2+1,23.000 TL,23000
Çiğli,1+1,23.000 TL,23000
Ödemiş,3+1,23.000 TL,23000
Gaziemir,1+1,22.500 TL,22500
Ödemiş,2+1,23.000 TL,23000
Buca,1+1,23.000 TL,23000
Dikili,2+1,23.000 TL,23000
Bayraklı,2+1,23.000 TL,23000
Bornova,2+1,23.000 TL,23000
Aliağa,1+1,23.000 TL,23000
Menemen,2+1,23.000 TL,23000
Torbalı,2+1,23.000 TL,23000
Kemalpaşa,2+1,23.000 TL,23000
Çiğli,3+1,22.500 TL,22500
Menderes,1+1,23.000 TL,23000
Buca,2+1,23.000 TL,23000
Karşıyaka,2+1,23.000 TL,23000
Torbalı,1+1,22.500 TL,22500
Menemen,3+1,23.500 TL,23500
Çiğli,1+1,23.500 TL,23500
Menderes,1+1,22.500 TL,22500
Buca,2+1,22.500 TL,22500
Bayraklı,2+1,23.000 TL,23000
Güzelbahçe,Stüdyo (1+0),23.500 TL,23500
Karabağlar,3+1,23.500 TL,23500
Ödemiş,2+1,22.500 TL,22500
Konak,2+1,23.000 TL,23000
Bornova,2+1,22.500 TL,22500
Bayraklı,2+1,23.000 TL,23000
Menemen,3+1,22.500 TL,22500
Karşıyaka,2+1,23.000 TL,23000
Karabağlar,2+1,23.000 TL,23000
Menemen,2+1,22.500 TL,22500
Karabağlar,2+1,23.000 TL,23000
Buca,1+1,23.000 TL,23000
Menemen,2+1,23.500 TL,23500
Bornova,2+1,23.000 TL,23000
Karşıyaka,2+1,22.500 TL,22500
Çiğli,2+1,23.000 TL,23000
Karşıyaka,2+1,22.500 TL,22500
Tire,3+1,23.000 TL,23000
Buca,1+1,23.000 TL,23000
Dikili,3+1,23.000 TL,23000
Torbalı,2+1,23.000 TL,23000
Konak,2+1,23.000 TL,23000
Buca,1+1,23.000 TL,23000
Buca,3+1,23.500 TL,23500
Torbalı,2+1,23.000 TL,23000
Bornova,Stüdyo (1+0),23.500 TL,23500
Buca,1+1,23.000 TL,23000
Buca,1+1,23.000 TL,23000
Çeşme,2+1,23.000 TL,23000
Menderes,1+1,23.000 TL,23000
Çiğli,2+0,23.000 TL,23000
Çiğli,1+1,22.500 TL,22500
Bornova,3+1,23.000 TL,23000
Torbalı,2+1,23.500 TL,23500
Bornova,1+1,23.000 TL,23000
Karabağlar,2+1,22.500 TL,22500
Bayraklı,3+1,23.000 TL,23000
Seferihisar,2+1,22.500 TL,22500
Seferihisar,2+1,23.000 TL,23000
Torbalı,2+1,23.000 TL,23000
Torbalı,2+1,23.000 TL,23000
Seferihisar,1+1,23.000 TL,23000
Gaziemir,2+1,23.000 TL,23000
Buca,2+1,22.500 TL,22500
Buca,3+1,23.500 TL,23500
Menemen,1+1,23.000 TL,23000
Buca,2+0,23.500 TL,23500
Seferihisar,2+1,22.500 TL,22500
Bornova,1+1,23.000 TL,23000
Torbalı,2+1,23.000 TL,23000
Torbalı,2+1,23.000 TL,23000
Tire,1+1,23.000 TL,23000
Seferihisar,2+1,22.500 TL,22500
Buca,1+1,23.500 TL,23500
Kemalpaşa,2+1,23.000 TL,23000
Buca,2+1,23.000 TL,23000
Menemen,2+1,23.000 TL,23000
Buca,2+0,23.000 TL,23000
Torbalı,3+1,23.000 TL,23000
Buca,1+1,23.000 TL,23000
Buca,1+1,23.000 TL,23000
Menemen,3+1,23.000 TL,23000
Karabağlar,2+1,23.000 TL,23000
Menemen,2+1,23.500 TL,23500
Buca,1+1,23.000 TL,23000
Torbalı,2+1,23.000 TL,23000
Konak,2+1,23.000 TL,23000
Bayraklı,2+1,23.000 TL,23000
Seferihisar,2+1,23.000 TL,23000
Menemen,2+1,22.500 TL,22500
Menemen,3+1,23.500 TL,23500
Buca,3+1,23.000 TL,23000
Seferihisar,2+1,23.000 TL,23000
Buca,2+1,23.000 TL,23000
Karabağlar,2+1,23.000 TL,23000
Bornova,2+1,22.500 TL,22500
Buca,2+1,23.000 TL,23000
Seferihisar,2+1,23.000 TL,23000
Buca,2+1,22.900 TL,22900
Bornova,3+1,23.000 TL,23000
Menemen,2+1,23.000 TL,23000
Aliağa,1+1,23.000 TL,23000
Buca,3+1,23.000 TL,23000
Karabağlar,2+1,23.000 TL,23000
Seferihisar,3+1,23.000 TL,23000
Seferihisar,2+1,23.000 TL,23000
Çiğli,1+1,22.500 TL,22500
Buca,3+1,23.000 TL,23000
Bornova,Stüdyo (1+0),23.000 TL,23000
Bornova,1+1,22.500 TL,22500
Menemen,1+1,23.000 TL,23000
Bornova,1+1,22.500 TL,22500
Bergama,2+1,22.500 TL,22500
Urla,1+1,23.000 TL,23000
Karşıyaka,1+1,23.000 TL,23000
Buca,2+1,23.000 TL,23000
Karabağlar,3+1,23.500 TL,23500
Buca,2+1,23.500 TL,23500
Buca,1+1,23.000 TL,23000
Menemen,1+1,23.000 TL,23000
Buca,2+1,23.000 TL,23000
Urla,1+1,22.500 TL,22500
Aliağa,2+1,23.000 TL,23000
Buca,1+1,23.000 TL,23000
Menemen,2+1,22.500 TL,22500
Seferihisar,2+1,23.000 TL,23000
Buca,1+1,23.000 TL,23000
Çiğli,2+1,23.000 TL,23000
Karabağlar,2+1,23.000 TL,23000
Seferihisar,3+1,23.000 TL,23000
Bornova,2+1,23.000 TL,23000
Seferihisar,1+1,23.000 TL,23000
Karaburun,1+1,23.000 TL,23000
Karabağlar,2+1,23.000 TL,23000
Torbalı,2+1,23.000 TL,23000
Buca,1+1,23.000 TL,23000
Karabağlar,3+1,23.000 TL,23000
Buca,2+1,23.000 TL,23000
Narlıdere,3+1,23.000 TL,23000
Seferihisar,2+1,23.500 TL,23500
Menemen,1+1,22.500 TL,22500
Tire,3+1,23.000 TL,23000
Buca,2+1,23.000 TL,23000
Çiğli,1+1,22.500 TL,22500
Buca,3+1,23.500 TL,23500
Bergama,2+1,23.000 TL,23000
Karşıyaka,3+1,23.000 TL,23000
Torbalı,3+1,23.000 TL,23000
Menemen,2+1,23.000 TL,23000
Torbalı,2+1,23.000 TL,23000
Bayraklı,3+1,23.000 TL,23000
Buca,1+1,23.000 TL,23000
Çiğli,1+1,23.000 TL,23000
Menemen,3+1,22.500 TL,22500
Menemen,2+1,22.500 TL,22500
Bayraklı,3+1,23.000 TL,23000
Buca,1+1,23.500 TL,23500
Torbalı,2+1,23.500 TL,23500
Menderes,1+1,23.000 TL,23000
Seferihisar,2+1,22.500 TL,22500
Karabağlar,2+1,23.000 TL,23000
Karabağlar,2+1,22.500 TL,22500
Menemen,2+1,23.000 TL,23000
Torbalı,2+1,23.000 TL,23000
Bergama,2+1,22.500 TL,22500
Buca,1+1,22.500 TL,22500
Kemalpaşa,2+1,23.000 TL,23000
Torbalı,2+1,22.500 TL,22500
Buca,3+1,23.000 TL,23000
Torbalı,2+1,23.500 TL,23500
Buca,3+1,23.000 TL,23000
Menemen,1+1,23.000 TL,23000
Torbalı,2+1,23.000 TL,23000
Konak,2+1,23.000 TL,23000
Buca,2+1,23.500 TL,23500
Çiğli,1+1,23.000 TL,23000
Seferihisar,2+1,22.500 TL,22500
Buca,3+1,23.000 TL,23000
Menemen,3+1,23.000 TL,23000
Bornova,Stüdyo (1+0),22.500 TL,22500
Ödemiş,3+1,23.000 TL,23000
Bornova,2+1,22.500 TL,22500
Torbalı,3+1,23.500 TL,23500
Bornova,1+1,22.500 TL,22500
Karabağlar,2+1,23.000 TL,23000
Çiğli,1.5+1,23.000 TL,23000
Çiğli,1+1,23.000 TL,23000
Karabağlar,2+1,22.500 TL,22500
Torbalı,2+1,23.000 TL,23000
Buca,2+1,23.000 TL,23000
Konak,2+1,23.000 TL,23000
Torbalı,4+1,23.000 TL,23000
Karabağlar,2+1,23.000 TL,23000
Kemalpaşa,2+1,22.500 TL,22500
Çiğli,2+1,23.000 TL,23000
Bergama,3+1,23.000 TL,23000
Bayraklı,2+1,23.000 TL,23000
Bergama,3+1,23.000 TL,23000
Menderes,3+1,23.500 TL,23500
Karabağlar,2+1,23.000 TL,23000
Bornova,2+1,23.000 TL,23000
Menemen,1+1,23.000 TL,23000
Torbalı,3+1,23.000 TL,23000
Torbalı,3+1,23.000 TL,23000
Buca,2+1,23.000 TL,23000
Menderes,2+1,23.000 TL,23000
Menemen,1+1,23.000 TL,23000
Karşıyaka,1+1,23.000 TL,23000
Menemen,2+1,23.000 TL,23000
Karşıyaka,1+1,22.500 TL,22500
Bornova,2+1,23.000 TL,23000
Menderes,1+1,23.000 TL,23000
Bornova,3+1,23.500 TL,23500
Bornova,2+1,23.000 TL,23000
Gaziemir,1+1,23.500 TL,23500
Ödemiş,3+1,23.000 TL,23000
Bornova,3+1,22.500 TL,22500
Seferihisar,2+1,23.000 TL,23000
Seferihisar,1+1,23.000 TL,23000
Buca,3+1,23.000 TL,23000
Bayraklı,2+1,23.000 TL,23000
Buca,1+1,23.000 TL,23000
Menemen,2+1,22.500 TL,22500
Buca,2+1,22.500 TL,22500
Torbalı,2+1,23.000 TL,23000
Buca,3+1,22.500 TL,22500
Çiğli,1+1,22.500 TL,22500
Tire,1+1,23.500 TL,23500
Buca,2+1,23.000 TL,23000
Buca,2+1,23.000 TL,23000
Bornova,Stüdyo (1+0),23.000 TL,23000
Buca,2+0,23.000 TL,23000
Konak,3+1,23.000 TL,23000
Bornova,2+1,23.000 TL,23000
Çiğli,1+1,23.000 TL,23000
Bornova,Stüdyo (1+0),23.500 TL,23500
Çiğli,1+1,23.000 TL,23000
Menemen,3+1,23.500 TL,23500
Karabağlar,1+1,23.000 TL,23000
Torbalı,2+1,22.500 TL,22500
Bornova,3+1,23.000 TL,23000
Çiğli,1+1,23.000 TL,23000
Menemen,2+1,23.000 TL,23000
Bayraklı,2+1,23.500 TL,23500
Torbalı,1+1,23.250 TL,23250
Çiğli,2+1,23.250 TL,23250
Menemen,3+1,22.500 TL,22500
Karşıyaka,3+1,23.000 TL,23000
Çiğli,3+1,23.000 TL,23000
Karşıyaka,1+1,23.000 TL,23000
Buca,2+1,23.500 TL,23500
Torbalı,2+1,23.000 TL,23000
Çiğli,3+1,23.500 TL,23500
Çiğli,1+1,23.500 TL,23500
Ödemiş,3+1,22.500 TL,22500
Bornova,3+1,23.000 TL,23000
Menemen,3+1,23.000 TL,23000
Buca,2+1,23.000 TL,23000
Seferihisar,2+1,22.500 TL,22500
Menemen,2+1,23.500 TL,23500
Torbalı,2+1,23.000 TL,23000
Seferihisar,2+1,23.500 TL,23500
Kemalpaşa,2+1,23.000 TL,23000
Bayraklı,3+1,23.000 TL,23000
Torbalı,2+1,23.000 TL,23000
Torbalı,1+1,23.000 TL,23000
Konak,2+1,22.500 TL,22500
Buca,3+1,23.000 TL,23000
Torbalı,3+1,23.000 TL,23000
Karşıyaka,1+1,23.000 TL,23000
Seferihisar,2+1,23.000 TL,23000
Buca,2+1,23.000 TL,23000
Urla,Stüdyo (1+0),22.500 TL,22500
Konak,3+1,23.500 TL,23500
Bornova,2+1,23.000 TL,23000
Menemen,2+1,23.000 TL,23000
Seferihisar,2+1,23.000 TL,23000
Bornova,1+1,23.500 TL,23500
Menemen,3+1,23.000 TL,23000
Menemen,2+1,23.000 TL,23000
Buca,1+1,23.000 TL,23000
Buca,3+1,23.000 TL,23000
Balçova,1+1,23.000 TL,23000
Menemen,1+1,23.000 TL,23000
Menderes,2+1,23.000 TL,23000
Torbalı,2+1,23.500 TL,23500
Bayraklı,1+1,23.000 TL,23000
Dikili,2+1,23.000 TL,23000
Karabağlar,2+1,23.000 TL,23000
Buca,3+1,23.000 TL,23000
Karabağlar,2+1,22.500 TL,22500
Buca,1+1,23.000 TL,23000
Buca,2+1,23.000 TL,23000
Karşıyaka,1+1,23.000 TL,23000
Bayraklı,2+1,23.000 TL,23000
Bayraklı,2+1,23.000 TL,23000
Bayraklı,1+1,22.500 TL,22500
Buca,2+1,23.000 TL,23000
Karabağlar,3+1,23.000 TL,23000
Gaziemir,2+1,22.500 TL,22500
Çiğli,3+1,22.500 TL,22500
Menemen,1+1,23.000 TL,23000
Bayraklı,1+1,23.000 TL,23000
Karşıyaka,2+1,22.500 TL,22500
Buca,1+1,23.000 TL,23000
Çiğli,1+1,23.500 TL,23500
Seferihisar,2+1,22.750 TL,22750
Karabağlar,2+1,23.500 TL,23500
Karabağlar,2+1,23.000 TL,23000
Karabağlar,3+1,22.500 TL,22500
Kemalpaşa,2+1,23.000 TL,23000
Bornova,3+1,23.000 TL,23000
Menemen,2.5+1,23.500 TL,23500
Menemen,2+1,23.500 TL,23500
Buca,2+1,23.000 TL,23000
Foça,2+1,23.000 TL,23000
Menemen,3+1,22.500 TL,22500
Çiğli,3+1,22.500 TL,22500
Bergama,3+1,22.500 TL,22500
Çiğli,1+1,23.000 TL,23000
Buca,1+1,23.500 TL,23500
Menderes,3+1,23.000 TL,23000
Seferihisar,1+1,23.000 TL,23000
Buca,1+1,23.000 TL,23000
Menemen,3+1,23.000 TL,23000
Buca,1+1,23.000 TL,23000
Torbalı,2+1,23.000 TL,23000
Bayraklı,1+1,22.500 TL,22500
Kemalpaşa,3+1,23.000 TL,23000
Balçova,Stüdyo (1+0),23.000 TL,23000
Bergama,3+1,23.000 TL,23000
Karşıyaka,2+1,23.000 TL,23000
Buca,2+0,23.000 TL,23000
Buca,1+1,23.000 TL,23000
Çiğli,3+1,23.000 TL,23000
Karabağlar,1+1,22.500 TL,22500
Menemen,2+1,23.500 TL,23500
Torbalı,1+1,23.500 TL,23500
Menemen,2+1,23.000 TL,23000
Balçova,2+1,23.000 TL,23000
Bayraklı,3+1,23.000 TL,23000
Dikili,2+1,22.500 TL,22500
Karabağlar,2+1,22.500 TL,22500
Buca,1+1,22.500 TL,22500
Menemen,2+1,23.000 TL,23000
Karabağlar,2+1,22.500 TL,22500
Menemen,2+1,23.000 TL,23000
Çiğli,1+1,23.000 TL,23000
Çiğli,2+1,23.500 TL,23500
Buca,1+1,23.000 TL,23000
Karşıyaka,2+1,23.000 TL,23000
Buca,1+1,22.500 TL,22500
Konak,3+1,23.000 TL,23000
Buca,2+1,23.000 TL,23000
Seferihisar,1+1,23.000 TL,23000
Tire,3+1,23.000 TL,23000
Seferihisar,2+1,23.500 TL,23500
Menemen,2+1,23.000 TL,23000
Buca,2+1,22.500 TL,22500
Karşıyaka,2+1,23.000 TL,23000
Menemen,2+1,23.000 TL,23000
Karabağlar,2+1,23.000 TL,23000
Bornova,1+1,23.000 TL,23000
Karşıyaka,1+1,22.500 TL,22500
Konak,3+1,23.000 TL,23000
Buca,1+1,22.500 TL,22500
Menemen,2+1,23.000 TL,23000
Tire,1+1,23.000 TL,23000
Çiğli,1+1,23.000 TL,23000
Torbalı,2+1,23.500 TL,23500
Menemen,2+1,23.500 TL,23500
Karşıyaka,2+1,23.500 TL,23500
Buca,1+1,23.000 TL,23000
Çiğli,1+1,23.500 TL,23500
Karabağlar,2+1,22.500 TL,22500
Torbalı,2+1,22.500 TL,22500
Tire,1+1,22.500 TL,22500
Tire,2+1,23.500 TL,23500
Buca,2+1,23.000 TL,23000
Menemen,2+0,23.000 TL,23000
Foça,3+1,23.000 TL,23000
Balçova,1+1,23.000 TL,23000
Torbalı,2+1,23.000 TL,23000
Buca,2+1,23.000 TL,23000
Menemen,2+1,23.000 TL,23000
Karabağlar,3+1,23.000 TL,23000
Menemen,2+1,23.000 TL,23000
Tire,1+1,23.000 TL,23000
Buca,2+1,23.000 TL,23000
Karabağlar,2+1,23.000 TL,23000
Karşıyaka,2+1,23.000 TL,23000
Menemen,1+1,23.000 TL,23000
Menemen,2+1,23.000 TL,23000
Seferihisar,2+1,23.000 TL,23000
Buca,1+1,23.000 TL,23000
Dikili,1+1,23.000 TL,23000
Menderes,2+1,23.000 TL,23000
Buca,2+1,23.500 TL,23500
Buca,2+1,23.500 TL,23500
Tire,2+1,23.500 TL,23500
Çiğli,1.5+1,23.000 TL,23000
Karşıyaka,1+1,23.000 TL,23000
Buca,2+1,23.000 TL,23000
Torbalı,2+1,23.000 TL,23000
Kemalpaşa,2+1,23.000 TL,23000
Bornova,2+1,23.000 TL,23000
Güzelbahçe,3+1,23.000 TL,23000
Bornova,3+1,23.000 TL,23000
Menemen,2+1,23.500 TL,23500
Karşıyaka,2+1,23.000 TL,23000
Menemen,3+1,23.000 TL,23000
Buca,3+1,22.500 TL,22500
Seferihisar,2+1,23.000 TL,23000
Buca,1+1,23.000 TL,23000
Bornova,Stüdyo (1+0),23.500 TL,23500
Buca,2+1,23.000 TL,23000
Torbalı,2+1,23.000 TL,23000
Buca,2+1,23.500 TL,23500
Menderes,2+1,23.000 TL,23000
Menemen,2+1,23.000 TL,23000
Kemalpaşa,2+1,23.000 TL,23000
Çiğli,1+1,23.000 TL,23000
Torbalı,3+1,23.000 TL,23000
Menemen,2+1,23.000 TL,23000
Buca,1+1,23.000 TL,23000
Aliağa,1+1,23.000 TL,23000
Selçuk,2+1,23.000 TL,23000
Menemen,3+1,23.000 TL,23000
Bornova,3+1,23.500 TL,23500
Menemen,1+1,22.500 TL,22500
Torbalı,2+1,23.000 TL,23000
Bornova,1+1,23.500 TL,23500
Buca,3+1,23.000 TL,23000
Torbalı,3+1,23.500 TL,23500
Torbalı,1+1,23.000 TL,23000
Konak,2+1,23.000 TL,23000
Buca,3+1,23.000 TL,23000
Gaziemir,2+1,23.000 TL,23000
Karşıyaka,1+1,23.000 TL,23000
Konak,2+1,23.000 TL,23000
Seferihisar,2+1,23.000 TL,23000
Buca,1+1,23.000 TL,23000
Balçova,Stüdyo (1+0),23.000 TL,23000
Karabağlar,2+1,23.000 TL,23000
Çiğli,1+1,22.500 TL,22500
Torbalı,3+1,23.000 TL,23000
Karşıyaka,1+1,22.500 TL,22500
Çiğli,1+1,22.500 TL,22500
Buca,1+1,23.000 TL,23000
Çiğli,2+1,23.500 TL,23500
Konak,3+1,23.000 TL,23000
Buca,1+1,23.000 TL,23000
Seferihisar,2+1,23.000 TL,23000
Çiğli,2+1,23.500 TL,23500
Karşıyaka,2+1,23.000 TL,23000
Buca,1+1,23.000 TL,23000
Buca,1+1,23.000 TL,23000
Torbalı,2+1,23.000 TL,23000
Konak,3+1,23.500 TL,23500
Kemalpaşa,2+1,23.000 TL,23000
Torbalı,3+1,23.000 TL,23000
Buca,2+1,23.000 TL,23000
Menemen,3+1,23.000 TL,23000
Menderes,1+1,23.500 TL,23500
Buca,1+1,23.000 TL,23000
Konak,1+1,22.500 TL,22500
Menemen,2+1,23.000 TL,23000
Balçova,1+1,23.000 TL,23000
Çiğli,2+1,23.500 TL,23500
Bornova,Stüdyo (1+0),23.500 TL,23500
Bergama,2+1,23.000 TL,23000
Torbalı,2+1,22.500 TL,22500
Buca,1+1,22.500 TL,22500
Buca,3+1,23.000 TL,23000
Buca,1+1,23.000 TL,23000
Torbalı,1+1,23.000 TL,23000
Konak,1+1,23.000 TL,23000
Bornova,3+1,23.000 TL,23000
Bornova,2+1,23.000 TL,23000
Bornova,2+1,23.000 TL,23000
Menemen,2+1,23.500 TL,23500
Menemen,1+1,23.000 TL,23000
Seferihisar,2+1,22.500 TL,22500
Aliağa,3+1,22.500 TL,22500
Çiğli,1+1,23.000 TL,23000
Buca,1+1,23.000 TL,23000
Bergama,2+1,23.000 TL,23000
Menemen,3+1,23.000 TL,23000
Ödemiş,2+1,23.000 TL,23000
Bayındır,3+1,23.000 TL,23000
Çiğli,1+1,23.000 TL,23000
Karabağlar,2+1,22.500 TL,22500
Buca,1+1,23.000 TL,23000
Bornova,Stüdyo (1+0),23.000 TL,23000
Çiğli,3+1,22.500 TL,22500
Bornova,Stüdyo (1+0),22.500 TL,22500
Seferihisar,2+1,23.000 TL,23000
Tire,3+1,23.000 TL,23000
Bergama,1+1,23.000 TL,23000
Konak,2+1,23.500 TL,23500
Seferihisar,2+1,23.500 TL,23500
Çiğli,1+1,23.000 TL,23000
Menemen,2+1,23.000 TL,23000
Menemen,2+1,23.000 TL,23000
Karabağlar,1+1,23.000 TL,23000
Menemen,2+1,22.500 TL,22500
Ödemiş,2+1,23.000 TL,23000
Menemen,2+1,23.000 TL,23000
Gaziemir,3+1,23.500 TL,23500
Bornova,2+1,23.000 TL,23000
Karşıyaka,2+1,23.000 TL,23000
Dikili,2+1,23.000 TL,23000
Aliağa,3+1,23.500 TL,23500
Bornova,2+1,22.500 TL,22500
Menemen,1+1,22.500 TL,22500
Çiğli,2+1,23.000 TL,23000
Menemen,2+1,22.500 TL,22500
Buca,2+1,23.000 TL,23000
Çiğli,1+1,23.500 TL,23500
Karşıyaka,1+1,23.000 TL,23000
Torbalı,2+1,23.000 TL,23000
Tire,2+1,23.500 TL,23500
Bornova,2+1,23.000 TL,23000
Çiğli,1+1,23.000 TL,23000
Buca,2+1,23.000 TL,23000
Çiğli,3+1,23.000 TL,23000
Ödemiş,2+1,23.000 TL,23000
Torbalı,1+1,23.000 TL,23000
Konak,2+1,23.000 TL,23000
Çiğli,1+1,23.000 TL,23000
Buca,2+0,23.000 TL,23000
Aliağa,1+1,23.000 TL,23000
Ödemiş,2+1,22.999 TL,22999
Konak,1+1,23.000 TL,23000
Bergama,3+1,23.000 TL,23000
Bayraklı,3+1,22.500 TL,22500
Bayraklı,2+1,22.500 TL,22500
Torbalı,2+1,23.000 TL,23000
Torbalı,3+1,23.000 TL,23000
Buca,3+1,23.000 TL,23000
Buca,1+1,22.500 TL,22500
Torbalı,2+1,22.500 TL,22500
Menemen,2+1,22.500 TL,22500
Bornova,3+1,22.500 TL,22500
Çiğli,1+1,23.000 TL,23000
Menemen,3+1,23.000 TL,23000
Menemen,3+1,23.000 TL,23000
Seferihisar,2+1,23.000 TL,23000
Menemen,2+1,22.500 TL,22500
Buca,1+1,23.500 TL,23500
Bornova,2+1,23.000 TL,23000
Seferihisar,1+1,22.500 TL,22500
Buca,1+1,23.000 TL,23000
Buca,1+1,23.000 TL,23000
Buca,1+1,23.000 TL,23000
Bornova,3+1,23.000 TL,23000
Kemalpaşa,2+1,23.000 TL,23000
Menemen,1+1,23.000 TL,23000
Buca,1+1,22.500 TL,22500
Gaziemir,Stüdyo (1+0),23.000 TL,23000
Buca,1+1,23.000 TL,23000
Seferihisar,2+1,22.950 TL,22950
Konak,3+1,23.000 TL,23000
Çiğli,1+1,23.000 TL,23000
Menderes,2+1,23.000 TL,23000
Karşıyaka,3+1,23.000 TL,23000
Menemen,3+1,23.000 TL,23000
Tire,3+1,23.000 TL,23000
Çiğli,1+1,23.000 TL,23000
Buca,2+1,23.000 TL,23000
Menemen,3+1,23.000 TL,23000
Balçova,2+1,23.000 TL,23000
Karabağlar,3+1,23.000 TL,23000
Menemen,1+1,22.500 TL,22500
Menemen,3+1,23.000 TL,23000
Buca,2+1,22.500 TL,22500
Karşıyaka,3+1,23.000 TL,23000
Karabağlar,2+1,22.500 TL,22500
Buca,2+1,23.000 TL,23000
Seferihisar,1+1,23.000 TL,23000
Buca,2+1,23.500 TL,23500
Karşıyaka,2+1,23.000 TL,23000
Tire,3+1,23.000 TL,23000
Menemen,1+1,23.000 TL,23000
Bayraklı,1+1,23.000 TL,23000
Çiğli,1+1,22.500 TL,22500
Bayraklı,3+1,23.500 TL,23500
Çiğli,3+1,23.500 TL,23500
Çiğli,3+1,23.250 TL,23250
Torbalı,2+1,23.000 TL,23000
Buca,2+1,23.000 TL,23000
Buca,1+1,23.000 TL,23000
Karşıyaka,2+1,22.900 TL,22900
Karabağlar,3+1,23.000 TL,23000
Torbalı,2+1,23.000 TL,23000
Dikili,1+1,23.000 TL,23000
Seferihisar,1+1,23.000 TL,23000
Seferihisar,1+1,23.000 TL,23000
Tire,3+1,22.500 TL,22500
Aliağa,3+1,23.000 TL,23000
Buca,3+1,22.500 TL,22500
Torbalı,2+1,22.500 TL,22500
Buca,2+1,23.000 TL,23000
Menemen,3+1,23.000 TL,23000
Karşıyaka,1+1,23.000 TL,23000
Karşıyaka,2+1,23.000 TL,23000
Seferihisar,2+1,23.000 TL,23000
Buca,2+1,23.500 TL,23500
Buca,2+1,23.000 TL,23000
Buca,2+1,23.000 TL,23000
Bayraklı,2+1,23.000 TL,23000
Buca,2+1,23.500 TL,23500
Buca,1+1,23.500 TL,23500
Bornova,Stüdyo (1+0),22.500 TL,22500
Bornova,3+1,22.550 TL,22550
Menemen,3+1,23.000 TL,23000
Karabağlar,2.5+1,23.500 TL,23500
Karşıyaka,2+1,23.000 TL,23000
Buca,2+1,23.500 TL,23500
Menemen,2+1,23.000 TL,23000
Bornova,3+1,23.000 TL,23000
Buca,2+1,22.500 TL,22500
Bornova,2+1,23.000 TL,23000
Dikili,1+1,23.000 TL,23000
Buca,1+1,23.000 TL,23000
Bergama,2+1,23.000 TL,23000
Buca,1+1,23.000 TL,23000
Torbalı,3+1,22.500 TL,22500
Buca,1+1,23.000 TL,23000
Seferihisar,3+1,23.000 TL,23000
Konak,3+1,23.000 TL,23000
Çiğli,1+1,23.500 TL,23500
Karabağlar,3+1,23.000 TL,23000
Menemen,2+1,23.000 TL,23000
Bornova,Stüdyo (1+0),22.500 TL,22500
Çiğli,2+1,23.000 TL,23000
Buca,2+1,23.000 TL,23000
Çiğli,3+1,23.000 TL,23000
Buca,1+1,22.500 TL,22500
Buca,3+1,23.000 TL,23000
Bayraklı,2+1,22.500 TL,22500
Buca,1+1,23.000 TL,23000
Menemen,3+1,23.500 TL,23500
Çiğli,1+1,23.000 TL,23000
Torbalı,2+1,22.500 TL,22500
Torbalı,3+1,23.000 TL,23000
Selçuk,2+1,23.500 TL,23500
Çiğli,1+1,23.000 TL,23000
Bornova,2+1,23.000 TL,23000
Aliağa,2+1,22.500 TL,22500
Bornova,3+1,23.000 TL,23000
Tire,2+1,23.000 TL,23000
Torbalı,2+1,23.000 TL,23000
Menemen,2+1,23.000 TL,23000
Karabağlar,2+1,23.500 TL,23500
Buca,1+1,23.000 TL,23000
Kemalpaşa,3+1,23.000 TL,23000
Çiğli,1+1,23.000 TL,23000
Buca,2+1,23.000 TL,23000
Torbalı,2+1,23.000 TL,23000
Aliağa,1+1,23.000 TL,23000
Tire,3+1,23.000 TL,23000
Karabağlar,2+1,23.500 TL,23500
Torbalı,3+1,23.000 TL,23000
Menemen,2+1,23.000 TL,23000
Çiğli,2+1,23.000 TL,23000
Aliağa,2+1,22.500 TL,22500
Bayraklı,3+1,23.000 TL,23000
Buca,1+1,23.000 TL,23000
Seferihisar,2+1,22.900 TL,22900
Urla,1+1,22.500 TL,22500
Buca,1+1,23.000 TL,23000
Buca,1+1,23.000 TL,23000
Buca,1+1,23.000 TL,23000
Konak,1+1,23.000 TL,23000
Buca,2+1,23.000 TL,23000
Menemen,2+1,23.000 TL,23000
Karabağlar,2+1,22.500 TL,22500
Torbalı,2+1,24.000 TL,24000
Menemen,3+1,24.000 TL,24000
Buca,1+1,24.000 TL,24000
Menemen,2+1,24.000 TL,24000
Bayraklı,2+1,24.000 TL,24000
Torbalı,2+1,24.000 TL,24000
Menemen,2+1,24.000 TL,24000
Aliağa,1+1,24.500 TL,24500
Aliağa,2+1,24.000 TL,24000
Buca,2+1,24.000 TL,24000
Karabağlar,2+1,24.500 TL,24500
Karabağlar,2+1,24.000 TL,24000
Çiğli,1+1,24.000 TL,24000
Karşıyaka,2+1,24.000 TL,24000
Gaziemir,2+1,24.000 TL,24000
Buca,3+1,24.000 TL,24000
Buca,2+1,24.000 TL,24000
Çiğli,2+1,24.500 TL,24500
Çiğli,2+1,24.000 TL,24000
Seferihisar,2+1,24.250 TL,24250
Buca,1+1,24.500 TL,24500
Aliağa,2+1,24.000 TL,24000
Karabağlar,2+1,24.000 TL,24000
Bayraklı,2+1,24.000 TL,24000
Bornova,2+1,24.000 TL,24000
Torbalı,2+1,24.000 TL,24000
Çiğli,1+1,24.000 TL,24000
Menemen,3+1,24.000 TL,24000
Buca,2+1,24.000 TL,24000
Karşıyaka,2+1,24.000 TL,24000
Menemen,2+1,24.000 TL,24000
Çiğli,1+1,24.500 TL,24500
Karşıyaka,1+1,24.000 TL,24000
Çiğli,1+1,24.000 TL,24000
Karabağlar,2+1,24.000 TL,24000
Menemen,3+1,24.000 TL,24000
Torbalı,3+1,24.000 TL,24000
Buca,1+1,24.000 TL,24000
Menemen,1+1,24.000 TL,24000
Buca,2+1,24.000 TL,24000
Bornova,3+1,24.000 TL,24000
Torbalı,2+1,24.000 TL,24000
Bornova,2+1,24.000 TL,24000
Bergama,3+1,24.000 TL,24000
Buca,2+1,24.000 TL,24000
Çiğli,2+1,24.500 TL,24500
Bornova,2+1,24.000 TL,24000
Bornova,2+1,24.000 TL,24000
Menemen,2+1,24.000 TL,24000
Karabağlar,2+1,24.000 TL,24000
Torbalı,3+1,24.000 TL,24000
Karabağlar,2+1,24.000 TL,24000
Buca,1+1,24.000 TL,24000
Menderes,1+1,24.000 TL,24000
Karabağlar,3+1,24.000 TL,24000
Buca,2+1,24.000 TL,24000
Menemen,1+1,24.000 TL,24000
Menemen,2+1,24.000 TL,24000
Bayraklı,2+1,24.000 TL,24000
Karşıyaka,1+1,24.000 TL,24000
Seferihisar,1+1,24.500 TL,24500
Karabağlar,3+1,24.000 TL,24000
Aliağa,1+1,24.000 TL,24000
Menemen,2+1,24.500 TL,24500
Bayraklı,2+1,24.000 TL,24000
Konak,2+1,24.000 TL,24000
Bergama,2+1,24.000 TL,24000
Buca,2+1,24.000 TL,24000
Bayraklı,3+1,24.000 TL,24000
Buca,3+1,24.000 TL,24000
Bornova,2+1,24.500 TL,24500
Torbalı,2+1,24.000 TL,24000
Bergama,3+1,24.000 TL,24000
Çiğli,1+1,24.000 TL,24000
Buca,1+1,24.000 TL,24000
Buca,1+1,24.500 TL,24500
Çiğli,3+1,24.000 TL,24000
Buca,3+1,24.500 TL,24500
Menderes,2+1,24.000 TL,24000
Seferihisar,2+1,24.000 TL,24000
Buca,1+1,24.000 TL,24000
Torbalı,3+1,24.500 TL,24500
Karabağlar,1+1,24.000 TL,24000
Buca,1+1,24.000 TL,24000
Buca,1+1,24.000 TL,24000
Torbalı,1+1,24.000 TL,24000
Seferihisar,2+1,24.000 TL,24000
Buca,1+1,24.000 TL,24000
Konak,2+1,24.500 TL,24500
Buca,1+1,24.000 TL,24000
Karabağlar,2+1,24.000 TL,24000
Buca,3+1,24.000 TL,24000
Torbalı,3+1,23.990 TL,23990
Karşıyaka,3+1,24.500 TL,24500
Buca,1+1,24.000 TL,24000
Torbalı,3+1,24.000 TL,24000
Menemen,2+1,24.500 TL,24500
Menemen,2+1,24.000 TL,24000
Bornova,2+1,24.000 TL,24000
Bornova,Stüdyo (1+0),24.000 TL,24000
Çiğli,1+1,24.000 TL,24000
Karabağlar,2+1,24.000 TL,24000
Torbalı,2+1,24.000 TL,24000
Bornova,2+1,24.000 TL,24000
Bayraklı,2+1,24.000 TL,24000
Karabağlar,2+1,24.000 TL,24000
Menderes,2+1,24.500 TL,24500
Buca,2+1,24.000 TL,24000
Bayraklı,2+1,24.500 TL,24500
Karşıyaka,2+1,24.500 TL,24500
Seferihisar,2+1,24.000 TL,24000
Buca,2+1,24.000 TL,24000
Bornova,2+1,24.000 TL,24000
Aliağa,1+1,24.000 TL,24000
Çiğli,1+1,24.000 TL,24000
Buca,2+1,24.500 TL,24500
Bornova,2+1,24.000 TL,24000
Seferihisar,2+1,24.000 TL,24000
Bornova,2+1,24.500 TL,24500
Torbalı,1+1,24.500 TL,24500
Konak,1+1,23.900 TL,23900
Çiğli,1+1,24.500 TL,24500
Konak,2+1,24.000 TL,24000
Tire,3+1,24.000 TL,24000
Karşıyaka,3+1,24.000 TL,24000
Bayraklı,1+1,24.000 TL,24000
Torbalı,1+1,24.000 TL,24000
Bornova,2+1,24.000 TL,24000
Buca,2+1,24.000 TL,24000
Buca,2+1,24.000 TL,24000
Bayraklı,2+1,24.000 TL,24000
Menemen,3+1,24.000 TL,24000
Buca,1+1,24.000 TL,24000
Karşıyaka,1+1,24.000 TL,24000
Buca,2+1,24.000 TL,24000
Bayraklı,3+1,24.000 TL,24000
Buca,1+1,24.000 TL,24000
Karabağlar,3+1,24.000 TL,24000
Buca,1+1,24.000 TL,24000
Konak,2+1,24.000 TL,24000
Karabağlar,3+1,24.000 TL,24000
Bergama,3+1,24.000 TL,24000
Seferihisar,2+1,24.500 TL,24500
Buca,2+1,24.000 TL,24000
Çiğli,2+1,24.000 TL,24000
Karşıyaka,1+1,24.500 TL,24500
Menemen,3+1,24.500 TL,24500
Bornova,Stüdyo (1+0),24.000 TL,24000
Buca,2+1,24.000 TL,24000
Çiğli,2+1,24.000 TL,24000
Menemen,2+1,24.000 TL,24000
Karşıyaka,1+1,24.000 TL,24000
Kemalpaşa,3+1,24.500 TL,24500
Buca,3+1,24.000 TL,24000
Karşıyaka,1+1,24.000 TL,24000
Torbalı,3+1,24.000 TL,24000
Buca,2+1,24.000 TL,24000
Torbalı,3+1,24.000 TL,24000
Buca,2+1,24.000 TL,24000
Bornova,2+1,24.000 TL,24000
Menemen,3+1,24.500 TL,24500
Torbalı,3+1,24.000 TL,24000
Konak,1+1,24.500 TL,24500
Foça,2+1,24.000 TL,24000
Konak,1+1,24.000 TL,24000
Bayraklı,3+1,24.000 TL,24000
Karabağlar,2+1,24.000 TL,24000
Buca,1+1,24.000 TL,24000
Konak,2+1,24.500 TL,24500
Çiğli,1+1,24.000 TL,24000
Menemen,3+1,24.500 TL,24500
Buca,1+1,24.000 TL,24000
Bornova,3+1,24.000 TL,24000
Bornova,2+1,24.000 TL,24000
Seferihisar,2+1,24.500 TL,24500
Buca,2+1,24.000 TL,24000
Karabağlar,2+1,24.000 TL,24000
Buca,1+1,24.000 TL,24000
Karabağlar,2+1,24.000 TL,24000
Menemen,2+1,24.000 TL,24000
Konak,2+1,24.000 TL,24000
Torbalı,2+1,24.000 TL,24000
Buca,1+1,24.000 TL,24000
Menemen,3+1,23.900 TL,23900
Menemen,2+1,24.500 TL,24500
Buca,2+1,24.000 TL,24000
Torbalı,3+1,24.000 TL,24000
Buca,1+1,24.000 TL,24000
Buca,2+1,24.000 TL,24000
Bornova,1+1,24.000 TL,24000
Menemen,3+1,24.000 TL,24000
Torbalı,2+1,24.000 TL,24000
Buca,1+1,24.000 TL,24000
Çiğli,1+1,24.000 TL,24000
Buca,2+1,24.000 TL,24000
Kemalpaşa,2+1,24.000 TL,24000
Çiğli,1+1,24.000 TL,24000
Menemen,2+1,24.000 TL,24000
Torbalı,2+1,24.500 TL,24500
Bornova,2+1,24.000 TL,24000
Buca,2+1,24.500 TL,24500
Bornova,1+1,24.500 TL,24500
Çiğli,1+1,24.500 TL,24500
Seferihisar,2+1,24.000 TL,24000
Karabağlar,3+1,24.000 TL,24000
Urla,3+1,24.000 TL,24000
Karabağlar,3+1,24.500 TL,24500
Menemen,2+1,24.500 TL,24500
Karşıyaka,2+1,24.000 TL,24000
Menemen,2+1,24.000 TL,24000
Bergama,2+1,24.000 TL,24000
Bornova,Stüdyo (1+0),24.000 TL,24000
Bornova,3+1,24.000 TL,24000
Foça,2+1,24.000 TL,24000
Buca,2+1,24.000 TL,24000
Torbalı,2+1,24.000 TL,24000
Konak,2+1,24.000 TL,24000
Bornova,2+1,24.500 TL,24500
Buca,1+1,24.000 TL,24000
Karabağlar,2+1,24.000 TL,24000
Çiğli,1+1,24.000 TL,24000
Torbalı,2+1,24.000 TL,24000
Bayraklı,2+1,24.000 TL,24000
Buca,1+1,24.000 TL,24000
Buca,1+1,24.000 TL,24000
Çiğli,2+1,24.000 TL,24000
Torbalı,3+1,24.000 TL,24000
Karabağlar,3+1,24.000 TL,24000
Balçova,2+1,24.000 TL,24000
Menemen,3+1,24.000 TL,24000
Buca,3+1,24.000 TL,24000
Buca,1+1,24.000 TL,24000
Karabağlar,2+1,24.000 TL,24000
Menemen,2+1,24.000 TL,24000
Buca,1+1,23.750 TL,23750
Çiğli,3+1,24.500 TL,24500
Seferihisar,2+1,24.400 TL,24400
Menemen,1+1,24.000 TL,24000
Çeşme,1+1,24.000 TL,24000
Buca,3+1,24.500 TL,24500
Konak,3+1,24.000 TL,24000
Menemen,2+1,24.000 TL,24000
Seferihisar,2+1,24.500 TL,24500
Buca,2+1,24.500 TL,24500
Karşıyaka,2+1,24.000 TL,24000
Çiğli,2+1,24.000 TL,24000
Seferihisar,2+1,24.000 TL,24000
Buca,1+1,24.000 TL,24000
Buca,1+1,24.000 TL,24000
Bayraklı,2+1,24.000 TL,24000
Buca,3+1,24.000 TL,24000
Buca,1+1,24.200 TL,24200
Menemen,2+1,24.000 TL,24000
Buca,1+1,24.000 TL,24000
Buca,3+1,24.000 TL,24000
Karabağlar,2+1,24.000 TL,24000
Menemen,2+1,24.000 TL,24000
Menemen,3+1,24.000 TL,24000
Seferihisar,1+1,24.000 TL,24000
Karabağlar,2+1,24.000 TL,24000
Bornova,2+1,24.000 TL,24000
Buca,2+1,24.500 TL,24500
Menderes,1+1,24.000 TL,24000
Karabağlar,2+1,24.000 TL,24000
Seferihisar,1+1,24.500 TL,24500
Seferihisar,2+1,24.500 TL,24500
Torbalı,1+1,24.000 TL,24000
Buca,1+1,24.500 TL,24500
Çiğli,3+1,24.000 TL,24000
Konak,2+1,24.000 TL,24000
Foça,1+1,24.000 TL,24000
Bornova,2+1,24.500 TL,24500
Bornova,Stüdyo (1+0),24.000 TL,24000
Bergama,2+1,24.500 TL,24500
Buca,1+1,23.750 TL,23750
Bergama,1+1,24.000 TL,24000
Aliağa,1+1,24.000 TL,24000
Torbalı,1+1,24.000 TL,24000
Torbalı,2+1,24.000 TL,24000
Menemen,1+1,24.000 TL,24000
Seferihisar,1+1,24.000 TL,24000
Seferihisar,2+1,24.250 TL,24250
Bornova,2+1,24.000 TL,24000
Bergama,3+1,24.500 TL,24500
Karşıyaka,2+1,24.500 TL,24500
Bornova,1+1,24.000 TL,24000
Karşıyaka,2+1,24.000 TL,24000
Aliağa,2+1,24.000 TL,24000
Bergama,2+1,24.000 TL,24000
Çiğli,3+1,24.000 TL,24000
Konak,1+1,24.500 TL,24500
Aliağa,2+1,24.000 TL,24000
Buca,2+1,24.000 TL,24000
Seferihisar,2+1,24.000 TL,24000
Bornova,1+1,23.750 TL,23750
Çiğli,2+1,24.000 TL,24000
Ödemiş,2+1,24.000 TL,24000
Bayraklı,2+1,24.000 TL,24000
Çiğli,1+1,24.000 TL,24000
Torbalı,2+1,24.000 TL,24000
Menemen,3+1,24.000 TL,24000
Foça,2+1,24.000 TL,24000
Bornova,2+1,24.000 TL,24000
Buca,2+1,24.000 TL,24000
Menemen,2+1,24.000 TL,24000
Bayraklı,2+1,24.000 TL,24000
Menemen,3+1,24.000 TL,24000
Buca,3+1,24.000 TL,24000
Karabağlar,2+1,24.000 TL,24000
Karabağlar,3+1,24.000 TL,24000
Bornova,2+1,24.499 TL,24499
Buca,3+1,24.000 TL,24000
Buca,3+1,24.000 TL,24000
Buca,1+1,24.000 TL,24000
Karabağlar,3+1,24.000 TL,24000
Çiğli,1+1,24.000 TL,24000
Bornova,1+1,24.500 TL,24500
Aliağa,3+1,24.000 TL,24000
Buca,2+1,24.000 TL,24000
Torbalı,2+1,24.000 TL,24000
Buca,2+1,24.000 TL,24000
Buca,1+1,24.000 TL,24000
Bornova,Stüdyo (1+0),24.500 TL,24500
Çiğli,1+1,24.500 TL,24500
Menemen,1+1,24.500 TL,24500
Buca,1+1,24.000 TL,24000
Bayraklı,1+1,24.000 TL,24000
Konak,2+1,24.000 TL,24000
Bornova,3+1,24.000 TL,24000
Bornova,1+1,24.000 TL,24000
Buca,2+1,24.000 TL,24000
Buca,2+1,24.000 TL,24000
Bornova,2+1,24.500 TL,24500
Menemen,4+1,24.500 TL,24500
Bornova,2+1,24.500 TL,24500
Buca,1+1,24.000 TL,24000
Seferihisar,2+1,24.000 TL,24000
Balçova,Stüdyo (1+0),24.000 TL,24000
Bayraklı,2+1,24.000 TL,24000
Çiğli,1.5+1,24.000 TL,24000
Buca,2+1,24.000 TL,24000
Buca,1+1,24.500 TL,24500
Çiğli,1+1,24.000 TL,24000
Menemen,2+1,24.000 TL,24000
Buca,1+1,24.000 TL,24000
Buca,2+0,24.000 TL,24000
Buca,2+1,24.000 TL,24000
Buca,1+1,24.000 TL,24000
Bergama,2+1,24.000 TL,24000
Menemen,3+1,24.000 TL,24000
Menemen,2+1,24.000 TL,24000
Buca,1+1,24.000 TL,24000
Karabağlar,1+1,24.000 TL,24000
Bergama,3+1,24.000 TL,24000
Gaziemir,1+1,24.500 TL,24500
Balçova,2+1,24.000 TL,24000
Konak,2+1,24.000 TL,24000
Buca,1+1,24.000 TL,24000
Konak,3+1,24.000 TL,24000
Konak,2+1,24.000 TL,24000
Buca,1+1,24.000 TL,24000
Buca,1+1,24.000 TL,24000
Çiğli,2+1,24.000 TL,24000
Seferihisar,2+1,24.000 TL,24000
Çiğli,3+1,24.000 TL,24000
Gaziemir,3+1,24.000 TL,24000
Buca,2+1,24.000 TL,24000
Bornova,1+1,24.000 TL,24000
Buca,2+1,24.000 TL,24000
Buca,1+1,24.000 TL,24000
Bergama,1+1,24.000 TL,24000
Seferihisar,1+1,24.000 TL,24000
Bayraklı,2+1,24.000 TL,24000
Torbalı,3+1,24.000 TL,24000
Konak,Stüdyo (1+0),24.000 TL,24000
Seferihisar,1+1,24.500 TL,24500
Narlıdere,2+1,24.000 TL,24000
Bergama,2+1,24.500 TL,24500
Karşıyaka,1+1,24.000 TL,24000
Tire,3+1,24.500 TL,24500
Karşıyaka,2+1,23.750 TL,23750
Buca,2+1,24.000 TL,24000
Buca,1+1,24.500 TL,24500
Buca,2+1,24.000 TL,24000
Buca,3+1,24.000 TL,24000
Bornova,3+1,24.000 TL,24000
Menderes,2+1,24.000 TL,24000
Menderes,2+1,24.000 TL,24000
Konak,2+1,24.000 TL,24000
Buca,3+1,24.500 TL,24500
Konak,3+1,24.000 TL,24000
Çiğli,3+1,24.000 TL,24000
Menemen,3+1,24.000 TL,24000
Kemalpaşa,2+1,24.000 TL,24000
Karabağlar,2+1,24.000 TL,24000
Seferihisar,2+1,24.000 TL,24000
Menemen,3+1,24.000 TL,24000
Kemalpaşa,2+1,24.000 TL,24000
Buca,1+1,24.000 TL,24000
Çiğli,3+1,24.000 TL,24000
Karşıyaka,2+1,24.000 TL,24000
Çiğli,1+1,24.000 TL,24000
Karabağlar,2+1,24.000 TL,24000
Torbalı,2+1,24.000 TL,24000
Menemen,2+1,24.000 TL,24000
Menemen,2+1,24.000 TL,24000
Bornova,2+1,24.000 TL,24000
Menemen,3+1,23.750 TL,23750
Buca,2+1,24.500 TL,24500
Bornova,2+1,24.000 TL,24000
Buca,3+1,24.500 TL,24500
Torbalı,1+1,24.000 TL,24000
Bornova,3+1,24.000 TL,24000
Buca,2+1,24.500 TL,24500
Karşıyaka,2+1,24.500 TL,24500
Dikili,2+1,24.000 TL,24000
Konak,1+1,24.000 TL,24000
Bayraklı,3+1,24.500 TL,24500
Buca,2+1,24.000 TL,24000
Tire,2+1,24.000 TL,24000
Çiğli,3+1,24.000 TL,24000
Menemen,3+1,24.000 TL,24000
Menemen,3+1,24.000 TL,24000
Karşıyaka,2+1,24.000 TL,24000
Buca,2+1,24.000 TL,24000
Menemen,2+1,24.500 TL,24500
Karabağlar,3+1,24.000 TL,24000
Bayraklı,2+1,24.000 TL,24000
Buca,3+1,24.500 TL,24500
Bornova,3+1,24.000 TL,24000
Çiğli,2+1,24.000 TL,24000
Gaziemir,1+1,24.000 TL,24000
Çiğli,2+1,24.000 TL,24000
Karabağlar,3+1,24.000 TL,24000
Karabağlar,2+1,24.500 TL,24500
Bornova,3+1,24.000 TL,24000
Konak,2+1,24.250 TL,24250
Karşıyaka,2+1,24.000 TL,24000
Konak,1+1,24.000 TL,24000
Çiğli,2+1,24.000 TL,24000
Buca,2+1,24.000 TL,24000
Torbalı,3+1,24.000 TL,24000
Buca,1+1,24.000 TL,24000
Konak,1+1,24.000 TL,24000
Torbalı,3+1,24.500 TL,24500
Bornova,2+1,24.000 TL,24000
Konak,2+1,24.000 TL,24000
Karabağlar,3+1,24.000 TL,24000
Torbalı,2+1,24.000 TL,24000
Konak,1+1,24.000 TL,24000
Bornova,3+1,24.000 TL,24000
Buca,2+1,24.500 TL,24500
Güzelbahçe,1.5+1,24.000 TL,24000
Gaziemir,2+1,24.000 TL,24000
Buca,3+1,24.000 TL,24000
Bayraklı,3+1,24.000 TL,24000
Bayraklı,2+1,24.000 TL,24000
Menemen,3+1,24.000 TL,24000
Buca,2+1,24.000 TL,24000
Menemen,2+1,24.000 TL,24000
Bornova,Stüdyo (1+0),24.000 TL,24000
Seferihisar,1+1,24.250 TL,24250
Dikili,2+1,24.500 TL,24500
Çiğli,3+1,24.000 TL,24000
Menemen,3+1,24.000 TL,24000
Buca,1+1,24.500 TL,24500
Konak,1+1,24.500 TL,24500
Seferihisar,2+1,24.000 TL,24000
Buca,3+1,24.000 TL,24000
Bornova,1+1,24.000 TL,24000
Aliağa,1+1,24.000 TL,24000
Bornova,3+1,24.000 TL,24000
Bornova,3+1,24.000 TL,24000
Buca,2+1,24.500 TL,24500
Seferihisar,2+1,24.750 TL,24750
Buca,2+1,24.950 TL,24950
Buca,3+1,24.750 TL,24750
Buca,1+1,24.750 TL,24750
Bayraklı,3+1,24.950 TL,24950
Buca,2+1,24.850 TL,24850
Menemen,1+1,24.750 TL,24750
Menemen,2+1,24.900 TL,24900
Karşıyaka,1+1,24.750 TL,24750
Menemen,3+1,24.750 TL,24750
Çiğli,3+1,24.750 TL,24750
Konak,3+1,25.000 TL,25000
Buca,1+1,25.000 TL,25000
Buca,2+1,25.000 TL,25000
Bornova,2+1,25.000 TL,25000
Buca,2+1,25.000 TL,25000
Torbalı,2+1,25.000 TL,25000
Bornova,1+1,25.000 TL,25000
Bornova,2+0,25.000 TL,25000
Buca,2+1,25.000 TL,25000
Karabağlar,2+1,25.000 TL,25000
Torbalı,2+1,25.000 TL,25000
Dikili,2+1,25.000 TL,25000
Bornova,3+1,25.000 TL,25000
Menderes,3+1,25.000 TL,25000
Menderes,2+1,25.000 TL,25000
Menemen,3+1,25.000 TL,25000
Torbalı,1+1,25.000 TL,25000
Buca,1+1,25.000 TL,25000
Çiğli,3+1,25.000 TL,25000
Aliağa,1+1,25.000 TL,25000
Selçuk,1+1,25.000 TL,25000
Buca,3+1,25.000 TL,25000
Karabağlar,3+1,25.000 TL,25000
Karabağlar,2+1,25.000 TL,25000
Aliağa,3+1,25.000 TL,25000
Seferihisar,1+1,25.000 TL,25000
Buca,1+1,25.000 TL,25000
Buca,1+1,25.000 TL,25000
Buca,3+1,25.000 TL,25000
Karabağlar,2+1,25.000 TL,25000
Buca,4+1,25.000 TL,25000
Çiğli,3+1,25.000 TL,25000
Buca,2+1,25.000 TL,25000
Seferihisar,2+1,25.000 TL,25000
Buca,1+1,25.000 TL,25000
Karabağlar,2+1,25.000 TL,25000
Foça,1+1,25.000 TL,25000
Seferihisar,2+1,25.000 TL,25000
Konak,2+1,25.000 TL,25000
Aliağa,3+1,25.000 TL,25000
Güzelbahçe,3+1,25.000 TL,25000
Konak,2+1,25.000 TL,25000
Bergama,1+1,25.000 TL,25000
Buca,2+1,25.000 TL,25000
Bornova,3+1,25.000 TL,25000
Çiğli,3+1,25.000 TL,25000
Karşıyaka,3+1,25.000 TL,25000
Konak,2+1,25.000 TL,25000
Buca,2+1,25.000 TL,25000
Bayraklı,2+1,25.000 TL,25000
Bornova,2+1,25.000 TL,25000
Çiğli,1+1,25.000 TL,25000
Konak,2+1,25.000 TL,25000
Çiğli,1+1,25.000 TL,25000
Buca,3+1,25.000 TL,25000
Konak,3+1,25.000 TL,25000
Buca,1+1,25.000 TL,25000
Menderes,3+1,25.000 TL,25000
Menderes,1+1,25.000 TL,25000
Çiğli,1+1,25.000 TL,25000
Seferihisar,1+1,25.000 TL,25000
Buca,2+1,25.000 TL,25000
Konak,2+1,25.000 TL,25000
Seferihisar,1+1,25.000 TL,25000
Selçuk,2+1,25.000 TL,25000
Balçova,1+1,25.000 TL,25000
Tire,2+1,25.000 TL,25000
Balçova,2+1,25.000 TL,25000
Bornova,3+1,25.000 TL,25000
Çiğli,1+1,25.000 TL,25000
Bergama,1+1,25.000 TL,25000
Aliağa,2+1,25.000 TL,25000
Buca,2+1,25.000 TL,25000
Seferihisar,2+1,25.000 TL,25000
Buca,1+1,25.000 TL,25000
Buca,2+1,25.000 TL,25000
Seferihisar,2+1,25.000 TL,25000
Bornova,3+1,25.000 TL,25000
Torbalı,3+1,25.000 TL,25000
Buca,2+1,25.000 TL,25000
Buca,2+1,25.000 TL,25000
Buca,3+1,25.000 TL,25000
Karabağlar,2+1,25.000 TL,25000
Buca,2+1,25.000 TL,25000
Kemalpaşa,2+1,25.000 TL,25000
Menemen,3+1,25.000 TL,25000
Bergama,3+1,25.000 TL,25000
Karşıyaka,3+1,25.000 TL,25000
Karabağlar,2+1,25.000 TL,25000
Çiğli,1+1,25.000 TL,25000
Karşıyaka,2+1,25.000 TL,25000
Buca,2+1,25.000 TL,25000
Karabağlar,2+1,25.000 TL,25000
Buca,1+1,25.000 TL,25000
Karşıyaka,2+1,25.000 TL,25000
Selçuk,3+1,25.000 TL,25000
Menemen,3+1,25.000 TL,25000
Bornova,2+1,25.000 TL,25000
Buca,2+1,25.000 TL,25000
Foça,2+1,25.000 TL,25000
Çiğli,2+1,25.000 TL,25000
Çiğli,2+1,25.000 TL,25000
Seferihisar,2+1,25.000 TL,25000
Seferihisar,3+1,25.000 TL,25000
Gaziemir,3+1,25.000 TL,25000
Karşıyaka,1+1,25.000 TL,25000
Karabağlar,2+1,25.000 TL,25000
Aliağa,3+1,25.000 TL,25000
Aliağa,3+1,25.000 TL,25000
Güzelbahçe,2+1,25.000 TL,25000
Buca,2+1,25.000 TL,25000
Bornova,Stüdyo (1+0),25.000 TL,25000
Dikili,2+1,25.000 TL,25000
Bornova,2+1,25.000 TL,25000
Konak,3+1,25.000 TL,25000
Foça,2+1,25.000 TL,25000
Bornova,2+1,25.000 TL,25000
Konak,2+1,25.000 TL,25000
Bayraklı,2+1,25.000 TL,25000
Çiğli,2+1,25.000 TL,25000
Konak,2+1,25.000 TL,25000
Kemalpaşa,3+1,25.000 TL,25000
Foça,2+1,25.000 TL,25000
Bayraklı,3+1,25.000 TL,25000
Buca,2+1,25.000 TL,25000
Çiğli,3+1,25.000 TL,25000
Torbalı,2+1,25.000 TL,25000
Buca,2+1,25.000 TL,25000
Karabağlar,3+1,25.000 TL,25000
Seferihisar,2+1,25.000 TL,25000
Buca,2+1,25.000 TL,25000
Karşıyaka,2+1,25.000 TL,25000
Çiğli,1+1,25.000 TL,25000
Buca,3+1,25.000 TL,25000
Karşıyaka,3+1,25.000 TL,25000
Torbalı,3+1,25.000 TL,25000
Çiğli,3+1,25.000 TL,25000
Torbalı,3+1,25.000 TL,25000
Buca,2+1,25.000 TL,25000
Menemen,2+1,25.000 TL,25000
Buca,3+1,25.000 TL,25000
Bornova,1+1,25.000 TL,25000
Buca,3+1,25.000 TL,25000
Menderes,2+1,25.000 TL,25000
Çiğli,2+1,25.000 TL,25000
Karşıyaka,2+1,25.000 TL,25000
Seferihisar,3+1,25.000 TL,25000
Karşıyaka,3+1,25.000 TL,25000
Buca,1+1,25.000 TL,25000
Buca,1+1,25.000 TL,25000
Urla,1+1,25.000 TL,25000
Urla,1+1,25.000 TL,25000
Menemen,3+1,25.000 TL,25000
Buca,2+1,25.000 TL,25000
Karabağlar,2+1,25.000 TL,25000
Bayraklı,2+1,25.000 TL,25000
Torbalı,3+1,25.000 TL,25000
Konak,2+1,25.000 TL,25000
Buca,2+1,25.000 TL,25000
Foça,2+1,25.000 TL,25000
Foça,2+1,25.000 TL,25000
Karşıyaka,3+1,25.000 TL,25000
Buca,2+1,25.000 TL,25000
Karabağlar,3+1,25.000 TL,25000
Konak,2+1,25.000 TL,25000
Buca,1+1,25.000 TL,25000
Karabağlar,2+1,25.000 TL,25000
Kiraz,2+1,25.000 TL,25000
Konak,2+1,25.000 TL,25000
Karabağlar,2+1,25.000 TL,25000
Torbalı,2+1,25.000 TL,25000
Karabağlar,1+1,25.000 TL,25000
Çiğli,2+1,25.000 TL,25000
Karabağlar,2+1,25.000 TL,25000
Bornova,2+1,25.000 TL,25000
Menemen,3+1,25.000 TL,25000
Karabağlar,2+1,25.000 TL,25000
Gaziemir,3+1,25.000 TL,25000
Bornova,3+1,25.000 TL,25000
Menderes,2+1,25.000 TL,25000
Seferihisar,2+1,25.000 TL,25000
Buca,1+1,25.000 TL,25000
Buca,2+0,25.000 TL,25000
Karşıyaka,1+1,25.000 TL,25000
Buca,2+1,25.000 TL,25000
Buca,1+1,25.000 TL,25000
Selçuk,2+1,25.000 TL,25000
Foça,3+1,25.000 TL,25000
Seferihisar,2+1,25.000 TL,25000
Karabağlar,2+1,25.000 TL,25000
Foça,2+1,25.000 TL,25000
Selçuk,1+1,25.000 TL,25000
Selçuk,2+1,25.000 TL,25000
Menemen,2+1,25.000 TL,25000
Karşıyaka,2+1,25.000 TL,25000
Çiğli,1+1,25.000 TL,25000
Buca,3+1,25.000 TL,25000
Torbalı,2+1,25.000 TL,25000
Gaziemir,1+1,25.000 TL,25000
Bornova,1+1,25.000 TL,25000
Çiğli,1+1,25.000 TL,25000
Menemen,2+1,25.000 TL,25000
Karşıyaka,3+1,25.000 TL,25000
Bornova,3+1,25.000 TL,25000
Bornova,2+1,25.000 TL,25000
Seferihisar,1+1,25.000 TL,25000
Karşıyaka,2+1,25.000 TL,25000
Bayraklı,3+1,25.000 TL,25000
Bergama,3+1,25.000 TL,25000
Bornova,3+1,25.000 TL,25000
Çiğli,1+1,25.000 TL,25000
Konak,2+1,25.000 TL,25000
Karabağlar,2+1,25.000 TL,25000
Çiğli,2+1,25.000 TL,25000
Seferihisar,1+1,25.000 TL,25000
Seferihisar,2+1,25.000 TL,25000
Buca,1+1,25.000 TL,25000
Çeşme,2+1,25.000 TL,25000
Karşıyaka,1+1,25.000 TL,25000
Çeşme,1+1,25.000 TL,25000
Karabağlar,2+1,25.000 TL,25000
Narlıdere,1+1,25.000 TL,25000
Konak,3+1,25.000 TL,25000
Torbalı,3+1,25.000 TL,25000
Karabağlar,2+1,25.000 TL,25000
Torbalı,2+1,25.000 TL,25000
Torbalı,3+1,25.000 TL,25000
Torbalı,2+1,25.000 TL,25000
Menderes,2+1,25.000 TL,25000
Seferihisar,2+1,25.000 TL,25000
Torbalı,2+1,25.000 TL,25000
Urla,1+1,25.000 TL,25000
Torbalı,3+1,25.000 TL,25000
Konak,2+1,25.000 TL,25000
Çiğli,3+1,25.000 TL,25000
Karabağlar,2+1,25.000 TL,25000
Seferihisar,2+1,25.000 TL,25000
Buca,1+1,25.000 TL,25000
Torbalı,2+1,25.000 TL,25000
Buca,1+1,25.000 TL,25000
Bayraklı,2+1,25.000 TL,25000
Menemen,3+1,25.000 TL,25000
Karşıyaka,2+1,25.000 TL,25000
Konak,2+1,25.000 TL,25000
Karabağlar,3+1,25.000 TL,25000
Bayraklı,2+1,25.000 TL,25000
Konak,3+1,25.000 TL,25000
Çiğli,2+1,25.000 TL,25000
Foça,2+1,25.000 TL,25000
Seferihisar,1+1,25.000 TL,25000
Çiğli,2+1,25.000 TL,25000
Menderes,2+1,25.000 TL,25000
Konak,2+1,25.000 TL,25000
Karşıyaka,3+1,25.000 TL,25000
Karşıyaka,2+1,25.000 TL,25000
Kemalpaşa,2+1,25.000 TL,25000
Bornova,1+1,25.000 TL,25000
Buca,3+1,25.000 TL,25000
Torbalı,2+1,25.000 TL,25000
Menemen,2+1,25.000 TL,25000
Foça,2+1,25.000 TL,25000
Buca,1+1,25.000 TL,25000
Bornova,Stüdyo (1+0),25.000 TL,25000
Karabağlar,2+1,25.000 TL,25000
Karşıyaka,2+1,25.000 TL,25000
Konak,2+1,25.000 TL,25000
Çiğli,1+1,25.000 TL,25000
Karabağlar,2+1,25.000 TL,25000
Çiğli,2+1,25.000 TL,25000
Ödemiş,2+1,25.000 TL,25000
Buca,1+1,25.000 TL,25000
Buca,3+1,25.000 TL,25000
Seferihisar,2+1,25.000 TL,25000
Buca,2+1,25.000 TL,25000
Foça,2+1,25.000 TL,25000
Konak,2+1,25.000 TL,25000
Karabağlar,3+1,25.000 TL,25000
Dikili,2+1,25.000 TL,25000
Torbalı,1+1,25.000 TL,25000
Karşıyaka,2+1,25.000 TL,25000
Bornova,2+1,25.000 TL,25000
Karşıyaka,3+1,25.000 TL,25000
Bornova,3+1,25.000 TL,25000
Çiğli,1+1,25.000 TL,25000
Ödemiş,3+1,25.000 TL,25000
Balçova,3+1,25.000 TL,25000
Ödemiş,4+1,25.000 TL,25000
Konak,3+1,25.000 TL,25000
Karşıyaka,2+1,25.000 TL,25000
Foça,2+1,25.000 TL,25000
Karşıyaka,2+1,25.000 TL,25000
Menemen,2+1,25.000 TL,25000
Karşıyaka,3+1,25.000 TL,25000
Karşıyaka,1+1,25.000 TL,25000
Karabağlar,3+1,25.000 TL,25000
Bornova,3+1,25.000 TL,25000
Buca,2+1,25.000 TL,25000
Karşıyaka,1+1,25.000 TL,25000
Buca,2+1,25.000 TL,25000
Bornova,2+1,25.000 TL,25000
Kemalpaşa,2+1,25.000 TL,25000
Bornova,3+1,25.000 TL,25000
Bayraklı,1+1,25.000 TL,25000
Çiğli,1+1,25.000 TL,25000
Karşıyaka,Stüdyo (1+0),25.000 TL,25000
Karabağlar,2+1,25.000 TL,25000
Torbalı,2+1,25.000 TL,25000
Bayraklı,2+1,25.000 TL,25000
Dikili,1+1,25.000 TL,25000
Dikili,2+1,25.000 TL,25000
Buca,1+1,25.000 TL,25000
Buca,3+1,25.000 TL,25000
Menderes,2+1,25.000 TL,25000
Foça,2+1,25.000 TL,25000
Menderes,2+1,25.000 TL,25000
Bornova,3+1,25.000 TL,25000
Ödemiş,4+1,25.000 TL,25000
Karabağlar,3+1,25.000 TL,25000
Menemen,3+1,25.000 TL,25000
Buca,3+1,25.000 TL,25000
Buca,1+1,25.000 TL,25000
Buca,1+1,25.000 TL,25000
Çiğli,1+1,25.000 TL,25000
Çiğli,1+1,25.000 TL,25000
Dikili,2+1,25.000 TL,25000
Buca,2+1,25.000 TL,25000
Selçuk,1+1,25.000 TL,25000
Seferihisar,3+1,25.000 TL,25000
Buca,1+1,25.000 TL,25000
Torbalı,2+1,25.000 TL,25000
Torbalı,2+1,25.000 TL,25000
Çiğli,1+1,25.000 TL,25000
Karabağlar,2+1,25.000 TL,25000
Torbalı,2+1,25.000 TL,25000
Torbalı,2+1,25.000 TL,25000
Bornova,1+1,25.000 TL,25000
Torbalı,2+1,25.000 TL,25000
Seferihisar,3+1,25.000 TL,25000
Bornova,2+1,25.000 TL,25000
Bornova,3+1,25.000 TL,25000
Buca,2+1,25.000 TL,25000
Ödemiş,1+1,25.000 TL,25000
Karşıyaka,3+1,25.000 TL,25000
Menderes,1+1,25.000 TL,25000
Buca,2+1,25.000 TL,25000
Bornova,2+1,25.000 TL,25000
Konak,2+1,25.000 TL,25000
Buca,3+1,25.000 TL,25000
Çiğli,2+1,25.000 TL,25000
Karabağlar,2+1,25.000 TL,25000
Torbalı,2+1,25.000 TL,25000
Karabağlar,2+1,25.000 TL,25000
Konak,3+1,25.000 TL,25000
Foça,2+1,25.000 TL,25000
Menemen,2+1,25.000 TL,25000
Bornova,1+1,25.000 TL,25000
Aliağa,3+1,25.000 TL,25000
Çiğli,2+1,25.000 TL,25000
Bornova,3+1,25.000 TL,25000
Buca,3+1,25.000 TL,25000
Menemen,1+1,25.000 TL,25000
Buca,2+1,25.000 TL,25000
Karşıyaka,3+1,25.000 TL,25000
Karşıyaka,2+1,25.000 TL,25000
Torbalı,2+1,25.000 TL,25000
Buca,1+1,25.000 TL,25000
Buca,2+1,25.000 TL,25000
Dikili,2+1,25.000 TL,25000
Bornova,1+1,25.000 TL,25000
Menderes,2+1,25.000 TL,25000
Selçuk,3+1,25.000 TL,25000
Buca,2+0,25.000 TL,25000
Karabağlar,3+1,25.000 TL,25000
Aliağa,2+1,25.000 TL,25000
Aliağa,1+1,25.000 TL,25000
Seferihisar,1+1,25.000 TL,25000
Karşıyaka,1+1,25.000 TL,25000
Menemen,3+1,25.000 TL,25000
Çiğli,2+1,25.000 TL,25000
Urla,2+1,25.000 TL,25000
Bergama,2+1,25.000 TL,25000
Menemen,2+1,25.000 TL,25000
Çiğli,1+1,25.000 TL,25000
Buca,2+1,25.000 TL,25000
Menderes,1+1,25.000 TL,25000
Seferihisar,1+1,25.000 TL,25000
Buca,2+1,25.000 TL,25000
Bayraklı,2+1,25.000 TL,25000
Çiğli,2+1,25.000 TL,25000
Kemalpaşa,3+1,25.000 TL,25000
Konak,3+1,25.000 TL,25000
Selçuk,1+1,25.000 TL,25000
Buca,3+1,25.000 TL,25000
Bergama,2+1,25.000 TL,25000
Buca,1+1,25.000 TL,25000
Seferihisar,2+1,25.000 TL,25000
Konak,3+1,25.000 TL,25000
Dikili,3+1,25.000 TL,25000
Çeşme,,25.000 TL,25000
Buca,3+1,25.000 TL,25000
Çiğli,1+1,25.000 TL,25000
Buca,1+1,25.000 TL,25000
Karabağlar,3+1,25.000 TL,25000
Dikili,2+1,25.000 TL,25000
Buca,2+1,25.000 TL,25000
Konak,1+1,25.000 TL,25000
Konak,3+1,25.000 TL,25000
Çiğli,1+1,25.000 TL,25000
Menderes,2+1,25.000 TL,25000
Karşıyaka,2+1,25.000 TL,25000
Kemalpaşa,1+1,25.000 TL,25000
Aliağa,3+1,25.000 TL,25000
Bornova,3+1,25.000 TL,25000
Bayındır,3+1,25.000 TL,25000
Karabağlar,3+1,25.000 TL,25000
Buca,3+1,25.000 TL,25000
Menemen,1+1,25.000 TL,25000
Buca,2+1,25.000 TL,25000
Bornova,1+1,25.000 TL,25000
Torbalı,3+1,25.000 TL,25000
Karabağlar,2+1,25.000 TL,25000
Konak,1+1,25.000 TL,25000
Buca,3+1,25.000 TL,25000
Bornova,3+1,25.000 TL,25000
Buca,2+1,25.000 TL,25000
Menemen,2+1,25.000 TL,25000
Karşıyaka,2+1,25.000 TL,25000
Konak,3+1,25.000 TL,25000
Tire,3+1,25.000 TL,25000
Karabağlar,4+1,25.000 TL,25000
Seferihisar,2+1,25.000 TL,25000
Bornova,3+1,25.000 TL,25000
Torbalı,2+1,25.000 TL,25000
Menemen,2+1,25.000 TL,25000
Çiğli,1.5+1,25.000 TL,25000
Çiğli,3+1,25.000 TL,25000
Karşıyaka,2+1,25.000 TL,25000
Seferihisar,2+1,25.000 TL,25000
Menemen,1+1,25.000 TL,25000
Buca,1+1,25.000 TL,25000
Buca,1+1,25.000 TL,25000
Seferihisar,2+1,25.000 TL,25000
Çiğli,4+1,25.000 TL,25000
Konak,3+1,25.000 TL,25000
Balçova,2+1,25.000 TL,25000
Gaziemir,2+1,25.000 TL,25000
Menemen,2+1,25.000 TL,25000
Bornova,1+1,25.000 TL,25000
Bornova,2+1,25.000 TL,25000
Seferihisar,2+1,25.000 TL,25000
Buca,2+1,25.000 TL,25000
Çiğli,2+1,25.000 TL,25000
Buca,2+1,25.000 TL,25000
Buca,2+1,25.000 TL,25000
Foça,2+1,25.000 TL,25000
Bayraklı,2+1,25.000 TL,25000
Bornova,3+1,25.000 TL,25000
Bornova,3+1,25.000 TL,25000
Karşıyaka,3+1,25.000 TL,25000
Torbalı,3+1,25.000 TL,25000
Buca,2+1,25.000 TL,25000
Torbalı,1+1,25.000 TL,25000
Bornova,3+1,25.000 TL,25000
Bornova,1+1,25.000 TL,25000
Bornova,2+1,25.000 TL,25000
Seferihisar,2+1,25.000 TL,25000
Ödemiş,2+1,25.000 TL,25000
Bornova,3+1,25.000 TL,25000
Torbalı,3+1,25.000 TL,25000
Buca,1+1,25.000 TL,25000
Tire,1+1,25.000 TL,25000
Buca,1+1,25.000 TL,25000
Bornova,2+1,25.000 TL,25000
Seferihisar,1+1,25.000 TL,25000
Seferihisar,1+1,25.000 TL,25000
Karabağlar,2+1,25.000 TL,25000
Bornova,1+1,25.000 TL,25000
Bergama,2+1,25.000 TL,25000
Buca,2+1,25.000 TL,25000
Bornova,1+1,25.000 TL,25000
Aliağa,3+1,25.000 TL,25000
Gaziemir,2+1,25.000 TL,25000
Konak,3+1,25.000 TL,25000
Buca,2+1,25.000 TL,25000
Buca,2+1,25.000 TL,25000
Menderes,2+1,25.000 TL,25000
Çiğli,3+1,25.000 TL,25000
Seferihisar,2+1,25.000 TL,25000
Çiğli,3+1,25.000 TL,25000
Buca,2+1,25.000 TL,25000
Seferihisar,3+1,25.000 TL,25000
Bayraklı,3+1,25.000 TL,25000
Seferihisar,3+1,25.000 TL,25000
Konak,2+1,25.000 TL,25000
Balçova,2+1,25.000 TL,25000
Torbalı,2+1,25.000 TL,25000
Balçova,1+1,25.000 TL,25000
Karabağlar,2+1,25.000 TL,25000
Torbalı,2+1,25.000 TL,25000
Seferihisar,1.5+1,25.000 TL,25000
Torbalı,2+1,25.000 TL,25000
Buca,2+1,25.000 TL,25000
Torbalı,2+1,25.000 TL,25000
Torbalı,3+1,25.000 TL,25000
Kemalpaşa,2+1,25.000 TL,25000
Bayraklı,2+1,25.000 TL,25000
Menemen,2+1,25.000 TL,25000
Buca,3+1,25.000 TL,25000
Selçuk,3+1,25.000 TL,25000
Bornova,3+1,25.000 TL,25000
Karşıyaka,2+1,25.000 TL,25000
Torbalı,3+1,25.000 TL,25000
Seferihisar,1+1,25.000 TL,25000
Seferihisar,2+1,25.000 TL,25000
Karabağlar,1+1,25.000 TL,25000
Torbalı,3+1,25.000 TL,25000
Bornova,2+1,25.000 TL,25000
Torbalı,2+1,25.000 TL,25000
Torbalı,2+1,25.000 TL,25000
Menemen,3+1,25.000 TL,25000
Menderes,2+1,25.000 TL,25000
Menderes,2+1,25.000 TL,25000
Menderes,1+1,25.000 TL,25000
Ödemiş,3+1,25.000 TL,25000
Konak,3+1,25.000 TL,25000
Buca,3+1,25.000 TL,25000
Buca,2+1,25.000 TL,25000
Seferihisar,1+1,25.000 TL,25000
Seferihisar,2+1,25.000 TL,25000
Torbalı,2+1,25.000 TL,25000
Bayraklı,2+1,25.000 TL,25000
Buca,2+1,25.000 TL,25000
Seferihisar,1+1,25.000 TL,25000
Konak,2+1,25.000 TL,25000
Bergama,3+1,25.000 TL,25000
Çiğli,2+1,25.000 TL,25000
Torbalı,2+1,25.000 TL,25000
Karşıyaka,1+1,25.000 TL,25000
Bornova,,25.000 TL,25000
Konak,3+1,25.000 TL,25000
Karabağlar,3+1,25.000 TL,25000
Karşıyaka,2+1,25.000 TL,25000
Balçova,2+1,25.000 TL,25000
Torbalı,2+1,25.000 TL,25000
Bornova,3+1,25.000 TL,25000
Menderes,1+1,25.000 TL,25000
Buca,1+1,25.000 TL,25000
Buca,2+1,25.000 TL,25000
Çiğli,2+1,25.000 TL,25000
Bergama,2+1,25.000 TL,25000
Çiğli,2+1,25.000 TL,25000
Bornova,2+1,25.000 TL,25000
Konak,1+1,25.000 TL,25000
Menemen,2+1,25.000 TL,25000
Karabağlar,3+1,25.000 TL,25000
Menemen,1+1,25.000 TL,25000
Tire,3+1,25.000 TL,25000
Karşıyaka,2+1,25.000 TL,25000
Buca,3+1,25.000 TL,25000
Buca,2+1,25.000 TL,25000
Konak,1+1,25.000 TL,25000
Kemalpaşa,3+1,25.000 TL,25000
Bornova,2+1,25.000 TL,25000
Menemen,1+1,25.000 TL,25000
Menemen,2+0,25.000 TL,25000
Karabağlar,3+1,25.000 TL,25000
Bergama,1+1,25.000 TL,25000
Foça,1+1,25.000 TL,25000
Çiğli,2+1,25.000 TL,25000
Buca,2+1,25.000 TL,25000
Bornova,2+1,25.000 TL,25000
Bayraklı,2+1,25.000 TL,25000
Karaburun,2+1,25.000 TL,25000
Dikili,2+1,25.000 TL,25000
Bayraklı,2+1,25.000 TL,25000
Buca,1+1,25.000 TL,25000
Buca,2+1,25.000 TL,25000
Konak,2+1,25.000 TL,25000
Aliağa,2+1,25.000 TL,25000
Buca,2+1,25.000 TL,25000
Gaziemir,3+1,25.000 TL,25000
Çiğli,1+1,25.000 TL,25000
Torbalı,3+1,25.000 TL,25000
Konak,2+1,25.000 TL,25000
Seferihisar,3+1,25.000 TL,25000
Bayraklı,2+1,25.000 TL,25000
Çiğli,2+1,25.000 TL,25000
Çiğli,1+1,25.000 TL,25000
Karabağlar,2+1,25.000 TL,25000
Bornova,3+1,25.000 TL,25000
Buca,2+1,25.000 TL,25000
Torbalı,2+1,25.000 TL,25000
Karşıyaka,2+1,25.000 TL,25000
Bornova,2+1,25.000 TL,25000
Bornova,2+1,25.000 TL,25000
Çiğli,3+1,25.000 TL,25000
Buca,1+1,25.000 TL,25000
Buca,3+1,25.000 TL,25000
Bayraklı,2+1,25.000 TL,25000
Buca,2+1,25.000 TL,25000
Gaziemir,3+1,25.000 TL,25000
Bornova,Stüdyo (1+0),25.000 TL,25000
Çiğli,1+1,25.000 TL,25000
Buca,3+1,25.000 TL,25000
Torbalı,2+1,25.000 TL,25000
Bornova,4+1,25.000 TL,25000
Torbalı,3+1,25.000 TL,25000
Buca,3+1,25.000 TL,25000
Foça,2+1,25.000 TL,25000
Buca,3+1,25.000 TL,25000
Buca,2+1,25.000 TL,25000
Menemen,3+1,25.000 TL,25000
Karabağlar,2+1,25.000 TL,25000
Torbalı,2+1,25.000 TL,25000
Menderes,2+1,25.000 TL,25000
Çiğli,2+1,25.000 TL,25000
Bornova,3+1,25.000 TL,25000
Torbalı,2+1,25.000 TL,25000
Bornova,Stüdyo (1+0),25.000 TL,25000
Buca,1+1,25.000 TL,25000
Menemen,1.5+1,25.000 TL,25000
Menemen,2+1,25.000 TL,25000
Bayraklı,2+1,25.000 TL,25000
Ödemiş,3+1,25.000 TL,25000
Torbalı,3+1,25.000 TL,25000
Menemen,2+1,25.000 TL,25000
Tire,2+1,25.000 TL,25000
Karşıyaka,2+1,25.000 TL,25000
Karabağlar,2+1,25.000 TL,25000
Buca,2+1,25.000 TL,25000
Konak,3+1,25.000 TL,25000
Bayraklı,2+1,25.000 TL,25000
Buca,1+1,25.000 TL,25000
Buca,3+1,25.000 TL,25000
Urla,1+1,25.000 TL,25000
Menemen,1+1,25.000 TL,25000
Torbalı,2+1,25.000 TL,25000
Tire,3+1,25.000 TL,25000
Bornova,3+1,25.000 TL,25000
Buca,3+1,25.000 TL,25000
Menemen,2+1,25.000 TL,25000
Karaburun,2+1,25.000 TL,25000
Aliağa,2+1,25.000 TL,25000
Buca,2+1,25.000 TL,25000
Bayraklı,3+1,25.000 TL,25000
Bornova,2+1,25.000 TL,25000
Karabağlar,2+1,25.000 TL,25000
Buca,3+1,25.000 TL,25000
Karşıyaka,2+1,25.000 TL,25000
Konak,3+1,25.000 TL,25000
Bornova,3+1,25.000 TL,25000
Buca,1+1,25.000 TL,25000
Menemen,2+1,25.000 TL,25000
Menemen,3+1,25.000 TL,25000
Buca,1+1,25.000 TL,25000
Buca,2+1,25.000 TL,25000
Menemen,3+1,25.000 TL,25000
Bornova,3+1,25.000 TL,25000
Karabağlar,3+1,25.000 TL,25000
Menemen,2+1,25.000 TL,25000
Bornova,2+1,25.000 TL,25000
Aliağa,3+1,25.000 TL,25000
Karabağlar,3+1,25.000 TL,25000
Menemen,3+1,25.000 TL,25000
Karşıyaka,2+1,25.000 TL,25000
Urla,3+1,25.000 TL,25000
Konak,2+1,25.000 TL,25000
Bornova,3+1,25.000 TL,25000
Bergama,2+1,25.000 TL,25000
Bornova,2+1,25.000 TL,25000
Bornova,3+1,25.000 TL,25000
Çiğli,2+1,25.000 TL,25000
Bornova,1+1,25.000 TL,25000
Urla,1+1,25.000 TL,25000
Seferihisar,1+1,25.000 TL,25000
Seferihisar,1+1,25.000 TL,25000
Ödemiş,4+1,25.000 TL,25000
Karşıyaka,1+1,25.000 TL,25000
Çiğli,1+1,25.000 TL,25000
Buca,3+1,25.000 TL,25000
Tire,3+1,25.000 TL,25000
Seferihisar,2+1,25.000 TL,25000
Karşıyaka,3+1,25.000 TL,25000
Seferihisar,2+1,25.000 TL,25000
Torbalı,1+1,25.000 TL,25000
Menemen,4+1,25.000 TL,25000
Buca,2+1,25.000 TL,25000
Buca,2+1,25.000 TL,25000
Karabağlar,2+1,25.000 TL,25000
Bayraklı,1+1,25.000 TL,25000
Buca,2+1,25.000 TL,25000
Karşıyaka,1+1,25.000 TL,25000
Aliağa,1+1,25.000 TL,25000
Buca,1+1,25.000 TL,25000
Gaziemir,3+1,25.000 TL,25000
Torbalı,3+1,25.000 TL,25000
Balçova,2+1,25.000 TL,25000
Torbalı,2+1,25.000 TL,25000
Buca,3+1,25.000 TL,25000
Gaziemir,1+1,25.000 TL,25000
Karaburun,2+1,25.000 TL,25000
Karşıyaka,1+1,25.000 TL,25000
Bayraklı,3+1,25.000 TL,25000
Karabağlar,3+1,25.000 TL,25000
Bornova,2+1,25.000 TL,25000
Çiğli,2+1,25.000 TL,25000
Karşıyaka,2+1,25.000 TL,25000
Urla,1+1,25.000 TL,25000
Çeşme,1+1,25.000 TL,25000
Bornova,3+1,25.000 TL,25000
Menemen,2+1,25.000 TL,25000
Menemen,2+1,25.000 TL,25000
Gaziemir,2+1,25.000 TL,25000
Karabağlar,3+1,25.000 TL,25000
Karşıyaka,3+1,25.000 TL,25000
Seferihisar,2+1,25.000 TL,25000
Konak,3+1,25.000 TL,25000
Bornova,1+1,25.000 TL,25000
Gaziemir,2+1,25.000 TL,25000
Torbalı,3+1,25.000 TL,25000
Karabağlar,2+1,25.000 TL,25000
Ödemiş,1+1,25.000 TL,25000
Konak,1+1,25.000 TL,25000
Seferihisar,2+1,25.000 TL,25000
Karşıyaka,1+1,25.000 TL,25000
Buca,2+0,25.000 TL,25000
Karşıyaka,2+1,25.000 TL,25000
Buca,3+1,25.000 TL,25000
Karabağlar,3+1,25.000 TL,25000
Menemen,1+1,25.000 TL,25000
Bornova,3+1,25.000 TL,25000
Karşıyaka,2+1,25.000 TL,25000
Bornova,1+1,25.000 TL,25000
Menemen,1+1,25.000 TL,25000
Konak,3+1,25.000 TL,25000
Urla,1+1,25.000 TL,25000
Seferihisar,2+1,25.000 TL,25000
Konak,3+1,25.000 TL,25000
Karabağlar,3+1,25.000 TL,25000
Seferihisar,2+1,25.000 TL,25000
Menemen,2+1,25.000 TL,25000
Bornova,2+1,25.000 TL,25000
Seferihisar,2+1,25.000 TL,25000
Urla,1+1,25.000 TL,25000
Torbalı,3+1,25.000 TL,25000
Bergama,2+1,25.000 TL,25000
Karabağlar,3+1,25.000 TL,25000
Gaziemir,2+1,25.000 TL,25000
Karşıyaka,1+1,25.000 TL,25000
Buca,3+1,25.000 TL,25000
Foça,2+1,25.000 TL,25000
Buca,2+1,25.000 TL,25000
Karşıyaka,3+1,25.000 TL,25000
Konak,3+1,25.000 TL,25000
Menderes,2+1,25.000 TL,25000
Ödemiş,2.5+1,25.000 TL,25000
Buca,3+1,25.000 TL,25000
Seferihisar,2+1,25.000 TL,25000
Karabağlar,2+1,25.000 TL,25000
Karabağlar,2+1,25.000 TL,25000
Konak,2+1,25.000 TL,25000
Bayraklı,2+1,25.000 TL,25000
Seferihisar,2+1,25.000 TL,25000
Torbalı,3+1,25.000 TL,25000
Buca,3+1,25.000 TL,25000
Dikili,3+1,25.000 TL,25000
Bornova,3+1,25.000 TL,25000
Buca,3+1,25.000 TL,25000
Karşıyaka,2+1,25.000 TL,25000
Tire,2+1,25.000 TL,25000
Bornova,2+1,25.000 TL,25000
Çiğli,1+1,25.000 TL,25000
Menderes,2+1,25.000 TL,25000
Menemen,2+1,25.000 TL,25000
Buca,2+1,25.000 TL,25000
Tire,3+1,25.000 TL,25000
Tire,3+1,25.000 TL,25000
Bergama,2+1,25.000 TL,25000
Karabağlar,3+1,25.000 TL,25000
Menderes,1+1,25.000 TL,25000
Karabağlar,2+1,25.000 TL,25000
Seferihisar,2+1,25.000 TL,25000
Buca,1+1,25.000 TL,25000
Buca,2+1,25.000 TL,25000
Karabağlar,3+1,25.000 TL,25000
Bornova,3+1,25.000 TL,25000
Buca,2+1,25.000 TL,25000
Buca,2+1,25.000 TL,25000
Bornova,2+1,25.000 TL,25000
Konak,2+1,25.000 TL,25000
Menemen,3+1,25.000 TL,25000
Karşıyaka,2+1,25.000 TL,25000
Kemalpaşa,2+1,25.000 TL,25000
Bornova,3+1,25.000 TL,25000
Menemen,2+1,25.000 TL,25000
Tire,2+0,25.000 TL,25000
Torbalı,1+1,25.000 TL,25000
Çiğli,2+1,25.000 TL,25000
Seferihisar,2+1,25.000 TL,25000
Bornova,3+1,25.000 TL,25000
Seferihisar,2+1,25.000 TL,25000
Karşıyaka,2+1,25.000 TL,25000
Çiğli,1+1,25.000 TL,25000
Bornova,4+1,25.000 TL,25000
Karşıyaka,1+1,25.000 TL,25000
Konak,1+1,25.000 TL,25000
Bornova,2+1,25.000 TL,25000
Karabağlar,2+1,25.000 TL,25000
Ödemiş,2+1,25.000 TL,25000
Torbalı,2+1,25.000 TL,25000
Çiğli,3+1,25.000 TL,25000
Menemen,3+1,25.000 TL,25000
Bornova,2+1,25.000 TL,25000
Karşıyaka,3+1,25.000 TL,25000
Karşıyaka,1+1,25.000 TL,25000
Bayraklı,3+1,25.000 TL,25000
Menemen,1+1,25.000 TL,25000
Bornova,3+1,25.000 TL,25000
Foça,3+1,25.000 TL,25000
Torbalı,3+1,25.000 TL,25000
Karşıyaka,2+1,25.000 TL,25000
Seferihisar,2+1,25.000 TL,25000
Bergama,1+1,25.000 TL,25000
Karabağlar,2+1,25.000 TL,25000
Buca,2+1,25.000 TL,25000
Karabağlar,2+1,25.000 TL,25000
Torbalı,2+1,25.000 TL,25000
Karabağlar,3+1,25.000 TL,25000
Seferihisar,2+1,25.000 TL,25000
Bayraklı,3+1,25.000 TL,25000
Bornova,1+1,25.000 TL,25000
Menemen,2+1,25.000 TL,25000
Bayraklı,3+1,25.000 TL,25000
Buca,3+1,25.000 TL,25000
Aliağa,1+1,25.000 TL,25000
Bayraklı,2+1,25.000 TL,25000
Gaziemir,2+1,25.000 TL,25000
Karabağlar,2+1,25.000 TL,25000
Çiğli,1+1,25.000 TL,25000
Aliağa,2+1,25.000 TL,25000
Seferihisar,1+1,25.000 TL,25000
Bergama,3+1,25.000 TL,25000
Menemen,2+1,25.000 TL,25000
Torbalı,3+1,25.000 TL,25000
Gaziemir,2.5+1,25.000 TL,25000
Karabağlar,3+1,25.000 TL,25000
Bornova,3+1,25.000 TL,25000
Buca,2+1,25.000 TL,25000
Menderes,3+1,25.000 TL,25000
Buca,1+1,25.000 TL,25000
Karşıyaka,2+1,25.000 TL,25000
Bornova,Stüdyo (1+0),25.000 TL,25000
Bayraklı,3+1,25.000 TL,25000
Menemen,3+1,25.000 TL,25000
Çiğli,1+1,25.000 TL,25000
Seferihisar,2+1,25.000 TL,25000
Dikili,2+1,25.000 TL,25000
Dikili,2+1,25.000 TL,25000
Seferihisar,2+1,25.000 TL,25000
Karşıyaka,2+1,25.000 TL,25000
Seferihisar,2+1,25.000 TL,25000
Bornova,3+1,25.000 TL,25000
Seferihisar,1+1,25.000 TL,25000
Buca,1+1,25.000 TL,25000
Seferihisar,1+1,25.000 TL,25000
Bayraklı,2+1,25.000 TL,25000
Çiğli,2+1,25.000 TL,25000
Konak,2+1,25.000 TL,25000
Torbalı,2+0,25.000 TL,25000
Çiğli,3+1,25.000 TL,25000
Karabağlar,2+1,25.000 TL,25000
Bayraklı,2+1,25.000 TL,25000
Karabağlar,3+1,25.000 TL,25000
Buca,3+1,25.000 TL,25000
Torbalı,3+1,25.000 TL,25000
Karabağlar,2+1,25.000 TL,25000
Karabağlar,2+1,25.000 TL,25000
Buca,3+1,25.000 TL,25000
Buca,1+1,25.000 TL,25000
Foça,2+1,25.000 TL,25000
Buca,2+1,25.000 TL,25000
Bornova,1+1,25.000 TL,25000
Karşıyaka,2+1,25.000 TL,25000
Menderes,3+1,25.000 TL,25000
Buca,2+1,25.000 TL,25000
Buca,1+1,25.000 TL,25000
Buca,2+1,25.000 TL,25000
Buca,3+1,25.000 TL,25000
Seferihisar,2+1,25.000 TL,25000
Buca,2+1,25.000 TL,25000
Torbalı,2+1,25.000 TL,25000
Foça,2+1,25.000 TL,25000
Torbalı,2+1,25.000 TL,25000
Çiğli,1+1,25.000 TL,25000
Buca,2+1,25.000 TL,25000
Karabağlar,3+1,25.000 TL,25000
Buca,1+1,25.000 TL,25000
Bayraklı,3+1,25.000 TL,25000
Çiğli,3+1,25.000 TL,25000
Torbalı,3+1,25.000 TL,25000
Çiğli,1+1,25.000 TL,25000
Torbalı,2+1,25.000 TL,25000
Torbalı,2+1,25.000 TL,25000
Karşıyaka,2+1,25.000 TL,25000
Buca,3+1,25.000 TL,25000
Bayraklı,2+1,25.000 TL,25000
Torbalı,2+1,25.000 TL,25000
Buca,2+1,25.000 TL,25000
Çiğli,1+1,25.000 TL,25000
Buca,2+1,25.000 TL,25000
Menemen,2+1,25.000 TL,25000
Aliağa,2+1,25.000 TL,25000
Bayraklı,3+1,25.000 TL,25000
Çiğli,1+1,25.000 TL,25000
Menemen,2+1,25.000 TL,25000
Karşıyaka,1+1,25.000 TL,25000
Torbalı,3+1,25.000 TL,25000
Seferihisar,1+1,25.000 TL,25000
Aliağa,1+1,25.000 TL,25000
Karabağlar,2+1,25.000 TL,25000
Buca,3+1,25.000 TL,25000
Menemen,2+1,25.000 TL,25000
Tire,3+1,25.000 TL,25000
Karabağlar,2+1,25.000 TL,25000
Çiğli,1+1,25.000 TL,25000
Buca,2+0,25.000 TL,25000
Karşıyaka,2+1,25.000 TL,25000
Torbalı,2+1,25.000 TL,25000
Karabağlar,2+1,25.000 TL,25000
Dikili,2+1,25.000 TL,25000
Konak,2+1,25.000 TL,25000
Torbalı,2+1,25.000 TL,25000
Seferihisar,1+1,25.000 TL,25000
Buca,3+1,25.000 TL,25000
Karabağlar,3+1,25.000 TL,25000
Karşıyaka,3+1,25.000 TL,25000
Buca,2+1,25.000 TL,25000
Bornova,1+1,25.000 TL,25000
Torbalı,3+1,25.000 TL,25000
Menderes,3+1,25.000 TL,25000
Konak,2+1,25.000 TL,25000
Menemen,2+1,25.000 TL,25000
Konak,2+1,25.000 TL,25000
Selçuk,2+1,25.000 TL,25000
Bayraklı,2+1,25.000 TL,25000
Bornova,1+1,25.000 TL,25000
Karabağlar,2+1,25.000 TL,25000
Karabağlar,3+1,25.000 TL,25000
Konak,1+1,25.000 TL,25000
Aliağa,1+1,25.000 TL,25000
Karabağlar,3+1,25.000 TL,25000
Buca,2+1,25.000 TL,25000
Bornova,3+1,25.000 TL,25000
Konak,3+1,25.000 TL,25000
Seferihisar,2+1,25.000 TL,25000
Çiğli,2+1,25.000 TL,25000
Aliağa,3+1,25.000 TL,25000
Karabağlar,2+1,25.000 TL,25000
Karşıyaka,1+1,25.000 TL,25000
Karşıyaka,2+1,25.000 TL,25000
Bornova,Stüdyo (1+0),25.000 TL,25000
Karabağlar,3+1,25.000 TL,25000
Konak,2+1,25.000 TL,25000
Buca,2+1,25.000 TL,25000
Menemen,1+1,25.000 TL,25000
Buca,2+1,25.000 TL,25000
Çiğli,2+1,25.000 TL,25000
Karşıyaka,2+1,25.000 TL,25000
Balçova,2+1,25.000 TL,25000
Buca,1+1,25.000 TL,25000
Balçova,2+1,25.000 TL,25000
Ödemiş,3+1,25.000 TL,25000
Karabağlar,3+1,25.000 TL,25000
Bergama,2+1,25.000 TL,25000
Karabağlar,1+1,25.000 TL,25000
Buca,1+1,25.000 TL,25000
Menderes,1+1,25.000 TL,25000
Bayraklı,2+1,25.000 TL,25000
Buca,1+1,25.000 TL,25000
Buca,3+1,25.000 TL,25000
Çiğli,1+1,25.000 TL,25000
Konak,3+1,25.000 TL,25000
Balçova,3+1,25.000 TL,25000
Buca,2+1,25.000 TL,25000
Karşıyaka,2+1,25.000 TL,25000
Buca,3+1,25.000 TL,25000
Buca,3+1,25.000 TL,25000
Konak,3+1,25.000 TL,25000
Buca,1+1,25.000 TL,25000
Buca,2+1,25.000 TL,25000
Konak,3+1,25.000 TL,25000
Karabağlar,2+1,25.000 TL,25000
Buca,3+1,25.000 TL,25000
Ödemiş,2+1,25.000 TL,25000
Selçuk,3+1,25.000 TL,25000
Buca,2+1,25.000 TL,25000
Tire,2+1,25.000 TL,25000
Bornova,1+1,25.000 TL,25000
Bergama,3+1,25.000 TL,25000
Menderes,2+1,25.000 TL,25000
Menemen,3+1,25.000 TL,25000
Torbalı,3+1,25.000 TL,25000
Buca,2+1,25.000 TL,25000
Menemen,3+1,25.000 TL,25000
Konak,1+1,25.000 TL,25000
Menemen,2+1,25.000 TL,25000
Konak,3+1,25.000 TL,25000
Bornova,3+1,25.000 TL,25000
Karşıyaka,2+1,25.000 TL,25000
Menemen,3+1,25.200 TL,25200
Buca,2+1,25.500 TL,25500
Torbalı,2+1,25.500 TL,25500
Tire,2+1,25.500 TL,25500
Karşıyaka,3+1,25.500 TL,25500
Çiğli,1+1,25.500 TL,25500
Menemen,3+1,25.500 TL,25500
Buca,1+1,25.500 TL,25500
Karabağlar,1+1,25.500 TL,25500
Menemen,3+1,25.550 TL,25550
Seferihisar,2+1,25.500 TL,25500
Menemen,2+1,25.750 TL,25750
Karşıyaka,1+1,25.500 TL,25500
Çiğli,1+1,25.500 TL,25500
Konak,2+1,25.500 TL,25500
Torbalı,1+1,25.500 TL,25500
Konak,2+1,25.500 TL,25500
Karabağlar,4+1,25.750 TL,25750
Seferihisar,2+1,25.500 TL,25500
Balçova,2+1,25.250 TL,25250
Torbalı,2+1,25.500 TL,25500
Seferihisar,2+1,25.500 TL,25500
Buca,3+1,25.500 TL,25500
Karşıyaka,3+1,25.500 TL,25500
Menemen,2+1,25.500 TL,25500
Menderes,2+1,25.500 TL,25500
Çiğli,3+1,25.500 TL,25500
Karabağlar,2+1,25.500 TL,25500
Buca,2+1,25.500 TL,25500
Seferihisar,2+1,25.500 TL,25500
Bornova,1+1,25.500 TL,25500
Seferihisar,2+1,25.500 TL,25500
Menderes,1+1,25.500 TL,25500
Buca,1+1,25.500 TL,25500
Karabağlar,3+1,25.500 TL,25500
Menderes,2+1,25.500 TL,25500
Foça,2+1,25.500 TL,25500
Bayraklı,2+1,25.500 TL,25500
Buca,2+1,25.750 TL,25750
Torbalı,3+1,25.500 TL,25500
Karşıyaka,3+1,25.500 TL,25500
Karabağlar,3+1,25.500 TL,25500
Bergama,2+1,25.500 TL,25500
Karşıyaka,1+1,25.500 TL,25500
Buca,1+1,25.500 TL,25500
Seferihisar,2+1,25.500 TL,25500
Karabağlar,2+1,25.500 TL,25500
Konak,3+1,25.500 TL,25500
Karşıyaka,3+1,25.500 TL,25500
Bergama,1+1,25.500 TL,25500
Balçova,3+1,25.500 TL,25500
Karşıyaka,3+1,25.500 TL,25500
Dikili,3+1,25.250 TL,25250
Bornova,1+1,25.500 TL,25500
Konak,3+1,25.500 TL,25500
Bergama,4+1,25.500 TL,25500
Buca,3+1,25.250 TL,25250
Çiğli,2+1,25.500 TL,25500
Buca,1+1,25.500 TL,25500
Seferihisar,3+1,25.500 TL,25500
Torbalı,3+1,25.500 TL,25500
Menderes,2+1,25.500 TL,25500
Bornova,2+1,25.500 TL,25500
Buca,1+1,25.500 TL,25500
Karabağlar,1+1,25.500 TL,25500
Karşıyaka,1+1,25.500 TL,25500
Buca,2+1,25.500 TL,25500
Buca,1+1,25.750 TL,25750
Menemen,2+1,25.500 TL,25500
Bornova,1+1,25.500 TL,25500
Seferihisar,1+1,25.500 TL,25500
Karabağlar,3+1,25.500 TL,25500
Karabağlar,2+1,25.500 TL,25500
Aliağa,3+1,25.500 TL,25500
Konak,2+1,25.500 TL,25500
Buca,2+1,25.500 TL,25500
Tire,3+1,25.500 TL,25500
Seferihisar,2+1,25.500 TL,25500
Karabağlar,1+1,25.500 TL,25500
Karabağlar,3+1,25.500 TL,25500
Menemen,3+1,25.500 TL,25500
Menemen,2+1,25.500 TL,25500
Karabağlar,2+1,25.500 TL,25500
Torbalı,3+1,25.500 TL,25500
Torbalı,3+1,25.500 TL,25500
Torbalı,4+1,25.500 TL,25500
Seferihisar,1+1,25.500 TL,25500
Balçova,2+1,25.500 TL,25500
Bornova,1+1,25.500 TL,25500
Seferihisar,2+1,25.500 TL,25500
Karabağlar,1+1,25.500 TL,25500
Güzelbahçe,3+1,25.500 TL,25500
Seferihisar,2+1,25.500 TL,25500
Menemen,2+1,25.500 TL,25500
Balçova,3+1,25.500 TL,25500
Seferihisar,2+1,25.500 TL,25500
Bergama,4+1,25.500 TL,25500
Torbalı,1+1,25.500 TL,25500
Buca,1+1,25.500 TL,25500
Konak,1+1,25.500 TL,25500
Karşıyaka,1+1,25.500 TL,25500
Karşıyaka,2+1,25.500 TL,25500
Menemen,1+1,25.500 TL,25500
Torbalı,3+1,25.500 TL,25500
Gaziemir,2+1,25.500 TL,25500
Torbalı,3+1,25.500 TL,25500
Buca,2+1,25.500 TL,25500
Bornova,2+1,25.300 TL,25300
Konak,2+1,25.250 TL,25250
Menemen,2+1,25.500 TL,25500
Konak,2+1,25.500 TL,25500
Torbalı,2+1,25.750 TL,25750
Seferihisar,2+1,25.500 TL,25500
Konak,2+1,25.500 TL,25500
Konak,1+1,25.500 TL,25500
Çiğli,3+1,25.500 TL,25500
Çiğli,1+1,25.250 TL,25250
Bornova,1+1,25.500 TL,25500
Bayraklı,3+1,25.499 TL,25499
Buca,1+1,25.500 TL,25500
Seferihisar,2+1,25.500 TL,25500
Bornova,1+1,25.500 TL,25500
Torbalı,3+1,25.500 TL,25500
Seferihisar,2+1,25.500 TL,25500
Seferihisar,2+1,26.000 TL,26000
Torbalı,2+1,26.500 TL,26500
Karabağlar,2+1,26.000 TL,26000
Seferihisar,1+1,26.500 TL,26500
Bergama,2+1,26.500 TL,26500
Buca,3+1,26.000 TL,26000
Bornova,3+1,26.000 TL,26000
Menemen,3+1,26.000 TL,26000
Çiğli,1+1,26.500 TL,26500
Bornova,2+1,26.000 TL,26000
Çiğli,2+1,26.000 TL,26000
Bornova,3+1,26.000 TL,26000
Buca,1+1,26.000 TL,26000
Gaziemir,3+1,26.000 TL,26000
Tire,2+1,26.500 TL,26500
Bornova,3+1,26.000 TL,26000
Çiğli,1+1,26.500 TL,26500
Çiğli,2+1,26.000 TL,26000
Menemen,3+1,26.000 TL,26000
Buca,2+1,26.000 TL,26000
Karşıyaka,1+1,26.500 TL,26500
Konak,1+1,26.000 TL,26000
Bayraklı,2+1,26.000 TL,26000
Bornova,Stüdyo (1+0),26.000 TL,26000
Bornova,3+1,26.000 TL,26000
Tire,3+1,26.500 TL,26500
Buca,2+1,26.000 TL,26000
Bornova,2+1,26.000 TL,26000
Torbalı,1+1,26.000 TL,26000
Buca,1+1,26.000 TL,26000
Bayraklı,3+1,26.000 TL,26000
Torbalı,2+1,26.000 TL,26000
Torbalı,3+1,26.000 TL,26000
Aliağa,2+1,26.000 TL,26000
Karabağlar,2+1,26.000 TL,26000
Bornova,2+1,26.000 TL,26000
Konak,2+1,26.000 TL,26000
Buca,3+1,26.000 TL,26000
Balçova,3+1,26.000 TL,26000
Bornova,Stüdyo (1+0),26.000 TL,26000
Buca,1+1,26.000 TL,26000
Çiğli,1+1,26.000 TL,26000
Karabağlar,2+1,26.500 TL,26500
Bornova,1+1,26.000 TL,26000
Buca,3+1,26.000 TL,26000
Çiğli,1+1,26.000 TL,26000
Karşıyaka,1+1,26.500 TL,26500
Karşıyaka,3+1,26.000 TL,26000
Bayraklı,4+1,26.000 TL,26000
Buca,1+1,26.000 TL,26000
Karabağlar,2+1,26.000 TL,26000
Buca,2+1,26.000 TL,26000
Dikili,2+1,26.000 TL,26000
Bayraklı,3+1,26.000 TL,26000
Torbalı,2+1,26.000 TL,26000
Tire,3+1,26.000 TL,26000
Bornova,1+1,26.500 TL,26500
Menemen,2+1,26.000 TL,26000
Menemen,2+1,26.000 TL,26000
Bornova,1+1,26.000 TL,26000
Bornova,2+1,26.000 TL,26000
Menemen,3+1,26.000 TL,26000
Bayraklı,2+1,26.000 TL,26000
Menemen,2+1,26.500 TL,26500
Buca,2+1,26.000 TL,26000
Bornova,3+1,26.000 TL,26000
Konak,2+1,26.000 TL,26000
Bornova,2+1,26.500 TL,26500
Buca,1+1,26.000 TL,26000
Menemen,3+1,26.000 TL,26000
Torbalı,2+1,26.000 TL,26000
Bayraklı,2+1,26.000 TL,26000
Seferihisar,1+1,26.500 TL,26500
Buca,1+1,26.000 TL,26000
Konak,2+1,26.500 TL,26500
Menemen,3+1,26.000 TL,26000
Seferihisar,1+1,26.500 TL,26500
Dikili,1+1,26.000 TL,26000
Torbalı,1+1,26.000 TL,26000
Karşıyaka,1+1,26.000 TL,26000
Çiğli,3+1,26.500 TL,26500
Menemen,2+1,26.000 TL,26000
Karabağlar,3+1,26.000 TL,26000
Karabağlar,2+1,26.500 TL,26500
Bornova,3+1,26.000 TL,26000
Karşıyaka,1+1,26.000 TL,26000
Çiğli,2+1,26.000 TL,26000
Menemen,2+1,26.000 TL,26000
Urla,3+1,26.000 TL,26000
Menemen,1+1,26.000 TL,26000
Menemen,3+1,26.000 TL,26000
Selçuk,1+1,26.500 TL,26500
Menemen,2+1,26.000 TL,26000
Torbalı,3+1,26.000 TL,26000
Karşıyaka,1+1,26.500 TL,26500
Buca,3+1,26.000 TL,26000
Gaziemir,1+1,26.000 TL,26000
Buca,2+1,26.000 TL,26000
Bornova,3+1,26.000 TL,26000
Selçuk,1+1,26.000 TL,26000
Konak,3+1,26.500 TL,26500
Foça,2+1,26.000 TL,26000
Aliağa,3+1,26.200 TL,26200
Karşıyaka,2+1,26.500 TL,26500
Menemen,2+1,26.000 TL,26000
Buca,2+1,26.000 TL,26000
Bornova,2+1,26.500 TL,26500
Çiğli,1+1,26.000 TL,26000
Karabağlar,2+1,26.000 TL,26000
Bayraklı,2+1,26.000 TL,26000
Bornova,2.5+1,26.000 TL,26000
Gaziemir,3+1,26.000 TL,26000
Buca,1+1,26.000 TL,26000
Torbalı,3+1,26.500 TL,26500
Çiğli,2+1,26.000 TL,26000
Konak,3+1,26.000 TL,26000
Menemen,2+1,26.000 TL,26000
Bornova,2+1,26.000 TL,26000
Bornova,3+1,26.000 TL,26000
Bornova,1+1,26.500 TL,26500
Karşıyaka,1+1,26.000 TL,26000
Buca,1+1,26.000 TL,26000
Seferihisar,2+1,26.500 TL,26500
Gaziemir,2+1,26.000 TL,26000
Karabağlar,3+1,26.500 TL,26500
Karşıyaka,2+1,26.500 TL,26500
Aliağa,1+1,26.500 TL,26500
Aliağa,1+1,26.000 TL,26000
Buca,3+1,26.000 TL,26000
Buca,1+1,26.000 TL,26000
Buca,2+1,26.000 TL,26000
Konak,2+1,26.000 TL,26000
Çiğli,2+1,26.000 TL,26000
Seferihisar,2+1,26.000 TL,26000
Karşıyaka,1+1,26.000 TL,26000
Karabağlar,3+1,26.500 TL,26500
Buca,3+1,26.000 TL,26000
Bayraklı,1+1,26.000 TL,26000
Buca,2+1,26.000 TL,26000
Konak,1+1,26.000 TL,26000
Çiğli,3+1,26.000 TL,26000
Menderes,2+1,26.000 TL,26000
Karabağlar,3+1,26.000 TL,26000
Kemalpaşa,2+1,26.000 TL,26000
Bornova,1+1,26.000 TL,26000
Menemen,1+1,26.000 TL,26000
Bayraklı,3+1,26.000 TL,26000
Bayraklı,2+1,26.000 TL,26000
Karşıyaka,1+1,26.000 TL,26000
Seferihisar,1+1,26.000 TL,26000
Buca,1+1,26.500 TL,26500
Dikili,2+1,26.000 TL,26000
Buca,1+1,26.000 TL,26000
Selçuk,1+1,26.000 TL,26000
Torbalı,2+1,25.999 TL,25999
Menemen,2+1,26.000 TL,26000
Buca,3+1,26.000 TL,26000
Konak,1+1,26.500 TL,26500
Çiğli,2+1,26.000 TL,26000
Çiğli,1+1,26.500 TL,26500
Torbalı,2+1,26.500 TL,26500
Konak,2+1,26.000 TL,26000
Narlıdere,2+1,26.500 TL,26500
Karabağlar,1+1,26.500 TL,26500
Ödemiş,3+1,26.000 TL,26000
Buca,2+1,26.000 TL,26000
Çiğli,2+1,26.500 TL,26500
Buca,1+1,26.000 TL,26000
Buca,3+1,26.000 TL,26000
Ödemiş,3.5+1,26.000 TL,26000
Seferihisar,1+1,26.500 TL,26500
Bornova,3+1,26.000 TL,26000
Bornova,2+1,26.000 TL,26000
Karşıyaka,1+1,26.500 TL,26500
Torbalı,2+1,26.000 TL,26000
Buca,3+1,26.000 TL,26000
Seferihisar,2+1,26.000 TL,26000
Bayraklı,2+1,26.500 TL,26500
Buca,3+1,26.500 TL,26500
Torbalı,3+1,26.500 TL,26500
Aliağa,2+1,26.000 TL,26000
Buca,2+1,26.000 TL,26000
Karabağlar,2+1,26.000 TL,26000
Karabağlar,2+1,26.000 TL,26000
Karabağlar,2+1,26.000 TL,26000
Bornova,1+1,26.500 TL,26500
Balçova,2+1,26.500 TL,26500
Menemen,1+1,26.000 TL,26000
Konak,2+1,26.000 TL,26000
Çiğli,3+1,26.000 TL,26000
Urla,1+1,26.000 TL,26000
Konak,2+1,26.500 TL,26500
Çiğli,1+1,26.000 TL,26000
Çiğli,1+1,26.000 TL,26000
Buca,1+1,26.500 TL,26500
Karabağlar,3+1,26.000 TL,26000
Buca,2+1,26.000 TL,26000
Buca,3+1,26.500 TL,26500
Narlıdere,2.5+1,26.000 TL,26000
Karşıyaka,1+1,26.000 TL,26000
Menderes,2+1,26.000 TL,26000
Bayraklı,3+1,26.000 TL,26000
Buca,1+1,26.500 TL,26500
Bornova,3+1,26.000 TL,26000
Güzelbahçe,2+1,26.000 TL,26000
Buca,2+1,26.000 TL,26000
Çiğli,1+1,26.000 TL,26000
Bergama,3+1,26.500 TL,26500
Çiğli,3+1,26.000 TL,26000
Urla,2+1,26.500 TL,26500
Karabağlar,2+1,26.000 TL,26000
Karabağlar,2+1,26.000 TL,26000
Urla,1+1,26.000 TL,26000
Karşıyaka,2+1,26.000 TL,26000
Torbalı,1+1,26.000 TL,26000
Bornova,1+1,26.000 TL,26000
Torbalı,2+1,26.000 TL,26000
Ödemiş,3.5+1,26.000 TL,26000
Karabağlar,2+1,26.000 TL,26000
Karabağlar,3+1,26.000 TL,26000
Çiğli,3+1,26.500 TL,26500
Seferihisar,2+1,26.500 TL,26500
Bornova,2+1,26.000 TL,26000
Menemen,3+1,26.750 TL,26750
Seferihisar,2+1,26.000 TL,26000
Torbalı,3+1,26.000 TL,26000
Bornova,3+1,26.000 TL,26000
Buca,1+1,26.000 TL,26000
Karşıyaka,3+1,26.000 TL,26000
Buca,3+1,26.500 TL,26500
Kemalpaşa,3+1,26.000 TL,26000
Karaburun,Stüdyo (1+0),26.000 TL,26000
Menemen,3+1,26.000 TL,26000
Bayraklı,2+1,26.000 TL,26000
Buca,3+1,26.000 TL,26000
Buca,2+1,26.000 TL,26000
Buca,2+1,26.000 TL,26000
Konak,2+1,26.000 TL,26000
Kemalpaşa,2+1,26.000 TL,26000
Bornova,3+1,26.000 TL,26000
Karabağlar,3+1,26.500 TL,26500
Karabağlar,3+1,26.000 TL,26000
Çiğli,2+1,26.000 TL,26000
Buca,3+1,26.500 TL,26500
Menemen,2+1,26.000 TL,26000
Buca,2+1,26.000 TL,26000
Bornova,3+1,26.000 TL,26000
Gaziemir,1+1,26.500 TL,26500
Foça,2+1,26.000 TL,26000
Çiğli,2+1,26.000 TL,26000
Torbalı,3+1,26.000 TL,26000
Gaziemir,2+1,26.500 TL,26500
Buca,3+1,26.000 TL,26000
Bornova,1+1,26.000 TL,26000
Çiğli,1+1,26.000 TL,26000
Menemen,2+1,26.500 TL,26500
Karşıyaka,2+1,26.500 TL,26500
Çiğli,1+1,26.000 TL,26000
Bornova,1+1,26.000 TL,26000
Balçova,2+1,26.000 TL,26000
Çiğli,1+1,26.000 TL,26000
Seferihisar,1+1,26.000 TL,26000
Buca,1+1,26.500 TL,26500
Karabağlar,2+1,26.000 TL,26000
Karabağlar,1+1,26.000 TL,26000
Menemen,3+1,26.000 TL,26000
Buca,2+1,26.000 TL,26000
Karşıyaka,2+1,26.000 TL,26000
Menderes,2+1,26.000 TL,26000
Karabağlar,4+1,26.000 TL,26000
Karşıyaka,1+1,26.000 TL,26000
Konak,2+1,26.000 TL,26000
Karşıyaka,3+1,26.000 TL,26000
Bayraklı,1+1,26.000 TL,26000
Menemen,2+1,26.000 TL,26000
Torbalı,3+1,26.000 TL,26000
Karşıyaka,3+1,26.000 TL,26000
Karşıyaka,2+1,26.000 TL,26000
Menemen,3+1,26.000 TL,26000
Bornova,3+1,26.000 TL,26000
Bornova,2+1,26.000 TL,26000
Ödemiş,2+1,26.500 TL,26500
Menderes,2+1,26.000 TL,26000
Karşıyaka,1+1,26.000 TL,26000
Karşıyaka,2+1,26.000 TL,26000
Menemen,3+1,26.000 TL,26000
Bornova,3+1,26.000 TL,26000
Bornova,2+1,26.000 TL,26000
Buca,1+1,26.000 TL,26000
Menemen,2+1,26.000 TL,26000
Karabağlar,2+1,26.000 TL,26000
Menemen,3+1,26.000 TL,26000
Bergama,3+1,26.000 TL,26000
Torbalı,2+1,26.500 TL,26500
Karabağlar,2+1,26.000 TL,26000
Çiğli,1+1,26.500 TL,26500
Çiğli,3+1,26.000 TL,26000
Bayraklı,3+1,26.000 TL,26000
Bornova,2+1,26.500 TL,26500
Torbalı,3+1,26.000 TL,26000
Kemalpaşa,3+1,26.000 TL,26000
Karabağlar,2+1,26.000 TL,26000
Buca,2+1,26.500 TL,26500
Karabağlar,3+1,26.000 TL,26000
Bornova,3+1,26.000 TL,26000
Bornova,2+1,26.000 TL,26000
Gaziemir,1+1,26.000 TL,26000
Karşıyaka,2+1,26.400 TL,26400
Karabağlar,3+1,26.500 TL,26500
Menemen,2+1,26.000 TL,26000
Seferihisar,3+1,26.000 TL,26000
Foça,1+1,26.500 TL,26500
Buca,1+1,26.000 TL,26000
Karabağlar,3+1,26.000 TL,26000
Çeşme,1+1,26.000 TL,26000
Buca,2+1,26.000 TL,26000
Aliağa,3+1,26.000 TL,26000
Menemen,2+1,26.000 TL,26000
Selçuk,1+1,26.000 TL,26000
Buca,1+1,26.000 TL,26000
Aliağa,2+1,26.500 TL,26500
Karşıyaka,2+1,26.000 TL,26000
Ödemiş,3+1,26.000 TL,26000
Menderes,2+1,26.000 TL,26000
Torbalı,2+1,26.000 TL,26000
Çiğli,2+1,26.000 TL,26000
Karşıyaka,2+1,26.000 TL,26000
Buca,1+1,26.000 TL,26000
Karşıyaka,1+1,26.000 TL,26000
Karabağlar,3+1,26.000 TL,26000
Bergama,3+1,26.000 TL,26000
Buca,1+1,26.000 TL,26000
Menemen,2+1,26.000 TL,26000
Karşıyaka,1+1,26.000 TL,26000
Karabağlar,1+1,26.000 TL,26000
Buca,2+1,26.000 TL,26000
Karşıyaka,2+1,26.500 TL,26500
Karabağlar,3+1,26.500 TL,26500
Buca,2+1,26.000 TL,26000
Kemalpaşa,1+1,26.000 TL,26000
Konak,1+1,26.000 TL,26000
Karşıyaka,3+1,26.500 TL,26500
Konak,2+1,26.500 TL,26500
Bornova,3+1,26.500 TL,26500
Konak,3+1,26.000 TL,26000
Karşıyaka,1+1,26.000 TL,26000
Menemen,1+1,26.000 TL,26000
Menemen,3+1,26.000 TL,26000
Buca,1+1,26.000 TL,26000
Çiğli,2+1,26.000 TL,26000
Bornova,1+1,26.500 TL,26500
Çiğli,1+1,26.500 TL,26500
Karabağlar,2+1,26.000 TL,26000
Torbalı,1+1,26.000 TL,26000
Konak,2+1,26.000 TL,26000
Bornova,1+1,26.000 TL,26000
Buca,2+1,26.000 TL,26000
Bornova,1+1,26.000 TL,26000
Buca,3+1,26.000 TL,26000
Balçova,2+1,26.000 TL,26000
Seferihisar,2+1,26.500 TL,26500
Konak,2+1,26.000 TL,26000
Bornova,2+1,26.000 TL,26000
Çiğli,1+1,26.000 TL,26000
Karabağlar,2+1,26.000 TL,26000
Karabağlar,2+1,26.000 TL,26000
Karşıyaka,2+1,26.000 TL,26000
Bayraklı,2+1,26.000 TL,26000
Menderes,2+1,26.000 TL,26000
Buca,1+1,26.500 TL,26500
Dikili,2+1,26.000 TL,26000
Torbalı,3+1,26.000 TL,26000
Karşıyaka,2+1,26.500 TL,26500
Bornova,3+1,26.000 TL,26000
Menemen,2+1,26.000 TL,26000
Torbalı,2+1,26.000 TL,26000
Menemen,2+1,26.000 TL,26000
Buca,2+1,26.000 TL,26000
Menemen,2+1,26.500 TL,26500
Menderes,3+1,26.000 TL,26000
Buca,1+1,26.000 TL,26000
Bornova,3+1,26.000 TL,26000
Bayraklı,3+1,26.500 TL,26500
Menemen,3+1,26.000 TL,26000
Karşıyaka,1+1,26.000 TL,26000
Karşıyaka,2+1,26.000 TL,26000
Bayraklı,3+1,26.000 TL,26000
Seferihisar,1+1,26.500 TL,26500
Konak,1+1,26.500 TL,26500
Karabağlar,3+1,26.000 TL,26000
Konak,2+1,26.500 TL,26500
Karabağlar,2+1,26.000 TL,26000
Seferihisar,2+1,26.500 TL,26500
Karabağlar,3+1,26.000 TL,26000
Konak,2+1,26.500 TL,26500
Aliağa,2+0,26.000 TL,26000
Bornova,Stüdyo (1+0),26.000 TL,26000
Karşıyaka,3+1,26.000 TL,26000
Çiğli,3+1,26.500 TL,26500
Foça,2+1,26.500 TL,26500
Çiğli,1+1,26.000 TL,26000
Menderes,2+1,26.000 TL,26000
Menemen,2+1,26.000 TL,26000
Bornova,3+1,26.000 TL,26000
Karşıyaka,2+1,26.500 TL,26500
Buca,2+1,26.000 TL,26000
Karşıyaka,2+1,26.000 TL,26000
Menderes,1+1,26.000 TL,26000
Bornova,1.5+1,26.500 TL,26500
Aliağa,2+1,26.000 TL,26000
Buca,3+1,26.000 TL,26000
Konak,3+1,26.000 TL,26000
Karabağlar,3+1,26.000 TL,26000
Karşıyaka,3+1,26.000 TL,26000
Torbalı,2+1,26.000 TL,26000
Buca,2+1,26.000 TL,26000
Aliağa,2+1,26.000 TL,26000
Buca,1+1,26.000 TL,26000
Gaziemir,3+1,26.500 TL,26500
Buca,2+1,26.000 TL,26000
Karabağlar,3+1,26.000 TL,26000
Menemen,1+1,26.000 TL,26000
Konak,1+1,26.000 TL,26000
Buca,2+1,26.000 TL,26000
Karabağlar,2+1,26.500 TL,26500
Buca,2+1,26.000 TL,26000
Seferihisar,2+1,26.500 TL,26500
Seferihisar,1+1,26.000 TL,26000
Bornova,1+1,26.000 TL,26000
Buca,1+1,26.000 TL,26000
Çiğli,3+1,26.000 TL,26000
Bornova,2+1,26.000 TL,26000
Bayraklı,2+1,26.000 TL,26000
Buca,3+1,26.500 TL,26500
Karşıyaka,1+1,26.000 TL,26000
Gaziemir,2+1,26.000 TL,26000
Çiğli,2+1,26.000 TL,26000
Ödemiş,3+1,26.000 TL,26000
Karabağlar,3+1,26.000 TL,26000
Aliağa,1+1,26.000 TL,26000
Tire,1+1,26.000 TL,26000
Karabağlar,2+1,26.000 TL,26000
Buca,1+1,26.000 TL,26000
Tire,1+1,26.000 TL,26000
Karabağlar,2+1,26.000 TL,26000
Konak,2+1,26.000 TL,26000
Torbalı,1+1,26.500 TL,26500
Bornova,3+1,26.000 TL,26000
Bergama,1+1,26.000 TL,26000
Menemen,3+1,26.000 TL,26000
Menemen,3+1,26.000 TL,26000
Karşıyaka,3+1,26.500 TL,26500
Konak,2+1,26.000 TL,26000
Çiğli,1+1,26.000 TL,26000
Menemen,2+1,26.000 TL,26000
Konak,2+1,26.000 TL,26000
Konak,2+1,26.000 TL,26000
Karşıyaka,3+1,26.500 TL,26500
Buca,1+1,26.000 TL,26000
Konak,2+1,26.000 TL,26000
Çiğli,1+1,26.500 TL,26500
Buca,3+1,26.500 TL,26500
Buca,2+1,26.000 TL,26000
Buca,2+1,26.500 TL,26500
Aliağa,2+1,26.000 TL,26000
Karşıyaka,1+1,26.000 TL,26000
Bornova,1+1,26.500 TL,26500
Balçova,3+1,26.000 TL,26000
Konak,3+1,26.000 TL,26000
Buca,3+1,26.000 TL,26000
Buca,2+1,26.000 TL,26000
Menemen,2+1,26.000 TL,26000
Torbalı,2+1,26.000 TL,26000
Bornova,1+1,26.000 TL,26000
Konak,3+1,26.000 TL,26000
Gaziemir,1+1,26.500 TL,26500
Buca,1+1,26.000 TL,26000
Konak,2+1,26.000 TL,26000
Bergama,3+1,26.000 TL,26000
Buca,3+1,26.000 TL,26000
Buca,1+1,26.000 TL,26000
Bayraklı,3+1,26.000 TL,26000
Torbalı,2+1,26.000 TL,26000
Karabağlar,3+1,26.000 TL,26000
Tire,3+1,26.500 TL,26500
Çiğli,2+0,26.500 TL,26500
Çiğli,3+1,26.000 TL,26000
Menemen,3+1,26.000 TL,26000
Buca,1+1,26.500 TL,26500
Seferihisar,1+1,26.000 TL,26000
Karşıyaka,1+1,26.500 TL,26500
Karabağlar,3+1,26.000 TL,26000
Karşıyaka,3+1,26.000 TL,26000
Karabağlar,3+1,26.500 TL,26500
Buca,1+1,26.000 TL,26000
Karaburun,2+1,26.000 TL,26000
Karşıyaka,2+1,26.000 TL,26000
Karşıyaka,1+1,26.000 TL,26000
Konak,3+1,26.000 TL,26000
Bayraklı,3+1,26.000 TL,26000
Çiğli,3+1,26.000 TL,26000
Urla,2+1,26.000 TL,26000
Bergama,2+1,26.000 TL,26000
Gaziemir,2+1,26.000 TL,26000
Menemen,2+1,26.000 TL,26000
Seferihisar,1+1,25.900 TL,25900
Bornova,2+1,26.000 TL,26000
Çiğli,1+1,26.500 TL,26500
Karşıyaka,2+1,26.000 TL,26000
Bergama,2+1,26.500 TL,26500
Çiğli,2+1,26.500 TL,26500
Karabağlar,1+1,26.000 TL,26000
Buca,3+1,26.000 TL,26000
Buca,2+1,26.000 TL,26000
Karşıyaka,2+1,26.000 TL,26000
Karabağlar,2+1,26.000 TL,26000
Çiğli,2+1,26.000 TL,26000
Balçova,2+1,26.000 TL,26000
Karşıyaka,3+1,26.000 TL,26000
Aliağa,3+1,26.000 TL,26000
Menemen,3+1,26.000 TL,26000
Buca,3+1,26.000 TL,26000
Çiğli,3+1,26.000 TL,26000
Menemen,3+1,26.000 TL,26000
Karabağlar,2+1,26.000 TL,26000
Menemen,3+1,26.000 TL,26000
Çiğli,1+1,26.500 TL,26500
Karabağlar,3+1,26.000 TL,26000
Bornova,1+1,26.000 TL,26000
Menemen,1+1,26.000 TL,26000
Karşıyaka,2+1,26.500 TL,26500
Buca,1+1,26.000 TL,26000
Selçuk,3+1,26.000 TL,26000
Torbalı,2+1,26.000 TL,26000
Menemen,2+1,26.000 TL,26000
Torbalı,3+1,26.000 TL,26000
Menderes,2+1,26.250 TL,26250
Menemen,3+1,26.000 TL,26000
Buca,2+1,26.000 TL,26000
Bornova,2+1,26.000 TL,26000
Buca,3+1,26.000 TL,26000
Karşıyaka,3+1,26.000 TL,26000
Buca,2+1,26.000 TL,26000
Buca,1+1,26.000 TL,26000
Menemen,3+1,26.000 TL,26000
Aliağa,3+1,26.500 TL,26500
Menemen,3+1,26.000 TL,26000
Bayraklı,3+1,26.000 TL,26000
Konak,1+1,26.000 TL,26000
Bayraklı,2+1,26.500 TL,26500
Torbalı,1+1,26.000 TL,26000
Balçova,1+1,26.000 TL,26000
Bornova,3.5+1,26.000 TL,26000
Karabağlar,2+1,26.000 TL,26000
Selçuk,2+1,26.000 TL,26000
Bayraklı,2+1,26.000 TL,26000
Çiğli,3+1,26.000 TL,26000
Bayraklı,3+1,26.000 TL,26000
Bornova,3+1,26.500 TL,26500
Foça,2+1,26.000 TL,26000
Buca,3+1,26.000 TL,26000
Dikili,3+1,26.500 TL,26500
Çiğli,1+1,26.000 TL,26000
Buca,4+1,26.500 TL,26500
Karabağlar,2+1,26.000 TL,26000
Konak,2+1,26.000 TL,26000
Karşıyaka,1+1,26.000 TL,26000
Gaziemir,2+1,26.000 TL,26000
Tire,3+1,26.000 TL,26000
Menemen,3+1,26.000 TL,26000
Karabağlar,1+1,25.900 TL,25900
Buca,3+1,26.000 TL,26000
Kemalpaşa,2+1,26.000 TL,26000
Menemen,2+1,26.000 TL,26000
Bayraklı,2+1,26.000 TL,26000
Çiğli,1+1,26.000 TL,26000
Karşıyaka,2+1,26.000 TL,26000
Karabağlar,3+1,26.000 TL,26000
Bornova,3+1,26.000 TL,26000
Selçuk,3+1,26.500 TL,26500
Karabağlar,2+1,26.000 TL,26000
Bayraklı,2+1,26.000 TL,26000
Menemen,2+1,26.000 TL,26000
Buca,1+1,26.000 TL,26000
Karabağlar,2+1,26.000 TL,26000
Çiğli,2+1,26.500 TL,26500
Karabağlar,2+1,26.000 TL,26000
Buca,3+1,26.500 TL,26500
Buca,3+1,26.000 TL,26000
Menemen,3+1,26.000 TL,26000
Buca,3+1,26.000 TL,26000
Buca,2+1,26.000 TL,26000
Bornova,3+1,26.000 TL,26000
Buca,2+1,26.000 TL,26000
Karabağlar,2+1,26.000 TL,26000
Balçova,3+1,26.000 TL,26000
Çiğli,2+1,26.000 TL,26000
Ödemiş,3+1,26.000 TL,26000
Bornova,2+1,26.000 TL,26000
Seferihisar,2+1,26.500 TL,26500
Torbalı,3+1,26.000 TL,26000
Buca,2+1,26.000 TL,26000
Karşıyaka,3+1,26.000 TL,26000
Buca,2+1,26.000 TL,26000
Karşıyaka,2+1,26.000 TL,26000
Buca,2+1,26.000 TL,26000
Menemen,2+1,26.000 TL,26000
Bornova,2+1,26.000 TL,26000
Çiğli,3+1,26.000 TL,26000
Karşıyaka,2+1,26.000 TL,26000
Buca,2+1,26.000 TL,26000
Bornova,Stüdyo (1+0),26.000 TL,26000
Konak,3+1,26.000 TL,26000
Karşıyaka,2+1,26.000 TL,26000
Karşıyaka,2+1,26.500 TL,26500
Konak,2+1,26.500 TL,26500
Konak,3+1,26.000 TL,26000
Karabağlar,3+1,26.500 TL,26500
Seferihisar,2+1,26.000 TL,26000
Buca,3+1,26.000 TL,26000
Seferihisar,1+1,26.000 TL,26000
Çiğli,1+1,26.000 TL,26000
Karabağlar,2+1,26.000 TL,26000
Bergama,3+1,26.000 TL,26000
Buca,3+1,26.000 TL,26000
Bornova,2+1,26.000 TL,26000
Aliağa,1+1,26.000 TL,26000
Selçuk,2+1,26.000 TL,26000
Bornova,2+1,26.000 TL,26000
Buca,3+1,26.000 TL,26000
Karşıyaka,1+1,26.000 TL,26000
Çiğli,1+1,26.250 TL,26250
Bornova,1+1,26.000 TL,26000
Karabağlar,2+1,26.000 TL,26000
Konak,1+1,26.000 TL,26000
Bornova,2+1,26.500 TL,26500
Karşıyaka,2+1,26.500 TL,26500
Foça,2+1,26.000 TL,26000
Seferihisar,3+1,26.000 TL,26000
Seferihisar,3+1,26.500 TL,26500
Karşıyaka,1+1,26.500 TL,26500
Buca,1+1,26.000 TL,26000
Kemalpaşa,3+1,26.000 TL,26000
Kemalpaşa,3+1,27.000 TL,27000
Karabağlar,1+1,27.000 TL,27000
Bornova,1+1,27.500 TL,27500
Torbalı,3+1,27.000 TL,27000
Tire,3+1,27.000 TL,27000
Foça,2+1,27.000 TL,27000
Konak,3+0,27.000 TL,27000
Karabağlar,3+1,27.500 TL,27500
Konak,2+1,27.000 TL,27000
Buca,3+1,27.000 TL,27000
Torbalı,1+1,27.500 TL,27500
Karşıyaka,2+1,27.000 TL,27000
Karabağlar,3+1,27.000 TL,27000
Bayraklı,3+1,27.500 TL,27500
Çiğli,1+1,27.000 TL,27000
Selçuk,2+1,27.000 TL,27000
Buca,1+1,27.500 TL,27500
Buca,1+1,27.000 TL,27000
Bornova,Stüdyo (1+0),27.000 TL,27000
Karabağlar,3+1,27.000 TL,27000
Bayraklı,2+1,27.000 TL,27000
Seferihisar,2+1,27.000 TL,27000
Çiğli,3+1,27.000 TL,27000
Karabağlar,3+1,27.500 TL,27500
Karşıyaka,3+1,27.000 TL,27000
Bayraklı,2+1,27.000 TL,27000
Bornova,2+1,27.500 TL,27500
Buca,1+1,27.000 TL,27000
Konak,3+1,27.500 TL,27500
Bayraklı,2+1,27.000 TL,27000
Buca,2+1,27.000 TL,27000
Karabağlar,3+1,27.000 TL,27000
Konak,2+1,27.000 TL,27000
Konak,2+1,27.000 TL,27000
Buca,1+1,27.500 TL,27500
Konak,3+1,27.000 TL,27000
Seferihisar,3+1,27.000 TL,27000
Karabağlar,3+1,27.500 TL,27500
Çiğli,2+1,27.000 TL,27000
Buca,3+1,27.000 TL,27000
Karabağlar,2+1,27.000 TL,27000
Aliağa,1+1,27.000 TL,27000
Karşıyaka,1+1,27.500 TL,27500
Karabağlar,3+1,27.000 TL,27000
Karabağlar,3+1,27.500 TL,27500
Karşıyaka,2+1,27.000 TL,27000
Karabağlar,3+1,27.000 TL,27000
Karşıyaka,3+1,27.000 TL,27000
Foça,2+1,27.000 TL,27000
Karabağlar,3+1,27.000 TL,27000
Bornova,2+1,27.000 TL,27000
Tire,3+1,27.000 TL,27000
Çiğli,3+1,27.000 TL,27000
Foça,2+1,27.000 TL,27000
Ödemiş,3+1,27.000 TL,27000
Bornova,3+1,27.000 TL,27000
Bayraklı,2+1,27.000 TL,27000
Bergama,2+1,27.500 TL,27500
Urla,1+1,27.000 TL,27000
Bayraklı,2+1,27.000 TL,27000
Çiğli,2+1,27.000 TL,27000
Karşıyaka,2+1,27.000 TL,27000
Kemalpaşa,3+1,27.000 TL,27000
Buca,2+1,27.000 TL,27000
Çiğli,2+1,27.000 TL,27000
Buca,2+1,27.500 TL,27500
Buca,1+1,27.000 TL,27000
Karşıyaka,3+1,27.500 TL,27500
Torbalı,3+1,27.000 TL,27000
Bayraklı,3+1,27.500 TL,27500
Bornova,1+1,27.000 TL,27000
Bornova,3+1,27.000 TL,27000
Karşıyaka,2+1,27.000 TL,27000
Karşıyaka,3+1,27.000 TL,27000
Karaburun,2+1,27.000 TL,27000
Buca,2+1,27.000 TL,27000
Menemen,3+1,27.500 TL,27500
Karşıyaka,1+1,27.000 TL,27000
Karşıyaka,2+1,27.000 TL,27000
Karşıyaka,3+1,27.000 TL,27000
Buca,2+1,27.500 TL,27500
Kemalpaşa,3+1,27.000 TL,27000
Karşıyaka,1+1,27.000 TL,27000
Karşıyaka,2+1,27.500 TL,27500
Çiğli,2+1,27.000 TL,27000
Karşıyaka,2+1,27.500 TL,27500
Çiğli,1+1,27.000 TL,27000
Karaburun,2+1,27.000 TL,27000
Buca,1+1,27.000 TL,27000
Menemen,2+1,27.000 TL,27000
Aliağa,4+1,27.000 TL,27000
Bayraklı,1+1,27.500 TL,27500
Karabağlar,3+1,27.000 TL,27000
Çiğli,1+1,27.500 TL,27500
Çiğli,3+1,27.000 TL,27000
Karabağlar,3+1,27.000 TL,27000
Foça,1+1,27.000 TL,27000
Bornova,2+1,27.000 TL,27000
Buca,2+1,27.500 TL,27500
Menemen,3+1,27.500 TL,27500
Buca,3+1,27.000 TL,27000
Bornova,2+1,27.500 TL,27500
Buca,3+1,27.000 TL,27000
Çiğli,1+1,27.500 TL,27500
Karabağlar,2+1,27.500 TL,27500
Karabağlar,4+1,27.000 TL,27000
Karşıyaka,2+1,27.000 TL,27000
Konak,3+1,27.000 TL,27000
Bornova,1+1,27.000 TL,27000
Bornova,3+1,27.500 TL,27500
Karşıyaka,1+1,27.500 TL,27500
Konak,3+1,27.000 TL,27000
Tire,3+1,27.000 TL,27000
Buca,1+1,27.000 TL,27000
Tire,4+1,27.000 TL,27000
Konak,3+1,27.000 TL,27000
Balçova,2+1,27.000 TL,27000
Karabağlar,3+1,27.500 TL,27500
Karabağlar,3+1,27.000 TL,27000
Buca,2+1,27.000 TL,27000
Balçova,2+1,27.000 TL,27000
Buca,2+1,27.000 TL,27000
Karabağlar,3+1,27.000 TL,27000
Çiğli,2+1,27.000 TL,27000
Çiğli,3+1,27.500 TL,27500
Balçova,3+1,27.500 TL,27500
Bayraklı,3+1,27.000 TL,27000
Karabağlar,1+1,27.000 TL,27000
Karşıyaka,1+1,27.000 TL,27000
Bayraklı,3+1,27.000 TL,27000
Selçuk,2+1,27.000 TL,27000
Karabağlar,1+1,27.000 TL,27000
Buca,3+1,27.000 TL,27000
Seferihisar,2+1,27.500 TL,27500
Foça,2+1,27.000 TL,27000
Çiğli,2+1,27.000 TL,27000
Konak,1+1,27.000 TL,27000
Menemen,2+1,27.500 TL,27500
Aliağa,3+1,27.500 TL,27500
Menemen,1+1,27.000 TL,27000
Menderes,2+1,27.000 TL,27000
Çiğli,2+1,27.000 TL,27000
Menemen,2+1,27.500 TL,27500
Konak,1+1,27.000 TL,27000
Karşıyaka,2+1,27.000 TL,27000
Buca,2+1,27.000 TL,27000
Bornova,2+1,27.000 TL,27000
Balçova,2+1,27.000 TL,27000
Bornova,1+1,27.500 TL,27500
Balçova,2+1,27.750 TL,27750
Çiğli,2+1,27.000 TL,27000
Tire,2+1,27.500 TL,27500
Karşıyaka,1+1,27.000 TL,27000
Konak,2+1,27.000 TL,27000
Bornova,3+1,27.500 TL,27500
Urla,1+1,27.000 TL,27000
Bornova,2+1,27.000 TL,27000
Bornova,3+1,27.000 TL,27000
Menderes,1+1,27.000 TL,27000
Konak,2+1,27.000 TL,27000
Menemen,3+1,27.000 TL,27000
Buca,1+1,27.000 TL,27000
Konak,1+1,27.000 TL,27000
Menemen,2+1,27.000 TL,27000
Tire,3+1,27.000 TL,27000
Karabağlar,2+1,27.500 TL,27500
Çeşme,2+1,27.000 TL,27000
Konak,2+1,27.000 TL,27000
Buca,2+1,27.500 TL,27500
Bornova,1+1,27.000 TL,27000
Karşıyaka,2+1,27.000 TL,27000
Menemen,3+1,27.000 TL,27000
Seferihisar,1+1,27.000 TL,27000
Bayraklı,2+1,27.000 TL,27000
Çiğli,2+1,27.000 TL,27000
Karabağlar,3+1,27.000 TL,27000
Buca,1+1,27.000 TL,27000
Dikili,2+1,27.000 TL,27000
Torbalı,3+1,27.000 TL,27000
Karşıyaka,1+1,27.500 TL,27500
Menemen,3+1,27.000 TL,27000
Bayraklı,2+1,27.000 TL,27000
Seferihisar,2+1,27.500 TL,27500
Menemen,3+1,27.500 TL,27500
Karşıyaka,1+1,27.500 TL,27500
Karşıyaka,2+1,27.000 TL,27000
Çiğli,1+1,27.000 TL,27000
Bornova,1+1,27.000 TL,27000
Torbalı,3+1,27.000 TL,27000
Buca,1+1,27.000 TL,27000
Çiğli,3+1,27.000 TL,27000
Bornova,Stüdyo (1+0),27.000 TL,27000
Menemen,3+1,27.000 TL,27000
Torbalı,3+1,27.500 TL,27500
Torbalı,3+1,27.000 TL,27000
Buca,2+1,27.000 TL,27000
Gaziemir,1+1,27.500 TL,27500
Karabağlar,2+1,27.500 TL,27500
Karşıyaka,1+1,27.500 TL,27500
Menemen,3+1,27.000 TL,27000
Çiğli,2+1,27.000 TL,27000
Torbalı,3+1,27.500 TL,27500
Bayraklı,3+1,27.500 TL,27500
Bornova,3+1,27.000 TL,27000
Gaziemir,1+1,27.000 TL,27000
Karabağlar,2+1,27.000 TL,27000
Karşıyaka,2+1,27.000 TL,27000
Çiğli,1+1,27.000 TL,27000
Torbalı,3+1,27.000 TL,27000
Buca,1+1,27.500 TL,27500
Çiğli,3+1,27.500 TL,27500
Buca,3+1,27.000 TL,27000
Çiğli,3+1,27.500 TL,27500
Buca,1+1,27.000 TL,27000
Dikili,2+1,27.500 TL,27500
Buca,3+1,27.000 TL,27000
Bornova,Stüdyo (1+0),27.000 TL,27000
Karşıyaka,1+1,27.000 TL,27000
Menemen,3+1,27.500 TL,27500
Buca,1+1,27.000 TL,27000
Kemalpaşa,2+1,27.000 TL,27000
Menemen,3+1,27.000 TL,27000
Karşıyaka,3+1,27.500 TL,27500
Çiğli,3+1,27.500 TL,27500
Konak,2+1,27.000 TL,27000
Karşıyaka,1+1,27.000 TL,27000
Karabağlar,1+1,27.000 TL,27000
Buca,2+1,27.000 TL,27000
Menemen,3+1,27.000 TL,27000
Karşıyaka,2+1,27.000 TL,27000
Karabağlar,2+1,27.500 TL,27500
Menderes,1+1,27.000 TL,27000
Seferihisar,2+1,27.000 TL,27000
Çiğli,1+1,27.000 TL,27000
Seferihisar,2+1,27.500 TL,27500
Konak,1+1,27.500 TL,27500
Konak,2+1,27.500 TL,27500
Karabağlar,3+1,27.500 TL,27500
Konak,3+1,27.000 TL,27000
Buca,3+1,27.000 TL,27000
Seferihisar,3+1,27.000 TL,27000
Urla,2+1,27.000 TL,27000
Çiğli,3+1,27.000 TL,27000
Menemen,3+1,27.000 TL,27000
Buca,3+1,27.500 TL,27500
Menemen,2+1,27.000 TL,27000
Buca,2+1,27.000 TL,27000
Buca,2+1,27.000 TL,27000
Buca,1+1,27.000 TL,27000
Torbalı,2+1,27.000 TL,27000
Menemen,3+1,27.000 TL,27000
Karabağlar,2+1,27.000 TL,27000
Karabağlar,2+1,27.000 TL,27000
Foça,2+1,27.500 TL,27500
Bayraklı,2+1,27.500 TL,27500
Bayraklı,2+1,27.750 TL,27750
Bornova,3+1,27.000 TL,27000
Karşıyaka,1+1,27.000 TL,27000
Gaziemir,2+1,27.500 TL,27500
Torbalı,2+1,27.000 TL,27000
Çiğli,3+1,27.000 TL,27000
Buca,1+1,27.000 TL,27000
Buca,3+1,27.500 TL,27500
Aliağa,2+1,27.000 TL,27000
Buca,3+1,27.000 TL,27000
Buca,3+1,27.000 TL,27000
Kemalpaşa,2+1,27.000 TL,27000
Konak,2+1,27.000 TL,27000
Karşıyaka,3+1,27.000 TL,27000
Karşıyaka,2+1,27.000 TL,27000
Bornova,2+1,26.900 TL,26900
Bornova,3+1,27.000 TL,27000
Seferihisar,2+1,27.500 TL,27500
Bornova,2+1,27.000 TL,27000
Torbalı,2+1,27.500 TL,27500
Karabağlar,2+1,27.000 TL,27000
Gaziemir,1+1,27.000 TL,27000
Menemen,3+1,27.500 TL,27500
Buca,2+1,27.000 TL,27000
Konak,2+1,27.500 TL,27500
Gaziemir,1+1,26.900 TL,26900
Buca,3+1,27.000 TL,27000
Torbalı,2+1,27.000 TL,27000
Karabağlar,3+1,27.000 TL,27000
Konak,1+1,27.000 TL,27000
Dikili,3+1,27.500 TL,27500
Karabağlar,3+1,27.000 TL,27000
Bornova,3+1,27.000 TL,27000
Gaziemir,3+1,27.000 TL,27000
Torbalı,3+1,27.000 TL,27000
Tire,2+0,27.000 TL,27000
Aliağa,1+1,27.500 TL,27500
Çiğli,3+1,27.500 TL,27500
Buca,3+1,27.000 TL,27000
Balçova,1+1,27.000 TL,27000
Buca,2+1,27.000 TL,27000
Bornova,3+1,27.000 TL,27000
Kemalpaşa,2+1,27.000 TL,27000
Urla,2+1,27.500 TL,27500
Güzelbahçe,1+1,27.000 TL,27000
Buca,3+1,27.500 TL,27500
Aliağa,2+1,27.000 TL,27000
Karşıyaka,1+1,27.000 TL,27000
Karşıyaka,3+1,27.000 TL,27000
Buca,3+1,27.000 TL,27000
Çiğli,3+1,27.000 TL,27000
Bornova,2+1,27.000 TL,27000
Çiğli,2+1,27.500 TL,27500
Buca,1+1,26.900 TL,26900
Ödemiş,4+2,27.000 TL,27000
Karabağlar,2+1,27.500 TL,27500
Karşıyaka,2+1,27.000 TL,27000
Buca,2+1,27.500 TL,27500
Bornova,2+1,27.000 TL,27000
Karşıyaka,1+1,27.000 TL,27000
Seferihisar,3+1,27.000 TL,27000
Karşıyaka,1+1,27.000 TL,27000
Bornova,2+1,27.000 TL,27000
Balçova,1+1,27.000 TL,27000
Bornova,1+1,27.000 TL,27000
Karşıyaka,3+1,27.500 TL,27500
Seferihisar,2+1,27.500 TL,27500
Karşıyaka,1+1,27.500 TL,27500
Konak,2+1,27.000 TL,27000
Buca,3+1,27.000 TL,27000
Karşıyaka,1+1,27.000 TL,27000
Menemen,3+1,27.750 TL,27750
Buca,2+1,27.000 TL,27000
Çiğli,3+1,27.000 TL,27000
Torbalı,2+1,27.000 TL,27000
Karabağlar,2+1,27.000 TL,27000
Torbalı,2+1,27.000 TL,27000
Menemen,2+1,27.000 TL,27000
Menderes,2+1,27.000 TL,27000
Menemen,2+1,27.500 TL,27500
Karşıyaka,2+1,27.000 TL,27000
Tire,3+1,27.500 TL,27500
Karabağlar,2+1,27.000 TL,27000
Karşıyaka,2+1,27.000 TL,27000
Menemen,3+1,27.000 TL,27000
Karşıyaka,3+1,27.500 TL,27500
Buca,3+1,27.000 TL,27000
Tire,1+1,27.500 TL,27500
Bayraklı,2+1,27.500 TL,27500
Karşıyaka,1+1,27.500 TL,27500
Karşıyaka,2+1,27.000 TL,27000
Menemen,3+1,27.500 TL,27500
Torbalı,2+1,27.500 TL,27500
Torbalı,3+1,27.000 TL,27000
Karşıyaka,2+1,27.000 TL,27000
Menderes,2+1,27.500 TL,27500
Karşıyaka,1+1,27.000 TL,27000
Bayraklı,2+1,27.000 TL,27000
Seferihisar,1+1,27.500 TL,27500
Buca,3+1,27.000 TL,27000
Karşıyaka,3+1,27.000 TL,27000
Torbalı,1+1,27.000 TL,27000
Menemen,3+1,27.000 TL,27000
Çiğli,3+1,27.000 TL,27000
Seferihisar,2+1,27.000 TL,27000
Bayraklı,3+1,27.000 TL,27000
Karşıyaka,2+1,27.500 TL,27500
Bayraklı,2+1,27.000 TL,27000
Buca,1+1,27.000 TL,27000
Karşıyaka,2+1,27.000 TL,27000
Çiğli,1+1,27.000 TL,27000
Konak,2+1,27.000 TL,27000
Karşıyaka,3+1,27.000 TL,27000
Karşıyaka,1+1,27.500 TL,27500
Çiğli,1+1,27.000 TL,27000
Çiğli,1+1,27.000 TL,27000
Menemen,2+1,27.500 TL,27500
Çiğli,3+1,27.500 TL,27500
Buca,1+1,27.500 TL,27500
Seferihisar,3+1,27.000 TL,27000
Buca,2+0,27.500 TL,27500
Buca,1+1,27.000 TL,27000
Bornova,1+1,27.500 TL,27500
Ödemiş,1+1,27.500 TL,27500
Bayraklı,3+1,27.000 TL,27000
Buca,3+1,27.500 TL,27500
Menemen,3+1,27.000 TL,27000
Torbalı,3+1,27.500 TL,27500
Konak,1+1,27.000 TL,27000
Buca,1+1,27.000 TL,27000
Bornova,1+1,27.000 TL,27000
Bornova,3+1,27.000 TL,27000
Bayraklı,3+1,27.000 TL,27000
Menemen,1+1,27.500 TL,27500
Tire,2+1,27.000 TL,27000
Karşıyaka,3+1,27.500 TL,27500
Buca,2+1,27.000 TL,27000
Karşıyaka,1+1,27.000 TL,27000
Seferihisar,3+1,27.000 TL,27000
Karabağlar,3+1,27.000 TL,27000
Menemen,3+1,27.500 TL,27500
Bergama,1+1,27.500 TL,27500
Ödemiş,4+2,27.000 TL,27000
Karşıyaka,2+1,27.000 TL,27000
Bayraklı,2+1,27.000 TL,27000
Torbalı,3+1,27.000 TL,27000
Buca,2+1,27.500 TL,27500
Karabağlar,3+1,27.500 TL,27500
Gaziemir,2+1,27.000 TL,27000
Çiğli,2+1,27.000 TL,27000
Balçova,1+1,27.000 TL,27000
Buca,2+1,27.500 TL,27500
Bornova,2+1,27.000 TL,27000
Buca,1+1,27.000 TL,27000
Karabağlar,2+1,27.000 TL,27000
Buca,1+1,27.000 TL,27000
Karşıyaka,1+1,27.000 TL,27000
Buca,3+1,27.000 TL,27000
Dikili,3+1,27.000 TL,27000
Bornova,1+1,27.000 TL,27000
Buca,3+1,27.000 TL,27000
Bayraklı,3+1,27.500 TL,27500
Menderes,2+1,27.500 TL,27500
Buca,1+1,27.500 TL,27500
Karşıyaka,2+1,27.000 TL,27000
Bornova,1+1,27.000 TL,27000
Buca,2+1,27.000 TL,27000
Menemen,3+1,27.500 TL,27500
Bornova,3+1,27.000 TL,27000
Buca,2+1,27.000 TL,27000
Karabağlar,3+1,27.000 TL,27000
Karşıyaka,1+1,27.500 TL,27500
Karşıyaka,1+1,27.500 TL,27500
Dikili,2+1,27.000 TL,27000
Karşıyaka,2+1,27.000 TL,27000
Menderes,3+1,27.000 TL,27000
Bornova,3+1,27.000 TL,27000
Kemalpaşa,3+1,27.000 TL,27000
Karabağlar,2+1,27.000 TL,27000
Bornova,1+1,27.000 TL,27000
Menemen,2+1,27.500 TL,27500
Karşıyaka,3+1,27.500 TL,27500
Çiğli,1+1,27.500 TL,27500
Karşıyaka,2+1,27.000 TL,27000
Konak,3+1,27.000 TL,27000
Çiğli,3+1,27.000 TL,27000
Menemen,2+1,27.000 TL,27000
Buca,1+1,27.000 TL,27000
Karşıyaka,1+1,27.000 TL,27000
Karşıyaka,2+1,27.000 TL,27000
Karabağlar,2+1,27.500 TL,27500
Menderes,3+1,27.000 TL,27000
Seferihisar,3+1,27.000 TL,27000
Karabağlar,3+1,27.500 TL,27500
Karabağlar,1+1,27.000 TL,27000
Torbalı,3+1,27.000 TL,27000
Karabağlar,3+1,27.000 TL,27000
Seferihisar,2+1,27.000 TL,27000
Çiğli,1+1,27.000 TL,27000
Çiğli,3+1,27.000 TL,27000
Konak,2+1,27.000 TL,27000
Dikili,2+1,27.000 TL,27000
Karşıyaka,3+1,27.000 TL,27000
Çiğli,2+1,27.000 TL,27000
Çiğli,2+1,27.000 TL,27000
Buca,2+1,27.000 TL,27000
Torbalı,3+1,27.000 TL,27000
Çiğli,1+1,27.000 TL,27000
Bayraklı,3+1,27.500 TL,27500
Narlıdere,3+1,27.000 TL,27000
Karşıyaka,3+1,27.500 TL,27500
Buca,1+1,27.500 TL,27500
Menemen,1+1,27.000 TL,27000
Buca,3+1,27.000 TL,27000
Çiğli,1+1,27.500 TL,27500
Menemen,2+1,27.000 TL,27000
Bornova,3+1,27.000 TL,27000
Ödemiş,1+1,27.000 TL,27000
Bornova,3+1,27.000 TL,27000
Karşıyaka,2+1,27.500 TL,27500
Aliağa,3+1,27.500 TL,27500
Bayraklı,2+1,27.000 TL,27000
Menemen,3+1,27.000 TL,27000
Bornova,2+1,27.000 TL,27000
Buca,2+1,27.000 TL,27000
Çiğli,2+1,27.000 TL,27000
Menemen,3+1,27.000 TL,27000
Karşıyaka,2+1,27.500 TL,27500
Menemen,2+1,27.000 TL,27000
Konak,3+1,27.500 TL,27500
Torbalı,2+1,27.500 TL,27500
Bergama,4+1,27.500 TL,27500
Bayraklı,2+1,27.000 TL,27000
Menemen,3+1,27.000 TL,27000
Kemalpaşa,3+1,27.000 TL,27000
Konak,2+1,27.000 TL,27000
Buca,1+1,27.000 TL,27000
Bergama,1+1,27.000 TL,27000
Torbalı,2+1,27.000 TL,27000
Foça,3+1,27.000 TL,27000
Menemen,3+1,27.000 TL,27000
Seferihisar,3+1,27.000 TL,27000
Karşıyaka,2+1,27.000 TL,27000
Buca,3+1,27.500 TL,27500
Karabağlar,3+1,27.000 TL,27000
Karşıyaka,1+1,27.000 TL,27000
Menemen,3+1,27.500 TL,27500
Konak,3+1,27.000 TL,27000
Buca,3+1,27.000 TL,27000
Bornova,2+1,27.000 TL,27000
Tire,3+1,27.500 TL,27500
Konak,1+1,27.500 TL,27500
Çiğli,2+1,27.000 TL,27000
Karabağlar,2+1,27.500 TL,27500
Karabağlar,2+1,27.000 TL,27000
Torbalı,3+1,27.000 TL,27000
Çiğli,1.5+1,27.000 TL,27000
Seferihisar,2+1,27.000 TL,27000
Kemalpaşa,2+1,27.000 TL,27000
Konak,3+1,27.000 TL,27000
Çiğli,2+1,27.000 TL,27000
Torbalı,3+1,27.000 TL,27000
Çiğli,1+1,27.500 TL,27500
Çiğli,3+1,27.500 TL,27500
Buca,3+1,27.000 TL,27000
Buca,1+1,27.000 TL,27000
Menderes,2+1,27.000 TL,27000
Gaziemir,2+1,27.000 TL,27000
Karşıyaka,3+1,27.000 TL,27000
Bayraklı,3+1,27.000 TL,27000
Karşıyaka,3+1,27.000 TL,27000
Karşıyaka,2+1,27.000 TL,27000
Konak,2+1,27.900 TL,27900
Bornova,2+1,27.000 TL,27000
Karabağlar,2+1,27.000 TL,27000
Menemen,2+1,27.500 TL,27500
Karabağlar,3+1,27.000 TL,27000
Torbalı,3+1,27.000 TL,27000
Menemen,3+1,27.500 TL,27500
Bornova,3+1,27.500 TL,27500
Gaziemir,2+1,27.000 TL,27000
Bornova,1+1,27.000 TL,27000
Torbalı,3+1,27.500 TL,27500
Seferihisar,3+1,27.500 TL,27500
Buca,3.5+1,27.000 TL,27000
Çiğli,2+1,27.000 TL,27000
Çiğli,2+1,27.500 TL,27500
Buca,2+1,27.000 TL,27000
Konak,2+1,27.500 TL,27500
Karşıyaka,3+1,27.000 TL,27000
Çiğli,3+1,27.500 TL,27500
Buca,1+1,27.000 TL,27000
Karşıyaka,2+1,27.500 TL,27500
Karabağlar,3+1,27.500 TL,27500
Menemen,2+1,27.000 TL,27000
Bayraklı,3+1,27.500 TL,27500
Buca,3+1,27.000 TL,27000
Karşıyaka,1+1,27.500 TL,27500
Buca,1+1,27.000 TL,27000
Torbalı,2+1,27.000 TL,27000
Çiğli,2+1,27.500 TL,27500
Çiğli,2+1,27.000 TL,27000
Karabağlar,3+1,27.500 TL,27500
Buca,2+1,27.000 TL,27000
Buca,1+1,27.000 TL,27000
Torbalı,4+1,27.000 TL,27000
Torbalı,3+1,27.000 TL,27000
Menderes,3+1,27.000 TL,27000
Torbalı,3+1,27.000 TL,27000
Kemalpaşa,3+1,27.000 TL,27000
Gaziemir,2+1,27.500 TL,27500
Bornova,3+1,27.000 TL,27000
Karşıyaka,1+1,27.000 TL,27000
Menderes,1+1,27.000 TL,27000
Buca,3+1,27.000 TL,27000
Torbalı,2+1,27.000 TL,27000
Seferihisar,1+1,27.000 TL,27000
Torbalı,3+1,27.000 TL,27000
Çiğli,3+1,27.000 TL,27000
Menemen,3+1,27.000 TL,27000
Buca,4+1,27.000 TL,27000
Karşıyaka,3+1,27.500 TL,27500
Bornova,2+1,27.000 TL,27000
Urla,1+1,27.000 TL,27000
Seferihisar,2+1,27.500 TL,27500
Karşıyaka,2+1,27.000 TL,27000
Karşıyaka,1+1,27.000 TL,27000
Aliağa,1+1,27.000 TL,27000
Çiğli,1+1,27.000 TL,27000
Çiğli,3+1,27.000 TL,27000
Buca,1+1,27.000 TL,27000
Gaziemir,1+1,27.000 TL,27000
Buca,2+1,27.500 TL,27500
Buca,1+1,27.000 TL,27000
Buca,3+1,29.000 TL,29000
Konak,1+1,29.000 TL,29000
Menderes,2+1,28.000 TL,28000
Çiğli,1+1,28.500 TL,28500
Buca,3+1,29.000 TL,29000
Bornova,1+1,28.500 TL,28500
Buca,3+1,28.000 TL,28000
Bornova,2+1,28.000 TL,28000
Buca,2+1,28.000 TL,28000
Narlıdere,2+1,28.500 TL,28500
Karabağlar,2+1,28.000 TL,28000
Karabağlar,2+1,28.000 TL,28000
Karabağlar,3+1,28.000 TL,28000
Çiğli,1+1,28.000 TL,28000
Karabağlar,3+1,28.000 TL,28000
Karşıyaka,3+1,28.000 TL,28000
Gaziemir,1+1,28.000 TL,28000
Karabağlar,3+1,28.000 TL,28000
Karşıyaka,1+1,28.000 TL,28000
Çiğli,3+1,28.000 TL,28000
Bayraklı,3+1,29.000 TL,29000
Karşıyaka,3+1,29.000 TL,29000
Karşıyaka,2+1,29.000 TL,29000
Karabağlar,3+1,29.000 TL,29000
Seferihisar,2+1,28.000 TL,28000
Balçova,3+1,28.500 TL,28500
Menemen,3+1,28.000 TL,28000
Karşıyaka,1+1,28.000 TL,28000
Karabağlar,2+1,28.000 TL,28000
Karabağlar,2+1,29.000 TL,29000
Torbalı,2+1,29.000 TL,29000
Narlıdere,3+1,28.000 TL,28000
Bayraklı,3+1,28.000 TL,28000
Buca,3+1,28.000 TL,28000
Buca,1+1,28.500 TL,28500
Konak,1+1,29.000 TL,29000
Bornova,2+1,28.000 TL,28000
Menderes,2+1,29.000 TL,29000
Bayraklı,3+1,28.000 TL,28000
Karşıyaka,3+1,29.000 TL,29000
Menemen,2+1,28.000 TL,28000
Bornova,1+1,29.000 TL,29000
Buca,3+1,28.000 TL,28000
Torbalı,2+1,29.000 TL,29000
Menemen,3+1,28.000 TL,28000
Konak,3+1,29.000 TL,29000
Çiğli,2+1,28.000 TL,28000
Bornova,3+1,28.500 TL,28500
Karşıyaka,2+1,28.000 TL,28000
Buca,3+1,28.000 TL,28000
Karşıyaka,1+1,28.000 TL,28000
Bornova,2+1,28.000 TL,28000
Bornova,3+1,28.000 TL,28000
Konak,3+1,29.000 TL,29000
Bayraklı,2+1,28.000 TL,28000
Karşıyaka,3+1,28.000 TL,28000
Karşıyaka,2+1,29.000 TL,29000
Karşıyaka,3+1,29.000 TL,29000
Karabağlar,2+1,28.000 TL,28000
Karabağlar,2+1,28.000 TL,28000
Seferihisar,2+1,28.750 TL,28750
Menemen,2+1,28.000 TL,28000
Bornova,1+1,28.500 TL,28500
Torbalı,2+1,28.000 TL,28000
Menemen,3+1,28.500 TL,28500
Karabağlar,3+1,29.000 TL,29000
Konak,3+1,28.500 TL,28500
Buca,3+1,28.000 TL,28000
Tire,3+1,28.000 TL,28000
Karabağlar,3+1,28.000 TL,28000
Karşıyaka,3+1,29.000 TL,29000
Karşıyaka,1+1,28.000 TL,28000
Bornova,2+1,28.000 TL,28000
Torbalı,2+1,28.000 TL,28000
Bornova,3+1,28.000 TL,28000
Menemen,3+1,28.000 TL,28000
Karşıyaka,3+1,28.000 TL,28000
Buca,3+1,28.000 TL,28000
Karabağlar,2+1,28.500 TL,28500
Karabağlar,2+1,29.000 TL,29000
Bayraklı,3+1,28.000 TL,28000
Urla,1+1,29.000 TL,29000
Aliağa,2+1,28.000 TL,28000
Tire,3+1,28.000 TL,28000
Karabağlar,3+1,28.000 TL,28000
Buca,3+1,28.000 TL,28000
Karabağlar,2+1,28.500 TL,28500
Bornova,2+1,28.000 TL,28000
Karşıyaka,2+1,29.000 TL,29000
Torbalı,3+1,28.000 TL,28000
Torbalı,3+1,28.000 TL,28000
Karşıyaka,3+1,29.000 TL,29000
Karşıyaka,1+1,28.500 TL,28500
Karşıyaka,3+1,29.000 TL,29000
Menemen,3+1,28.000 TL,28000
Karabağlar,2+1,28.000 TL,28000
Karşıyaka,1+1,28.000 TL,28000
Karşıyaka,2+1,29.000 TL,29000
Karabağlar,2+1,29.000 TL,29000
Kemalpaşa,3+1,29.000 TL,29000
Bornova,3+1,28.000 TL,28000
Karabağlar,3+1,28.000 TL,28000
Seferihisar,2+1,29.000 TL,29000
Konak,3+1,28.000 TL,28000
Karşıyaka,1+1,29.000 TL,29000
Bayraklı,3+1,28.000 TL,28000
Balçova,2+1,27.999 TL,27999
Buca,1+1,28.000 TL,28000
Gaziemir,1+1,29.000 TL,29000
Buca,3+1,29.000 TL,29000
Çiğli,1+1,29.000 TL,29000
Menemen,3+1,28.000 TL,28000
Bayraklı,3+1,28.000 TL,28000
Aliağa,3+1,29.000 TL,29000
Çiğli,1+1,29.000 TL,29000
Karabağlar,1+1,28.000 TL,28000
Menemen,3+1,28.000 TL,28000
Menemen,3+1,28.000 TL,28000
Çiğli,1+1,29.000 TL,29000
Bayraklı,3+1,28.000 TL,28000
Çiğli,1+1,28.000 TL,28000
Karşıyaka,1+1,28.500 TL,28500
Konak,2+1,29.000 TL,29000
Buca,3+1,28.000 TL,28000
Seferihisar,3+1,28.000 TL,28000
Foça,2+1,29.000 TL,29000
Ödemiş,3+1,28.000 TL,28000
Karşıyaka,2+1,28.000 TL,28000
Bayraklı,3+1,28.000 TL,28000
Bornova,1+1,28.000 TL,28000
Bornova,3+1,28.000 TL,28000
Torbalı,2+1,28.000 TL,28000
Karşıyaka,2+1,28.000 TL,28000
Aliağa,1+1,28.000 TL,28000
Konak,3+1,28.000 TL,28000
Karabağlar,2+1,28.500 TL,28500
Buca,3+1,28.000 TL,28000
Karabağlar,1+1,29.000 TL,29000
Gaziemir,2+1,28.500 TL,28500
Karşıyaka,Stüdyo (1+0),28.000 TL,28000
Tire,3+1,28.000 TL,28000
Bayraklı,3+1,29.000 TL,29000
Kemalpaşa,3+1,29.000 TL,29000
Menderes,2+1,28.000 TL,28000
Karşıyaka,2+1,28.000 TL,28000
Bornova,3+1,29.000 TL,29000
Buca,2+1,28.000 TL,28000
Bornova,3+1,29.000 TL,29000
Ödemiş,3+1,29.000 TL,29000
Çiğli,2+1,28.000 TL,28000
Buca,3+1,29.000 TL,29000
Bornova,3+1,28.000 TL,28000
Karabağlar,3+1,28.000 TL,28000
Menemen,3+1,29.000 TL,29000
Konak,3+1,28.500 TL,28500
Karşıyaka,1+1,28.000 TL,28000
Karşıyaka,3+1,28.000 TL,28000
Buca,3+1,29.000 TL,29000
Bornova,2+1,28.000 TL,28000
Menderes,2+1,28.000 TL,28000
Karabağlar,3+1,28.000 TL,28000
Karabağlar,3+1,28.500 TL,28500
Karşıyaka,2+1,29.000 TL,29000
Bergama,2+1,28.000 TL,28000
Karşıyaka,2+1,28.000 TL,28000
Menderes,3+1,28.000 TL,28000
Karşıyaka,1+1,29.000 TL,29000
Karşıyaka,2+1,28.500 TL,28500
Balçova,2+1,28.000 TL,28000
Karşıyaka,2+1,28.000 TL,28000
Buca,3+1,28.000 TL,28000
Çiğli,1+1,28.500 TL,28500
Çiğli,1+1,28.000 TL,28000
Menemen,2+1,28.000 TL,28000
Bayraklı,3+1,29.000 TL,29000
Gaziemir,1+1,28.000 TL,28000
Menemen,2+1,29.000 TL,29000
Seferihisar,3+1,28.000 TL,28000
Urla,2+1,28.000 TL,28000
Çiğli,1+1,28.000 TL,28000
Buca,3+1,28.000 TL,28000
Bornova,3+1,28.000 TL,28000
Çiğli,3+1,29.000 TL,29000
Çiğli,3+1,29.000 TL,29000
Karşıyaka,3+1,28.000 TL,28000
Bornova,2+1,29.000 TL,29000
Karabağlar,2+1,28.000 TL,28000
Konak,2+1,29.000 TL,29000
Buca,3+1,28.000 TL,28000
Karşıyaka,1+1,28.000 TL,28000
Çiğli,2+1,29.000 TL,29000
Konak,1+1,28.000 TL,28000
Karşıyaka,3+1,28.000 TL,28000
Menderes,2+1,28.500 TL,28500
Karşıyaka,2+1,28.500 TL,28500
Buca,2+1,28.000 TL,28000
Kemalpaşa,3+1,28.000 TL,28000
Karşıyaka,3+1,28.000 TL,28000
Menemen,3+1,28.000 TL,28000
Bornova,1+1,28.000 TL,28000
Karabağlar,2+1,28.000 TL,28000
Karabağlar,3+1,28.000 TL,28000
Menemen,1+1,28.000 TL,28000
Dikili,1+1,29.000 TL,29000
Karabağlar,3+1,28.500 TL,28500
Seferihisar,2+1,29.000 TL,29000
Karşıyaka,3+1,29.000 TL,29000
Konak,1+1,28.000 TL,28000
Karşıyaka,2+1,29.000 TL,29000
Bornova,2+1,28.500 TL,28500
Karabağlar,2+1,28.500 TL,28500
Buca,3+1,28.000 TL,28000
Seferihisar,2+1,29.000 TL,29000
Torbalı,3+1,29.000 TL,29000
Buca,2+1,28.000 TL,28000
Dikili,2+1,28.000 TL,28000
Karşıyaka,3+1,28.000 TL,28000
Karşıyaka,3+1,28.000 TL,28000
Urla,1+1,29.000 TL,29000
Çiğli,2+1,29.000 TL,29000
Balçova,3+1,28.000 TL,28000
Buca,3+1,28.000 TL,28000
Konak,2+1,28.000 TL,28000
Konak,1+1,28.500 TL,28500
Menemen,3+1,28.000 TL,28000
Kemalpaşa,2+1,28.000 TL,28000
Buca,2+1,28.000 TL,28000
Karabağlar,2+1,28.000 TL,28000
Bornova,3+1,29.000 TL,29000
Aliağa,2+1,28.000 TL,28000
Çiğli,1+1,28.000 TL,28000
Karşıyaka,1+1,29.000 TL,29000
Buca,1+1,28.000 TL,28000
Karşıyaka,3+1,28.000 TL,28000
Karabağlar,2+1,29.000 TL,29000
Çiğli,3+1,28.000 TL,28000
Bayraklı,3+1,28.000 TL,28000
Menemen,3+1,29.000 TL,29000
Menderes,3+1,28.000 TL,28000
Bornova,2+1,28.000 TL,28000
Çiğli,1+1,28.000 TL,28000
Bornova,1+1,27.999 TL,27999
Aliağa,3+1,28.000 TL,28000
Konak,1+1,28.500 TL,28500
Aliağa,1+1,28.000 TL,28000
Buca,3+1,28.000 TL,28000
Çiğli,1+1,28.000 TL,28000
Karabağlar,2+1,28.000 TL,28000
Konak,1+1,28.500 TL,28500
Gaziemir,1+1,29.000 TL,29000
Karşıyaka,1+1,29.000 TL,29000
Bayraklı,3+1,28.500 TL,28500
Balçova,2+1,28.500 TL,28500
Bergama,3+1,28.500 TL,28500
Bornova,3+1,28.500 TL,28500
Urla,1+1,28.000 TL,28000
Konak,1+1,29.000 TL,29000
Gaziemir,3+1,28.000 TL,28000
Karşıyaka,2+1,28.500 TL,28500
Buca,3+1,29.000 TL,29000
Buca,2+1,29.000 TL,29000
Karşıyaka,2+1,28.000 TL,28000
Bergama,2+1,28.000 TL,28000
Çiğli,1+1,28.400 TL,28400
Seferihisar,3+1,29.000 TL,29000
Çiğli,1+1,28.000 TL,28000
Karşıyaka,2+1,28.000 TL,28000
Seferihisar,1+1,29.000 TL,29000
Aliağa,3+1,28.000 TL,28000
Bornova,1+1,28.000 TL,28000
Çiğli,2+1,28.000 TL,28000
Karşıyaka,3+1,28.500 TL,28500
Menderes,2+1,29.000 TL,29000
Menemen,3+1,28.000 TL,28000
Karabağlar,3+1,29.000 TL,29000
Bornova,1+1,29.000 TL,29000
Bergama,3+1,28.000 TL,28000
Bornova,2+1,28.000 TL,28000
Konak,2+1,28.000 TL,28000
Kemalpaşa,3+1,28.000 TL,28000
Foça,2+1,29.000 TL,29000
Karşıyaka,3+1,28.000 TL,28000
Kemalpaşa,3+1,28.000 TL,28000
Karşıyaka,2+1,29.000 TL,29000
Çiğli,1+1,28.000 TL,28000
Karşıyaka,2+1,28.000 TL,28000
Bayraklı,1+1,28.000 TL,28000
Torbalı,3+1,28.000 TL,28000
Çiğli,2+1,29.000 TL,29000
Karşıyaka,1+1,28.000 TL,28000
Aliağa,3+1,28.000 TL,28000
Buca,3+1,29.000 TL,29000
Aliağa,3+1,28.000 TL,28000
Çiğli,2+1,29.000 TL,29000
Konak,3+1,28.000 TL,28000
Karşıyaka,2+1,28.500 TL,28500
Menemen,2+1,28.000 TL,28000
Menemen,2+1,28.000 TL,28000
Karşıyaka,2+1,28.000 TL,28000
Bayraklı,2+1,29.000 TL,29000
Buca,2+1,28.000 TL,28000
Gaziemir,3+1,28.000 TL,28000
Çiğli,1+1,28.000 TL,28000
Karşıyaka,3+1,28.000 TL,28000
Seferihisar,3+1,29.000 TL,29000
Bornova,1+1,28.000 TL,28000
Buca,2+1,28.000 TL,28000
Konak,4+1,28.000 TL,28000
Çiğli,2+1,28.000 TL,28000
Gaziemir,1+1,29.000 TL,29000
Bornova,3+1,28.500 TL,28500
Menderes,3+1,28.000 TL,28000
Torbalı,3+1,28.000 TL,28000
Menemen,3+1,29.000 TL,29000
Menemen,2+1,28.000 TL,28000
Karabağlar,2+1,29.000 TL,29000
Karabağlar,2+1,29.000 TL,29000
Torbalı,1+1,28.500 TL,28500
Gaziemir,2+1,28.500 TL,28500
Karşıyaka,1+1,28.000 TL,28000
Karabağlar,2+1,28.000 TL,28000
Bornova,1+1,29.000 TL,29000
Torbalı,3+1,28.000 TL,28000
Bornova,1+1,28.500 TL,28500
Çiğli,3+1,29.000 TL,29000
Dikili,3+1,28.000 TL,28000
Karabağlar,3+1,28.000 TL,28000
Karşıyaka,3+1,29.000 TL,29000
Konak,1+1,29.000 TL,29000
Bayraklı,3+1,28.000 TL,28000
Çiğli,2+1,28.000 TL,28000
Karşıyaka,1+1,28.000 TL,28000
Bergama,3+1,28.000 TL,28000
Karşıyaka,1+1,28.000 TL,28000
Bornova,1+1,28.000 TL,28000
Bornova,1+1,29.000 TL,29000
Karşıyaka,3+1,29.000 TL,29000
Bornova,2+1,28.000 TL,28000
Bayraklı,3+1,28.000 TL,28000
Gaziemir,1+1,28.000 TL,28000
Karabağlar,2+1,28.500 TL,28500
Karabağlar,3.5+1,29.000 TL,29000
Karşıyaka,3+1,28.000 TL,28000
Bornova,Stüdyo (1+0),28.000 TL,28000
Bornova,2+1,28.500 TL,28500
Karşıyaka,2+1,28.000 TL,28000
Bornova,1+1,28.000 TL,28000
Çiğli,3+1,28.000 TL,28000
Buca,2+1,29.000 TL,29000
Çiğli,3+1,28.000 TL,28000
Seferihisar,2+1,29.000 TL,29000
Bergama,3+1,28.000 TL,28000
Konak,3+1,29.000 TL,29000
Menemen,1+1,28.000 TL,28000
Buca,2+1,28.000 TL,28000
Bornova,1+1,29.000 TL,29000
Aliağa,2+1,28.000 TL,28000
Buca,3+1,28.500 TL,28500
Konak,2+1,28.000 TL,28000
Karabağlar,2+1,28.000 TL,28000
Seferihisar,3+1,29.000 TL,29000
Çiğli,2+1,29.000 TL,29000
Buca,1+1,29.000 TL,29000
Menemen,3+1,29.000 TL,29000
Bornova,2+1,29.000 TL,29000
Karşıyaka,1+1,28.000 TL,28000
Bornova,Stüdyo (1+0),28.000 TL,28000
Çiğli,3+1,28.000 TL,28000
Aliağa,3+1,28.000 TL,28000
Torbalı,3+1,27.999 TL,27999
Torbalı,1+1,29.000 TL,29000
Karşıyaka,2+1,28.000 TL,28000
Torbalı,2+1,29.000 TL,29000
Çiğli,1+1,28.750 TL,28750
Karşıyaka,1+1,29.000 TL,29000
Bornova,2+1,28.250 TL,28250
Gaziemir,3+1,29.000 TL,29000
Bornova,3+1,28.000 TL,28000
Bornova,2+1,28.000 TL,28000
Buca,2+1,28.000 TL,28000
Dikili,2+1,28.000 TL,28000
Karşıyaka,2+1,29.000 TL,29000
Karşıyaka,3+1,28.000 TL,28000
Aliağa,1+1,29.000 TL,29000
Seferihisar,1+1,29.000 TL,29000
Karabağlar,3+1,29.000 TL,29000
Aliağa,3+1,29.000 TL,29000
Buca,3+1,28.000 TL,28000
Gaziemir,2+1,28.000 TL,28000
Karşıyaka,3+1,28.000 TL,28000
Menderes,3+1,28.000 TL,28000
Çiğli,2+1,29.000 TL,29000
Buca,3+1,28.000 TL,28000
Bornova,3+1,28.000 TL,28000
Karabağlar,3+1,28.000 TL,28000
Karabağlar,2+1,28.000 TL,28000
Seferihisar,2+1,28.000 TL,28000
Kemalpaşa,1+1,29.000 TL,29000
Karabağlar,3+1,28.000 TL,28000
Buca,2+1,28.000 TL,28000
Karşıyaka,2+1,28.000 TL,28000
Çiğli,1+1,28.000 TL,28000
Seferihisar,2+1,28.000 TL,28000
Bornova,1+1,29.000 TL,29000
Bayraklı,3+1,28.000 TL,28000
Karabağlar,3+1,29.000 TL,29000
Selçuk,2+1,28.000 TL,28000
Karşıyaka,1+1,28.000 TL,28000
Bornova,2+1,29.000 TL,29000
Karşıyaka,1+1,29.000 TL,29000
Karabağlar,3+1,29.000 TL,29000
Menemen,3+1,28.000 TL,28000
Seferihisar,2+1,28.000 TL,28000
Bornova,1+1,29.000 TL,29000
Menemen,2+1,28.000 TL,28000
Bornova,2+1,29.000 TL,29000
Aliağa,1+1,28.000 TL,28000
Bornova,3+1,28.000 TL,28000
Torbalı,2+1,28.000 TL,28000
Karşıyaka,2+1,28.000 TL,28000
Konak,3+1,28.000 TL,28000
Balçova,1+1,28.000 TL,28000
Seferihisar,2+1,29.000 TL,29000
Aliağa,2+1,28.000 TL,28000
Buca,3+1,29.000 TL,29000
Aliağa,3+1,28.000 TL,28000
Karşıyaka,2+1,28.000 TL,28000
Çiğli,1+1,29.000 TL,29000
Tire,2+1,29.000 TL,29000
Torbalı,3+1,28.000 TL,28000
Konak,3+1,29.000 TL,29000
Çiğli,1+1,29.000 TL,29000
Karabağlar,2+1,28.000 TL,28000
Buca,1+1,28.000 TL,28000
Torbalı,3+1,29.000 TL,29000
Bornova,2+1,28.000 TL,28000
Çiğli,2+1,29.000 TL,29000
Seferihisar,4+1,28.000 TL,28000
Karşıyaka,2+1,28.000 TL,28000
Buca,2+1,28.000 TL,28000
Buca,1+1,28.000 TL,28000
Karşıyaka,3+1,29.000 TL,29000
Karabağlar,2+1,28.000 TL,28000
Karabağlar,3+1,29.000 TL,29000
Bayraklı,3+1,29.000 TL,29000
Karabağlar,3+1,28.000 TL,28000
Bornova,3+1,28.500 TL,28500
Bayraklı,2+1,29.000 TL,29000
Karabağlar,2+1,28.500 TL,28500
Bornova,3+1,28.000 TL,28000
Konak,2+1,28.500 TL,28500
Buca,1+1,29.000 TL,29000
Bayraklı,3+1,29.000 TL,29000
Karabağlar,3+1,28.500 TL,28500
Buca,3+1,29.000 TL,29000
Karşıyaka,1+1,29.000 TL,29000
Buca,3+1,28.000 TL,28000
Bornova,2+1,28.000 TL,28000
Karabağlar,2+1,28.000 TL,28000
Buca,3+1,28.500 TL,28500
Bornova,3+1,29.000 TL,29000
Gaziemir,3+1,28.000 TL,28000
Urla,2+1,28.000 TL,28000
Çiğli,3+1,29.000 TL,29000
Buca,3+1,29.000 TL,29000
Buca,1+1,28.000 TL,28000
Karşıyaka,2+1,28.500 TL,28500
Torbalı,3+1,28.000 TL,28000
Urla,1+1,29.000 TL,29000
Bayraklı,2+1,29.000 TL,29000
Karşıyaka,3+1,29.000 TL,29000
Konak,1+1,28.000 TL,28000
Çiğli,2+1,28.500 TL,28500
Bornova,1+1,29.000 TL,29000
Bayraklı,3+1,28.000 TL,28000
Çiğli,2+1,29.000 TL,29000
Bornova,3+1,28.000 TL,28000
Karşıyaka,3+1,28.000 TL,28000
Urla,1+1,28.000 TL,28000
Bornova,1+1,28.000 TL,28000
Tire,2+1,28.500 TL,28500
Buca,3+1,29.000 TL,29000
Aliağa,3+1,28.000 TL,28000
Torbalı,3+1,28.000 TL,28000
Konak,2+1,28.500 TL,28500
Buca,3+1,28.000 TL,28000
Buca,3+1,29.000 TL,29000
Buca,3+1,28.000 TL,28000
Bornova,3+1,28.000 TL,28000
Karşıyaka,2+1,28.000 TL,28000
Seferihisar,2+1,28.400 TL,28400
Balçova,3+1,29.000 TL,29000
Menemen,3+1,28.000 TL,28000
Bornova,2+1,29.000 TL,29000
Konak,3+1,28.000 TL,28000
Buca,1+1,29.000 TL,29000
Bornova,1+1,28.000 TL,28000
Karabağlar,2+1,28.000 TL,28000
Karşıyaka,3+1,28.000 TL,28000
Karşıyaka,1+1,28.750 TL,28750
Karşıyaka,2+1,28.000 TL,28000
Torbalı,2+1,29.000 TL,29000
Urla,2+1,29.000 TL,29000
Karabağlar,2+1,28.000 TL,28000
Urla,1+1,29.000 TL,29000
Karşıyaka,2+1,29.000 TL,29000
Torbalı,2+1,28.000 TL,28000
Karşıyaka,2+1,29.000 TL,29000
Karşıyaka,3+1,28.500 TL,28500
Menemen,2+1,28.000 TL,28000
Menemen,3+1,28.000 TL,28000
Menemen,3+1,28.000 TL,28000
Karşıyaka,1+1,29.000 TL,29000
Karabağlar,3+1,29.000 TL,29000
Narlıdere,2+1,28.000 TL,28000
Bornova,1+1,29.000 TL,29000
Balçova,3+1,28.500 TL,28500
Buca,2+1,29.000 TL,29000
Çiğli,2+1,28.000 TL,28000
Konak,3+1,28.000 TL,28000
Bornova,3+1,28.000 TL,28000
Urla,2+1,29.000 TL,29000
Karşıyaka,3+1,29.000 TL,29000
Kemalpaşa,3+1,28.500 TL,28500
Konak,3+1,28.000 TL,28000
Konak,2+1,28.000 TL,28000
Menderes,2+1,29.000 TL,29000
Bayraklı,3+1,28.000 TL,28000
Seferihisar,2+1,29.000 TL,29000
Torbalı,1+1,29.000 TL,29000
Seferihisar,1+1,29.000 TL,29000
Buca,3+1,28.000 TL,28000
Konak,2+1,28.500 TL,28500
Menderes,3+1,28.000 TL,28000
Gaziemir,1+1,28.000 TL,28000
Buca,2+1,29.000 TL,29000
Buca,1+1,29.000 TL,29000
Buca,2+1,28.000 TL,28000
Menemen,2+1,28.000 TL,28000
Bayraklı,2+1,29.000 TL,29000
Buca,2+1,29.000 TL,29000
Bergama,3+1,28.000 TL,28000
Bornova,1+1,29.000 TL,29000
Menemen,2+1,29.000 TL,29000
Bornova,3+1,28.000 TL,28000
Bornova,1+1,28.000 TL,28000
Buca,3+1,28.000 TL,28000
Bornova,3+1,28.000 TL,28000
Konak,3+1,28.000 TL,28000
Buca,1+1,28.000 TL,28000
Karşıyaka,3+1,29.000 TL,29000
Karşıyaka,1+1,28.000 TL,28000
Bornova,1+1,29.000 TL,29000
Karşıyaka,1+1,28.500 TL,28500
Karabağlar,2+1,29.000 TL,29000
Menderes,2+1,28.000 TL,28000
Karşıyaka,2+1,29.000 TL,29000
Bayraklı,3+1,28.000 TL,28000
Torbalı,3+1,28.000 TL,28000
Seferihisar,3+1,29.000 TL,29000
Karşıyaka,3+1,29.000 TL,29000
Menderes,2+1,28.000 TL,28000
Konak,3+1,28.000 TL,28000
Urla,2+1,29.000 TL,29000
Çiğli,1+1,28.500 TL,28500
Seferihisar,2+1,29.000 TL,29000
Çiğli,2+1,28.000 TL,28000
Buca,2+1,29.000 TL,29000
Karabağlar,3+1,29.000 TL,29000
Buca,3+1,28.000 TL,28000
Aliağa,3+1,28.000 TL,28000
Buca,2+1,28.000 TL,28000
Karabağlar,3+1,28.000 TL,28000
Bornova,3+1,28.000 TL,28000
Bornova,1+1,28.000 TL,28000
Seferihisar,2+1,29.000 TL,29000
Buca,3+1,29.000 TL,29000
Konak,2+1,29.000 TL,29000
Karşıyaka,3+1,28.000 TL,28000
Menderes,3+1,28.000 TL,28000
Konak,3+1,28.000 TL,28000
Menderes,3+1,29.000 TL,29000
Seferihisar,2+1,29.000 TL,29000
Karşıyaka,3+1,28.000 TL,28000
Çiğli,1+1,28.000 TL,28000
Konak,1+1,28.000 TL,28000
Karşıyaka,1+1,28.000 TL,28000
Bornova,3+1,28.000 TL,28000
Karşıyaka,3+1,28.500 TL,28500
Bayraklı,3+1,28.500 TL,28500
Buca,3+1,29.000 TL,29000
Karabağlar,2+1,29.000 TL,29000
Karabağlar,2+1,29.000 TL,29000
Torbalı,3+1,28.000 TL,28000
Aliağa,3+1,28.000 TL,28000
Karşıyaka,3+1,29.000 TL,29000
Aliağa,3+1,29.000 TL,29000
Buca,1+1,28.500 TL,28500
Konak,3+1,29.000 TL,29000
Menemen,2+1,28.000 TL,28000
Buca,3+1,28.500 TL,28500
Seferihisar,2+1,28.500 TL,28500
Çiğli,3+1,28.750 TL,28750
Çiğli,1+1,29.000 TL,29000
Karşıyaka,1+1,28.000 TL,28000
Buca,3+1,29.000 TL,29000
Bornova,2+1,29.000 TL,29000
Dikili,Stüdyo (1+0),28.000 TL,28000
Seferihisar,3+1,29.000 TL,29000
Bayraklı,1+1,28.500 TL,28500
Bornova,3+1,28.000 TL,28000
Karabağlar,3+1,29.000 TL,29000
Menderes,3+1,28.000 TL,28000
Konak,1+1,29.000 TL,29000
Kemalpaşa,3+1,28.000 TL,28000
Balçova,2+1,29.000 TL,29000
Karşıyaka,2+1,29.000 TL,29000
Karşıyaka,2+1,29.000 TL,29000
Çiğli,1+1,28.000 TL,28000
Buca,4+1,29.000 TL,29000
Bornova,3+1,28.000 TL,28000
Menderes,1+1,29.000 TL,29000
Bayraklı,2+1,28.000 TL,28000
Çiğli,2+1,28.250 TL,28250
Çiğli,2+1,29.000 TL,29000
Urla,1+1,28.000 TL,28000
Karşıyaka,2+1,29.000 TL,29000
Menemen,2+1,28.500 TL,28500
Karşıyaka,2+1,28.000 TL,28000
Urla,2+1,28.000 TL,28000
Menemen,3+1,29.000 TL,29000
Buca,2+1,28.000 TL,28000
Buca,2+1,28.000 TL,28000
Çiğli,2+1,29.000 TL,29000
Seferihisar,3+1,28.000 TL,28000
Buca,3+1,28.000 TL,28000
Karşıyaka,2+1,28.000 TL,28000
Seferihisar,3+1,28.000 TL,28000
Karşıyaka,2+1,28.000 TL,28000
Balçova,2+1,28.000 TL,28000
Bayraklı,3+1,28.000 TL,28000
Aliağa,2+1,28.000 TL,28000
Konak,3+1,28.000 TL,28000
Bornova,2+1,28.000 TL,28000
Çiğli,2+0,29.000 TL,29000
Buca,2+1,28.000 TL,28000
Foça,2+1,28.000 TL,28000
Kemalpaşa,3+1,29.000 TL,29000
Menderes,2+1,29.000 TL,29000
Konak,2+1,28.000 TL,28000
Karşıyaka,1+1,28.000 TL,28000
Karabağlar,2+1,28.000 TL,28000
Dikili,2+1,28.000 TL,28000
Çiğli,1+1,28.500 TL,28500
Balçova,3+1,28.000 TL,28000
Dikili,2+1,28.000 TL,28000
Torbalı,3+1,28.000 TL,28000
Konak,1+1,29.000 TL,29000
Buca,2+1,28.000 TL,28000
Foça,3+1,28.000 TL,28000
Menemen,2+1,28.000 TL,28000
Karşıyaka,1+1,28.000 TL,28000
Konak,2+1,28.000 TL,28000
Konak,2+1,28.000 TL,28000
Menemen,2+1,28.000 TL,28000
Torbalı,2+1,28.000 TL,28000
Menderes,2+1,28.000 TL,28000
Buca,1+1,28.000 TL,28000
Bornova,3+1,28.000 TL,28000
Buca,2+1,29.000 TL,29000
Karşıyaka,3+1,28.000 TL,28000
Karaburun,1+1,28.000 TL,28000
Karşıyaka,3+1,29.000 TL,29000
Bornova,2+1,28.000 TL,28000
Gaziemir,1+1,28.000 TL,28000
Menemen,3+1,28.500 TL,28500
Buca,3+1,28.000 TL,28000
Bayraklı,3+1,28.000 TL,28000
Bornova,1+1,28.000 TL,28000
Çiğli,1+1,28.000 TL,28000
Konak,1+1,28.500 TL,28500
Çiğli,3+1,29.000 TL,29000
Çiğli,2+1,29.000 TL,29000
Menemen,3+1,28.500 TL,28500
Foça,2+1,28.000 TL,28000
Buca,3+1,29.000 TL,29000
Buca,3+1,28.000 TL,28000
Karşıyaka,2+1,28.000 TL,28000
Kemalpaşa,3+1,28.000 TL,28000
Bergama,2+1,29.000 TL,29000
Güzelbahçe,1+1,28.000 TL,28000
Karşıyaka,3+1,29.000 TL,29000
Çiğli,3+1,28.000 TL,28000
Çiğli,1+1,29.000 TL,29000
Gaziemir,1+1,28.000 TL,28000
Konak,3+1,28.000 TL,28000
Buca,2+1,28.000 TL,28000
Karaburun,2+1,28.500 TL,28500
Balçova,1+1,28.500 TL,28500
Menderes,2+1,28.000 TL,28000
Menderes,2+1,28.500 TL,28500
Karabağlar,3+1,28.000 TL,28000
Menemen,3+1,28.000 TL,28000
Gaziemir,1+1,28.000 TL,28000
Balçova,2+1,28.000 TL,28000
Bornova,2+1,28.000 TL,28000
Karabağlar,2+1,28.000 TL,28000
Buca,2+1,29.000 TL,29000
Karşıyaka,2+1,29.000 TL,29000
Konak,1+1,28.000 TL,28000
Menemen,3+1,28.000 TL,28000
Selçuk,2+1,28.500 TL,28500
Çiğli,3+1,29.000 TL,29000
Karşıyaka,1+1,28.500 TL,28500
Bornova,1+1,29.000 TL,29000
Bayraklı,2+1,28.000 TL,28000
Konak,3+1,29.000 TL,29000
Karşıyaka,3+1,29.000 TL,29000
Torbalı,4+1,29.000 TL,29000
Çiğli,1+1,29.000 TL,29000
Karabağlar,1+1,28.000 TL,28000
Karşıyaka,2+1,29.000 TL,29000
Konak,2+1,28.000 TL,28000
Balçova,1+1,28.000 TL,28000
Konak,2+1,28.000 TL,28000
Buca,3+1,29.000 TL,29000
Torbalı,3+1,28.000 TL,28000
Karşıyaka,3+1,28.000 TL,28000
Aliağa,1+1,29.000 TL,29000
Karşıyaka,1+1,28.000 TL,28000
Menderes,2+1,28.000 TL,28000
Karabağlar,3+1,28.000 TL,28000
Seferihisar,2+1,28.000 TL,28000
Karşıyaka,3+1,28.000 TL,28000
Bornova,3+1,29.000 TL,29000
Menderes,3+1,29.000 TL,29000
Menderes,2+1,28.500 TL,28500
Güzelbahçe,1+1,28.000 TL,28000
Seferihisar,3+1,28.000 TL,28000
Foça,2+1,28.000 TL,28000
Balçova,3+1,28.000 TL,28000
Torbalı,3+1,29.000 TL,29000
Çiğli,1+1,28.500 TL,28500
Bayraklı,3+1,28.000 TL,28000
Bornova,1+1,29.000 TL,29000
Buca,3+1,28.000 TL,28000
Konak,2+1,28.000 TL,28000
Buca,3+1,28.500 TL,28500
Balçova,2+1,28.000 TL,28000
Bornova,2+1,28.000 TL,28000
Bayraklı,2+1,28.000 TL,28000
Karşıyaka,1+1,28.000 TL,28000
Seferihisar,1+1,28.000 TL,28000
Çiğli,1+1,28.000 TL,28000
Çiğli,2+1,28.500 TL,28500
Bornova,3+1,28.000 TL,28000
Seferihisar,2+1,29.000 TL,29000
Bornova,1+1,29.000 TL,29000
Karşıyaka,3+1,29.000 TL,29000
Torbalı,3+1,28.000 TL,28000
Çiğli,2+1,28.500 TL,28500
Çiğli,3+1,28.750 TL,28750
Karşıyaka,2+1,29.000 TL,29000
Karşıyaka,2+1,28.000 TL,28000
Gaziemir,1+1,28.000 TL,28000
Karşıyaka,3+1,28.000 TL,28000
Konak,2+1,28.000 TL,28000
Bornova,3+1,28.000 TL,28000
Aliağa,2+1,28.500 TL,28500
Torbalı,2+1,28.000 TL,28000
Buca,3+1,28.000 TL,28000
Buca,2+1,29.000 TL,29000
Torbalı,3+1,28.000 TL,28000
Buca,3+1,28.500 TL,28500
Çeşme,1+1,28.000 TL,28000
Menderes,2+1,28.000 TL,28000
Karşıyaka,3+1,28.000 TL,28000
Çiğli,3+1,28.000 TL,28000
Karabağlar,3+1,28.000 TL,28000
Torbalı,1+1,28.000 TL,28000
Menderes,3+1,28.500 TL,28500
Buca,2+1,29.000 TL,29000
Karşıyaka,3+1,28.000 TL,28000
Torbalı,2+1,28.000 TL,28000
Bayraklı,3+1,28.000 TL,28000
Konak,1+1,28.000 TL,28000
Gaziemir,2+1,29.000 TL,29000
Karabağlar,3+1,28.000 TL,28000
Bayraklı,3+1,29.000 TL,29000
Ödemiş,1+1,28.000 TL,28000
Karşıyaka,2+1,28.000 TL,28000
Bergama,3+1,28.500 TL,28500
Çiğli,1+1,28.000 TL,28000
Çeşme,1+1,28.000 TL,28000
Karşıyaka,Stüdyo (1+0),29.000 TL,29000
Karşıyaka,2+1,29.000 TL,29000
Bornova,3+1,29.000 TL,29000
Seferihisar,1+1,29.000 TL,29000
Buca,2+1,28.500 TL,28500
Gaziemir,2+1,29.000 TL,29000
Menemen,2+1,29.000 TL,29000
Karşıyaka,2+1,28.000 TL,28000
Karşıyaka,2+1,28.000 TL,28000
Bornova,2+1,29.000 TL,29000
Konak,1+1,28.000 TL,28000
Karşıyaka,3+1,29.000 TL,29000
Çiğli,2+1,28.000 TL,28000
Karabağlar,2+1,29.000 TL,29000
Buca,2+1,28.000 TL,28000
Konak,2+1,28.000 TL,28000
Bornova,3+1,28.000 TL,28000
Buca,2+1,28.000 TL,28000
Menemen,2+1,28.000 TL,28000
Buca,2+1,29.000 TL,29000
Narlıdere,Stüdyo (1+0),28.000 TL,28000
Menderes,2+1,28.000 TL,28000
Buca,1+1,28.000 TL,28000
Karşıyaka,1+1,28.000 TL,28000
Menemen,2+1,29.000 TL,29000
Buca,2+1,28.000 TL,28000
Karşıyaka,2+1,29.000 TL,29000
Karşıyaka,3+1,28.000 TL,28000
Buca,3+1,28.000 TL,28000
Çiğli,2+1,29.000 TL,29000
Karşıyaka,2+1,28.000 TL,28000
Bornova,1+1,28.500 TL,28500
Bornova,1+1,28.000 TL,28000
Bornova,3+1,29.000 TL,29000
Menemen,2+1,29.000 TL,29000
Çeşme,1+1,28.500 TL,28500
Menemen,3+1,28.000 TL,28000
Bornova,1+1,28.000 TL,28000
Buca,3+1,29.000 TL,29000
Karşıyaka,1+1,29.000 TL,29000
Karşıyaka,1+1,29.000 TL,29000
Torbalı,2+1,28.000 TL,28000
Karabağlar,2+1,29.000 TL,29000
Karşıyaka,3+1,29.000 TL,29000
Buca,2+1,29.000 TL,29000
Menemen,2+1,28.500 TL,28500
Konak,2+1,28.000 TL,28000
Karabağlar,3+1,29.000 TL,29000
Bornova,1+1,28.000 TL,28000
Bayraklı,3+1,28.000 TL,28000
Karşıyaka,1+1,28.000 TL,28000
Konak,1+1,28.000 TL,28000
Buca,2+1,29.000 TL,29000
Urla,1+1,28.000 TL,28000
Buca,1+1,28.000 TL,28000
Karabağlar,1+1,28.000 TL,28000
Karşıyaka,3+1,28.000 TL,28000
Gaziemir,3+1,28.000 TL,28000
Çiğli,2+1,28.000 TL,28000
Konak,3+1,28.000 TL,28000
Bornova,3+1,28.000 TL,28000
Balçova,1+1,28.000 TL,28000
Buca,2+1,28.000 TL,28000
Buca,3+1,28.500 TL,28500
Buca,3+1,28.000 TL,28000
Konak,2+1,28.000 TL,28000
Buca,3+1,28.000 TL,28000
Konak,2+1,28.000 TL,28000
Çiğli,3+1,28.000 TL,28000
Torbalı,3+1,28.500 TL,28500
Bergama,3+1,28.000 TL,28000
Karşıyaka,2+1,28.000 TL,28000
Torbalı,3+1,28.000 TL,28000
Bornova,3+1,28.000 TL,28000
Bornova,1+1,28.000 TL,28000
Bayraklı,2+1,29.000 TL,29000
Konak,3+1,29.000 TL,29000
Buca,3+1,28.000 TL,28000
Menderes,2+1,28.000 TL,28000
Karşıyaka,3+1,28.000 TL,28000
Buca,3+1,28.000 TL,28000
Karşıyaka,2+1,28.000 TL,28000
Buca,2+1,28.000 TL,28000
Balçova,2+1,28.000 TL,28000
Karşıyaka,3+1,28.000 TL,28000
Konak,3+1,28.500 TL,28500
Buca,3+1,28.000 TL,28000
Balçova,3+1,28.000 TL,28000
Bornova,Stüdyo (1+0),28.000 TL,28000
Torbalı,2+1,29.000 TL,29000
Karşıyaka,1+1,28.000 TL,28000
Bornova,1+1,29.000 TL,29000
Karabağlar,2+1,29.000 TL,29000
Bornova,1+1,29.000 TL,29000
Gaziemir,3+1,29.000 TL,29000
Karabağlar,2+1,28.000 TL,28000
Karşıyaka,1+1,29.000 TL,29000
Karşıyaka,3+1,28.000 TL,28000
Bayraklı,3+1,28.000 TL,28000
Karşıyaka,1+1,28.000 TL,28000
Konak,1+1,28.000 TL,28000
Çiğli,1+1,29.000 TL,29000
Torbalı,3+1,29.500 TL,29500
Konak,3+1,29.500 TL,29500
Konak,2+1,29.500 TL,29500
Karabağlar,3+1,29.500 TL,29500
Menemen,2+1,29.500 TL,29500
Konak,3+1,29.500 TL,29500
Menderes,2+1,29.500 TL,29500
Karşıyaka,1+1,29.500 TL,29500
Çiğli,3+1,29.500 TL,29500
Konak,2+1,29.500 TL,29500
Karşıyaka,3+1,29.500 TL,29500
Karabağlar,1+1,29.500 TL,29500
Karabağlar,2+1,29.500 TL,29500
Konak,3+1,29.500 TL,29500
Çiğli,1+1,29.500 TL,29500
Konak,2+1,29.500 TL,29500
Karşıyaka,2+1,29.500 TL,29500
Karabağlar,2+1,29.500 TL,29500
Balçova,2+1,29.500 TL,29500
Karabağlar,3+1,29.500 TL,29500
Karşıyaka,2+1,29.500 TL,29500
Karabağlar,1+1,29.500 TL,29500
Seferihisar,2+1,29.500 TL,29500
Seferihisar,2+1,29.500 TL,29500
Çiğli,2+1,29.500 TL,29500
Karabağlar,3+1,29.500 TL,29500
Konak,3+1,29.500 TL,29500
Bornova,1+1,29.500 TL,29500
Karaburun,3+1,29.500 TL,29500
Konak,2+1,29.500 TL,29500
Karşıyaka,1+1,29.500 TL,29500
Menemen,3+1,29.500 TL,29500
Kemalpaşa,3+1,29.500 TL,29500
Buca,2+1,29.500 TL,29500
Bornova,2+1,29.500 TL,29500
Konak,3+1,29.500 TL,29500
Çeşme,Stüdyo (1+0),29.500 TL,29500
Karşıyaka,3+1,29.500 TL,29500
Menemen,3+1,29.400 TL,29400
Buca,3+1,29.500 TL,29500
Buca,3+1,29.500 TL,29500
Karşıyaka,1+1,29.500 TL,29500
Karabağlar,2+1,29.500 TL,29500
Karabağlar,2+1,29.500 TL,29500
Urla,2+1,29.500 TL,29500
Buca,3+1,29.500 TL,29500
Bornova,2+1,29.500 TL,29500
Urla,2+1,29.500 TL,29500
Konak,1+1,29.500 TL,29500
Konak,1+1,29.500 TL,29500
Çiğli,1+1,29.500 TL,29500
Karabağlar,3+1,29.500 TL,29500
Menderes,2+1,29.500 TL,29500
Bornova,3+1,29.500 TL,29500
Bayraklı,2+1,29.500 TL,29500
Karşıyaka,2+1,29.500 TL,29500
Karabağlar,1+1,29.500 TL,29500
Bornova,2+1,29.500 TL,29500
Buca,4+1,29.500 TL,29500
Karşıyaka,2+1,29.500 TL,29500
Torbalı,2+1,29.500 TL,29500
Çiğli,3+1,29.500 TL,29500
Çiğli,2+1,29.500 TL,29500
Karabağlar,2+1,29.500 TL,29500
Karabağlar,1+1,29.500 TL,29500
Karşıyaka,1+1,29.500 TL,29500
Konak,3+1,29.500 TL,29500
Çiğli,2+1,29.750 TL,29750
Çiğli,1+1,29.750 TL,29750
Çiğli,2+1,29.750 TL,29750
Çiğli,3+1,29.750 TL,29750
Bornova,2+1,29.750 TL,29750
Dikili,3+1,29.750 TL,29750
Çiğli,2+1,29.950 TL,29950
Menderes,2+1,29.900 TL,29900
Çiğli,2+1,29.900 TL,29900
Tire,3+1,30.000 TL,30000
Buca,3+1,30.000 TL,30000
Aliağa,3+1,30.000 TL,30000
Aliağa,3+1,30.000 TL,30000
Seferihisar,3+1,30.000 TL,30000
Çeşme,1+1,30.000 TL,30000
Bornova,2+1,30.000 TL,30000
Torbalı,3+1,30.000 TL,30000
Bornova,2+1,30.000 TL,30000
Çiğli,1+1,30.000 TL,30000
Konak,1+1,30.000 TL,30000
Konak,3+1,30.000 TL,30000
Konak,2+1,30.000 TL,30000
Karabağlar,3+1,30.000 TL,30000
Karabağlar,2+1,30.000 TL,30000
Karşıyaka,3+1,30.000 TL,30000
Karaburun,3+1,30.000 TL,30000
Konak,3+1,30.000 TL,30000
Narlıdere,3+1,30.000 TL,30000
Karabağlar,1+1,30.000 TL,30000
Bayraklı,3+1,30.000 TL,30000
Kemalpaşa,3+1,30.000 TL,30000
Konak,2+1,30.000 TL,30000
Karşıyaka,3+1,30.000 TL,30000
Bornova,2+1,30.000 TL,30000
Karabağlar,3+1,30.000 TL,30000
Gaziemir,Stüdyo (1+0),30.000 TL,30000
Foça,2+1,30.000 TL,30000
Bergama,3+1,30.000 TL,30000
Seferihisar,2+1,30.000 TL,30000
Torbalı,2+1,30.000 TL,30000
Buca,2+1,30.000 TL,30000
Menemen,3+1,30.000 TL,30000
Karşıyaka,1+1,30.000 TL,30000
Buca,1+1,30.000 TL,30000
Konak,2+1,30.000 TL,30000
Konak,1+1,30.000 TL,30000
Bayraklı,3+1,30.000 TL,30000
Karabağlar,2+1,30.000 TL,30000
Balçova,3+1,30.000 TL,30000
Buca,2+1,30.000 TL,30000
Karaburun,2+1,30.000 TL,30000
Buca,1+1,30.000 TL,30000
Karşıyaka,2+1,30.000 TL,30000
Urla,3+1,30.000 TL,30000
Seferihisar,2+1,30.000 TL,30000
Çiğli,1+1,30.000 TL,30000
Buca,2+1,30.000 TL,30000
Buca,2+1,30.000 TL,30000
Menemen,3.5+1,30.000 TL,30000
Çiğli,2+1,30.000 TL,30000
Konak,2+1,30.000 TL,30000
Buca,2+1,30.000 TL,30000
Urla,1+1,30.000 TL,30000
Çiğli,2+1,30.000 TL,30000
Bornova,2+1,30.000 TL,30000
Çiğli,3+1,30.000 TL,30000
Buca,3+1,30.000 TL,30000
Karşıyaka,2+1,30.000 TL,30000
Balçova,3+1,30.000 TL,30000
Menemen,3+1,30.000 TL,30000
Seferihisar,2+1,30.000 TL,30000
Bayraklı,3+1,30.000 TL,30000
Çiğli,1+1,30.000 TL,30000
Çeşme,1+1,30.000 TL,30000
Tire,3+1,30.000 TL,30000
Bornova,1+1,30.000 TL,30000
Çiğli,3+1,30.000 TL,30000
Menemen,2+1,30.000 TL,30000
Çiğli,3+1,30.000 TL,30000
Karşıyaka,1+1,30.000 TL,30000
Bornova,3+1,30.000 TL,30000
Bayraklı,1+1,30.000 TL,30000
Bayraklı,3+1,30.000 TL,30000
Bornova,3+1,30.000 TL,30000
Torbalı,3+1,30.000 TL,30000
Seferihisar,3+1,30.000 TL,30000
Karşıyaka,3+1,30.000 TL,30000
Gaziemir,3+1,30.000 TL,30000
Buca,1+1,30.000 TL,30000
Torbalı,3+1,30.000 TL,30000
Bergama,5+1,30.000 TL,30000
Konak,2+1,30.000 TL,30000
Bornova,1+1,30.000 TL,30000
Karşıyaka,2+1,30.000 TL,30000
Konak,3+1,30.000 TL,30000
Bornova,3+1,30.000 TL,30000
Konak,2+1,30.000 TL,30000
Menderes,2+1,30.000 TL,30000
Karşıyaka,3+1,30.000 TL,30000
Çiğli,1+1,30.000 TL,30000
Buca,1+1,30.000 TL,30000
Gaziemir,1+1,30.000 TL,30000
Menemen,3+1,30.000 TL,30000
Bergama,2+1,30.000 TL,30000
Bayraklı,3+1,30.000 TL,30000
Torbalı,2+1,30.000 TL,30000
Bayraklı,3+1,30.000 TL,30000
Balçova,3+1,30.000 TL,30000
Bornova,2+1,30.000 TL,30000
Buca,3+1,30.000 TL,30000
Konak,2+1,30.000 TL,30000
Foça,2+1,30.000 TL,30000
Kemalpaşa,1+1,30.000 TL,30000
Karşıyaka,3+1,30.000 TL,30000
Balçova,2+1,30.000 TL,30000
Karşıyaka,2+1,30.000 TL,30000
Torbalı,3+1,30.000 TL,30000
Bayraklı,3+1,30.000 TL,30000
Karşıyaka,3+1,30.000 TL,30000
Karabağlar,3+1,30.000 TL,30000
Seferihisar,2+1,30.000 TL,30000
Karşıyaka,1+1,30.000 TL,30000
Bayraklı,2+1,30.000 TL,30000
Menemen,3+1,30.000 TL,30000
Karşıyaka,1+1,30.000 TL,30000
Gaziemir,2+1,30.000 TL,30000
Torbalı,2+1,30.000 TL,30000
Buca,3+1,30.000 TL,30000
Karabağlar,3+1,30.000 TL,30000
Konak,2+1,30.000 TL,30000
Buca,1+1,30.000 TL,30000
Konak,2+1,30.000 TL,30000
Foça,2+1,30.000 TL,30000
Bornova,3+1,30.000 TL,30000
Konak,1+1,30.000 TL,30000
Bornova,1+1,30.000 TL,30000
Bornova,1+1,30.000 TL,30000
Karşıyaka,2+1,30.000 TL,30000
Menderes,3+1,30.000 TL,30000
Karşıyaka,2+1,30.000 TL,30000
Karabağlar,3+1,30.000 TL,30000
Torbalı,2+0,30.000 TL,30000
Buca,3+1,30.000 TL,30000
Bornova,1+1,30.000 TL,30000
Torbalı,3+1,30.000 TL,30000
Karabağlar,3+1,30.000 TL,30000
Çiğli,3+1,30.000 TL,30000
Bornova,3+1,30.000 TL,30000
Gaziemir,2+1,30.000 TL,30000
Balçova,2+1,30.000 TL,30000
Torbalı,2+1,30.000 TL,30000
Torbalı,3+1,30.000 TL,30000
Karabağlar,3+1,30.000 TL,30000
Bornova,2+1,30.000 TL,30000
Konak,3+1,30.000 TL,30000
Karşıyaka,1+1,30.000 TL,30000
Ödemiş,4+1,30.000 TL,30000
Aliağa,3+1,30.000 TL,30000
Karşıyaka,1+1,30.000 TL,30000
Tire,3+1,30.000 TL,30000
Karabağlar,3+1,30.000 TL,30000
Karabağlar,2+1,30.000 TL,30000
Balçova,Stüdyo (1+0),30.000 TL,30000
Torbalı,2+1,30.000 TL,30000
Buca,3+1,30.000 TL,30000
Çeşme,Stüdyo (1+0),30.000 TL,30000
Karşıyaka,3+1,30.000 TL,30000
Bornova,Stüdyo (1+0),30.000 TL,30000
Aliağa,2+1,30.000 TL,30000
Seferihisar,4+1,30.000 TL,30000
Konak,2+1,30.000 TL,30000
Urla,1+1,30.000 TL,30000
Çiğli,3+1,30.000 TL,30000
Karabağlar,2+1,30.000 TL,30000
Bornova,3+1,30.000 TL,30000
Karabağlar,2+1,30.000 TL,30000
Kemalpaşa,3+1,30.000 TL,30000
Buca,3+1,30.000 TL,30000
Torbalı,3+1,30.000 TL,30000
Menemen,2+1,30.000 TL,30000
Bergama,2+1,30.000 TL,30000
Karşıyaka,3+1,30.000 TL,30000
Konak,3+1,30.000 TL,30000
Bornova,1+1,30.000 TL,30000
Menderes,2+1,30.000 TL,30000
Karşıyaka,2+1,30.000 TL,30000
Bornova,2+1,30.000 TL,30000
Konak,3+1,30.000 TL,30000
Konak,3+1,30.000 TL,30000
Aliağa,1+1,30.000 TL,30000
Seferihisar,3+1,30.000 TL,30000
Aliağa,3+1,30.000 TL,30000
Çiğli,3+1,30.000 TL,30000
Karşıyaka,2+1,30.000 TL,30000
Konak,2+1,30.000 TL,30000
Karşıyaka,2+1,30.000 TL,30000
Karabağlar,2+1,30.000 TL,30000
Bornova,1+1,30.000 TL,30000
Karabağlar,1+1,30.000 TL,30000
Bayraklı,3+1,30.000 TL,30000
Torbalı,3+1,30.000 TL,30000
Konak,3+1,30.000 TL,30000
Karşıyaka,2+1,30.000 TL,30000
Karşıyaka,1+1,30.000 TL,30000
Konak,1+1,30.000 TL,30000
Buca,2+1,30.000 TL,30000
Bornova,3+1,30.000 TL,30000
Menemen,3+1,30.000 TL,30000
Buca,2+1,30.000 TL,30000
Karabağlar,2+1,30.000 TL,30000
Ödemiş,2+1,30.000 TL,30000
Balçova,3+1,30.000 TL,30000
Karşıyaka,2+1,30.000 TL,30000
Ödemiş,3+1,30.000 TL,30000
Menderes,2+1,30.000 TL,30000
Balçova,2+1,30.000 TL,30000
Balçova,1+1,30.000 TL,30000
Torbalı,1+1,30.000 TL,30000
Torbalı,3+1,30.000 TL,30000
Aliağa,3+1,30.000 TL,30000
Çiğli,2+1,30.000 TL,30000
Bayraklı,3+1,30.000 TL,30000
Menemen,2+1,30.000 TL,30000
Karşıyaka,2+1,30.000 TL,30000
Çiğli,1+1,30.000 TL,30000
Buca,2+1,30.000 TL,30000
Karşıyaka,3+1,30.000 TL,30000
Güzelbahçe,1+1,30.000 TL,30000
Bornova,3+1,30.000 TL,30000
Çiğli,1+1,30.000 TL,30000
Karşıyaka,2+1,30.000 TL,30000
Gaziemir,1+1,30.000 TL,30000
Karşıyaka,2+1,30.000 TL,30000
Karşıyaka,3+1,30.000 TL,30000
Dikili,4+1,30.000 TL,30000
Konak,3+1,30.000 TL,30000
Torbalı,3+1,30.000 TL,30000
Buca,2+1,30.000 TL,30000
Karşıyaka,2+1,30.000 TL,30000
Karşıyaka,3+1,30.000 TL,30000
Konak,2+1,30.000 TL,30000
Buca,3+1,30.000 TL,30000
Çeşme,3+1,30.000 TL,30000
Karşıyaka,3+1,30.000 TL,30000
Karşıyaka,3+1,30.000 TL,30000
Urla,2+1,30.000 TL,30000
Çeşme,1+1,30.000 TL,30000
Bornova,1+1,30.000 TL,30000
Karşıyaka,3+1,30.000 TL,30000
Torbalı,2+1,30.000 TL,30000
Torbalı,2+1,30.000 TL,30000
Buca,1+1,30.000 TL,30000
Buca,3+1,30.000 TL,30000
Bornova,1+1,30.000 TL,30000
Aliağa,3+1,30.000 TL,30000
Karabağlar,3+1,30.000 TL,30000
Urla,2+1,30.000 TL,30000
Buca,3+1,30.000 TL,30000
Seferihisar,2+1,30.000 TL,30000
Konak,3+1,30.000 TL,30000
Bornova,3+1,30.000 TL,30000
Çeşme,Stüdyo (1+0),30.000 TL,30000
Aliağa,3+1,30.000 TL,30000
Bergama,3+1,30.000 TL,30000
Çiğli,3+1,30.000 TL,30000
Karşıyaka,1+1,30.000 TL,30000
Menemen,3+1,30.000 TL,30000
Buca,3+1,30.000 TL,30000
Bornova,1+1,30.000 TL,30000
Bayraklı,3+1,30.000 TL,30000
Bergama,3+1,30.000 TL,30000
Güzelbahçe,2+1,30.000 TL,30000
Çiğli,3+1,30.000 TL,30000
Seferihisar,2+1,30.000 TL,30000
Bayraklı,3+1,30.000 TL,30000
Karşıyaka,2+1,30.000 TL,30000
Foça,3+1,30.000 TL,30000
Karşıyaka,1+1,30.000 TL,30000
Karşıyaka,1+1,30.000 TL,30000
Foça,2+1,30.000 TL,30000
Buca,2+1,30.000 TL,30000
Çiğli,2+1,30.000 TL,30000
Gaziemir,3+1,30.000 TL,30000
Bayraklı,2+1,30.000 TL,30000
Torbalı,3+1,30.000 TL,30000
Aliağa,3+1,30.000 TL,30000
Aliağa,2+1,30.000 TL,30000
Karabağlar,2+1,30.000 TL,30000
Buca,3+1,30.000 TL,30000
Foça,2+1,30.000 TL,30000
Selçuk,3+1,30.000 TL,30000
Foça,2+1,30.000 TL,30000
Konak,1+1,30.000 TL,30000
Seferihisar,3+1,30.000 TL,30000
Konak,2+1,30.000 TL,30000
Buca,3+1,30.000 TL,30000
Karşıyaka,2+1,30.000 TL,30000
Balçova,1+1,30.000 TL,30000
Konak,1+1,30.000 TL,30000
Karabağlar,2+1,30.000 TL,30000
Buca,2+1,30.000 TL,30000
Menderes,3+1,30.000 TL,30000
Çeşme,1.5+1,30.000 TL,30000
Karabağlar,3+1,30.000 TL,30000
Balçova,2+1,30.000 TL,30000
Bayraklı,3+1,30.000 TL,30000
Menderes,1+1,30.000 TL,30000
Konak,2+1,30.000 TL,30000
Karabağlar,3+1,30.000 TL,30000
Aliağa,1+1,30.000 TL,30000
Aliağa,2+1,30.000 TL,30000
Karabağlar,3+1,30.000 TL,30000
Gaziemir,3+1,30.000 TL,30000
Karabağlar,3+1,30.000 TL,30000
Konak,2+1,30.000 TL,30000
Karşıyaka,2+1,30.000 TL,30000
Balçova,3+1,30.000 TL,30000
Konak,2+1,30.000 TL,30000
Karşıyaka,2+1,30.000 TL,30000
Ödemiş,5+2,30.000 TL,30000
Seferihisar,3+1,30.000 TL,30000
Karşıyaka,1+1,30.000 TL,30000
Menderes,2+1,30.000 TL,30000
Karşıyaka,3+1,30.000 TL,30000
Aliağa,3+1,30.000 TL,30000
Dikili,2+1,30.000 TL,30000
Karabağlar,2+1,30.000 TL,30000
Çiğli,1+1,30.000 TL,30000
Karabağlar,3+1,30.000 TL,30000
Karşıyaka,2+1,30.000 TL,30000
Karabağlar,3+1,30.000 TL,30000
Torbalı,3+1,30.000 TL,30000
Bornova,2+1,30.000 TL,30000
Menderes,3+1,30.000 TL,30000
Torbalı,3+1,30.000 TL,30000
Karşıyaka,3+1,30.000 TL,30000
Çeşme,1+1,30.000 TL,30000
Bornova,2+1,30.000 TL,30000
Bornova,2+1,30.000 TL,30000
Foça,2+1,30.000 TL,30000
Karşıyaka,2+1,30.000 TL,30000
Balçova,1+1,30.000 TL,30000
Konak,2+1,30.000 TL,30000
Karşıyaka,2+1,30.000 TL,30000
Karşıyaka,1+1,30.000 TL,30000
Menemen,3+1,30.000 TL,30000
Çiğli,2+1,30.000 TL,30000
Gaziemir,3+1,30.000 TL,30000
Buca,2+1,30.000 TL,30000
Menemen,3+1,30.000 TL,30000
Karşıyaka,3+1,30.000 TL,30000
Buca,2+1,30.000 TL,30000
Karşıyaka,3+1,30.000 TL,30000
Çiğli,2+1,30.000 TL,30000
Buca,3+1,30.000 TL,30000
Karabağlar,2+1,30.000 TL,30000
Karabağlar,2+1,30.000 TL,30000
Çiğli,2+1,30.000 TL,30000
Karşıyaka,3+1,30.000 TL,30000
Bornova,2+1,30.000 TL,30000
Gaziemir,3+1,30.000 TL,30000
Narlıdere,3+1,30.000 TL,30000
Aliağa,3+1,30.000 TL,30000
Buca,1+1,30.000 TL,30000
Bornova,3+1,30.000 TL,30000
Konak,3+1,30.000 TL,30000
Karabağlar,3+1,30.000 TL,30000
Bornova,1+1,30.000 TL,30000
Karşıyaka,3+1,30.000 TL,30000
Buca,2+1,30.000 TL,30000
Buca,2+1,30.000 TL,30000
Konak,2+1,30.000 TL,30000
Buca,2+1,30.000 TL,30000
Konak,3+1,30.000 TL,30000
Konak,2+1,30.000 TL,30000
Buca,3+1,30.000 TL,30000
Karşıyaka,3+1,30.000 TL,30000
Foça,2.5+1,30.000 TL,30000
Bornova,2+1,30.000 TL,30000
Konak,3+1,30.000 TL,30000
Bornova,2+1,30.000 TL,30000
Torbalı,3+1,30.000 TL,30000
Urla,2+1,30.000 TL,30000
Gaziemir,2+1,30.000 TL,30000
Menderes,3+1,30.000 TL,30000
Bergama,3+1,30.000 TL,30000
Çiğli,3+1,30.000 TL,30000
Karşıyaka,3+1,30.000 TL,30000
Narlıdere,2+1,30.000 TL,30000
Bornova,2+1,30.000 TL,30000
Balçova,3+1,30.000 TL,30000
Karabağlar,3+1,30.000 TL,30000
Karşıyaka,2+1,30.000 TL,30000
Karşıyaka,3+1,30.000 TL,30000
Karşıyaka,3+1,30.000 TL,30000
Karşıyaka,2+1,30.000 TL,30000
Buca,3+1,30.000 TL,30000
Aliağa,1+1,30.000 TL,30000
Konak,2+1,30.000 TL,30000
Çiğli,3+1,30.000 TL,30000
Foça,1+1,30.000 TL,30000
Karabağlar,2+1,30.000 TL,30000
Gaziemir,2+1,30.000 TL,30000
Seferihisar,3+1,30.000 TL,30000
Karabağlar,2+1,30.000 TL,30000
Seferihisar,2+1,30.000 TL,30000
Bornova,3+1,30.000 TL,30000
Buca,3+1,30.000 TL,30000
Torbalı,2+1,30.000 TL,30000
Buca,2+1,30.000 TL,30000
Karşıyaka,2+1,30.000 TL,30000
Çeşme,2+1,30.000 TL,30000
Buca,1+1,30.000 TL,30000
Çiğli,1+1,30.000 TL,30000
Menemen,3+1,30.000 TL,30000
Seferihisar,2+1,30.000 TL,30000
Karabağlar,2+1,30.000 TL,30000
Bornova,3+1,30.000 TL,30000
Buca,3+1,30.000 TL,30000
Karşıyaka,3+1,30.000 TL,30000
Urla,Stüdyo (1+0),30.000 TL,30000
Çeşme,2+1,30.000 TL,30000
Buca,3+1,30.000 TL,30000
Karşıyaka,3+1,30.000 TL,30000
Çiğli,1+1,30.000 TL,30000
Çeşme,1+1,30.000 TL,30000
Karabağlar,3+1,30.000 TL,30000
Çiğli,1+1,30.000 TL,30000
Bornova,3+1,30.000 TL,30000
Menemen,3+1,30.000 TL,30000
Güzelbahçe,2+1,30.000 TL,30000
Bornova,2+1,30.000 TL,30000
Karşıyaka,3+1,30.000 TL,30000
Karabağlar,2+1,30.000 TL,30000
Menderes,2+1,30.000 TL,30000
Karşıyaka,3+1,30.000 TL,30000
Dikili,2+1,30.000 TL,30000
Bornova,Stüdyo (1+0),30.000 TL,30000
Konak,3+1,30.000 TL,30000
Seferihisar,1+1,30.000 TL,30000
Konak,2+1,30.000 TL,30000
Menemen,3+1,30.000 TL,30000
Konak,2+1,30.000 TL,30000
Karşıyaka,3+1,30.000 TL,30000
Balçova,3+1,30.000 TL,30000
Bayraklı,1+1,30.000 TL,30000
Menemen,2+1,30.000 TL,30000
Tire,3+1,30.000 TL,30000
Urla,1+1,30.000 TL,30000
Seferihisar,1+1,30.000 TL,30000
Menemen,3+1,30.000 TL,30000
Bornova,3+1,30.000 TL,30000
Karaburun,1+1,30.000 TL,30000
Buca,2+1,30.000 TL,30000
Karabağlar,2+1,30.000 TL,30000
Dikili,1+1,30.000 TL,30000
Karabağlar,3+1,29.999 TL,29999
Bornova,1+1,30.000 TL,30000
Karabağlar,2+1,30.000 TL,30000
Bornova,3+1,30.000 TL,30000
Bornova,3+1,30.000 TL,30000
Karşıyaka,2+1,30.000 TL,30000
Torbalı,3+1,30.000 TL,30000
Foça,2+1,30.000 TL,30000
Konak,3+1,30.000 TL,30000
Bornova,3+1,30.000 TL,30000
Buca,3+1,30.000 TL,30000
Bornova,1+1,30.000 TL,30000
Seferihisar,2+1,30.000 TL,30000
Konak,2+1,30.000 TL,30000
Bayraklı,3+1,30.000 TL,30000
Konak,3+1,30.000 TL,30000
Buca,1+1,30.000 TL,30000
Seferihisar,1+1,30.000 TL,30000
Çeşme,2+1,30.000 TL,30000
Aliağa,1+1,30.000 TL,30000
Gaziemir,2+1,30.000 TL,30000
Bayraklı,3+1,30.000 TL,30000
Karşıyaka,2+1,30.000 TL,30000
Çiğli,3+1,30.000 TL,30000
Çeşme,2+1,30.000 TL,30000
Karşıyaka,1+1,30.000 TL,30000
Karabağlar,2+1,30.000 TL,30000
Ödemiş,3+1,30.000 TL,30000
Bornova,1+1,30.000 TL,30000
Karşıyaka,1+1,30.000 TL,30000
Aliağa,3+1,30.000 TL,30000
Çeşme,1+1,30.000 TL,30000
Bayraklı,3+1,30.000 TL,30000
Bornova,3+1,30.000 TL,30000
Seferihisar,1+1,30.000 TL,30000
Buca,1+1,30.000 TL,30000
Balçova,2+1,30.000 TL,30000
Çiğli,3+1,30.000 TL,30000
Seferihisar,2+1,30.000 TL,30000
Bornova,2+1,30.000 TL,30000
Karşıyaka,2+1,30.000 TL,30000
Bergama,2+1,30.000 TL,30000
Konak,3+1,30.000 TL,30000
Karabağlar,3+1,30.000 TL,30000
Çiğli,1+1,30.000 TL,30000
Karşıyaka,2+1,30.000 TL,30000
Buca,1+1,30.000 TL,30000
Çiğli,1+1,30.000 TL,30000
Dikili,2+1,30.000 TL,30000
Buca,3+1,30.000 TL,30000
Buca,3+1,30.000 TL,30000
Konak,3+1,30.000 TL,30000
Buca,3+1,30.000 TL,30000
Foça,2+1,30.000 TL,30000
Buca,2+1,30.000 TL,30000
Karşıyaka,3+1,30.000 TL,30000
Konak,1+1,30.000 TL,30000
Buca,3+1,30.000 TL,30000
Gaziemir,3+1,30.000 TL,30000
Konak,2+1,30.000 TL,30000
Bornova,Stüdyo (1+0),30.000 TL,30000
Karşıyaka,3+1,30.000 TL,30000
Selçuk,2+1,30.000 TL,30000
Buca,3+1,30.000 TL,30000
Çiğli,3+1,30.000 TL,30000
Karabağlar,2+1,30.000 TL,30000
Karabağlar,3+1,29.999 TL,29999
Buca,3+1,30.000 TL,30000
Aliağa,3+1,30.000 TL,30000
Urla,2+1,30.000 TL,30000
Tire,3+1,30.000 TL,30000
Seferihisar,2+1,30.000 TL,30000
Torbalı,3+1,30.000 TL,30000
Buca,3+1,30.000 TL,30000
Buca,Stüdyo (1+0),30.000 TL,30000
Torbalı,1+1,30.000 TL,30000
Seferihisar,2+1,30.000 TL,30000
Bayraklı,3+1,30.000 TL,30000
Çeşme,1+1,30.000 TL,30000
Gaziemir,1+1,30.000 TL,30000
Seferihisar,3+1,30.000 TL,30000
Buca,2+1,30.000 TL,30000
Gaziemir,1+1,30.000 TL,30000
Karşıyaka,2+1,30.000 TL,30000
Konak,2+1,30.000 TL,30000
Karabağlar,3+1,30.000 TL,30000
Bornova,1+1,30.000 TL,30000
Çiğli,1+1,30.000 TL,30000
Çiğli,3+1,30.000 TL,30000
Konak,1+1,30.000 TL,30000
Konak,3+1,30.000 TL,30000
Çiğli,2+1,30.000 TL,30000
Menderes,2+1,30.000 TL,30000
Torbalı,3+1,30.000 TL,30000
Çiğli,2+1,30.000 TL,30000
Bornova,3+1,30.000 TL,30000
Buca,3+1,30.000 TL,30000
Çiğli,2+1,30.000 TL,30000
Karşıyaka,3+1,30.000 TL,30000
Bornova,1+1,30.000 TL,30000
Menemen,2+1,30.000 TL,30000
Konak,1+1,30.000 TL,30000
Buca,2+1,30.000 TL,30000
Karşıyaka,3+1,30.000 TL,30000
Gaziemir,3+1,30.000 TL,30000
Karabağlar,2+1,30.000 TL,30000
Gaziemir,3+1,30.000 TL,30000
Buca,2+1,30.000 TL,30000
Çiğli,1+1,30.000 TL,30000
Çiğli,2+1,30.000 TL,30000
Seferihisar,2+1,30.000 TL,30000
Güzelbahçe,1+1,30.000 TL,30000
Konak,3+1,30.000 TL,30000
Bayraklı,2+1,30.000 TL,30000
Karşıyaka,1+1,30.000 TL,30000
Buca,1+1,30.000 TL,30000
Bornova,2+1,30.000 TL,30000
Konak,3+1,30.000 TL,30000
Konak,2+1,30.000 TL,30000
Konak,1+1,30.000 TL,30000
Çiğli,1+1,30.000 TL,30000
Bornova,2+1,30.000 TL,30000
Buca,3+1,30.000 TL,30000
Bornova,1+1,30.000 TL,30000
Karabağlar,3+1,30.000 TL,30000
Karşıyaka,2+1,30.000 TL,30000
Buca,3+1,30.000 TL,30000
Kemalpaşa,3+1,30.000 TL,30000
Bayraklı,3+1,30.000 TL,30000
Buca,2+1,30.000 TL,30000
Buca,4+1,30.000 TL,30000
Aliağa,1+1,30.000 TL,30000
Seferihisar,2+1,30.000 TL,30000
Çiğli,1+1,30.000 TL,30000
Torbalı,2+1,30.000 TL,30000
Buca,3+1,30.000 TL,30000
Buca,2+1,30.000 TL,30000
Bornova,3+1,30.000 TL,30000
Buca,3+1,30.000 TL,30000
Seferihisar,2+1,30.000 TL,30000
Buca,2+1,30.000 TL,30000
Menemen,3+1,30.000 TL,30000
Bornova,2+1,30.000 TL,30000
Bornova,1+1,30.000 TL,30000
Çiğli,2+1,30.000 TL,30000
Buca,3+1,30.000 TL,30000
Urla,2+1,30.000 TL,30000
Bornova,3+1,30.000 TL,30000
Buca,3+1,30.000 TL,30000
Buca,2+1,30.000 TL,30000
Karabağlar,1+1,30.000 TL,30000
Seferihisar,1+1,30.000 TL,30000
Foça,2+1,30.000 TL,30000
Foça,2+1,30.000 TL,30000
Karşıyaka,2+1,30.000 TL,30000
Torbalı,2+1,30.000 TL,30000
Karşıyaka,1+1,30.000 TL,30000
Konak,2+1,30.000 TL,30000
Bayraklı,3+1,30.000 TL,30000
Çiğli,3+1,30.000 TL,30000
Torbalı,1+1,30.000 TL,30000
Seferihisar,2+1,30.000 TL,30000
Urla,1+1,30.000 TL,30000
Aliağa,4+1,30.000 TL,30000
Buca,2+1,30.000 TL,30000
Bornova,3+1,30.000 TL,30000
Karşıyaka,3+1,30.000 TL,30000
Bayraklı,2+1,30.000 TL,30000
Bayraklı,3+1,30.000 TL,30000
Menderes,2+1,30.000 TL,30000
Bergama,3+1,30.000 TL,30000
Karabağlar,2+1,30.000 TL,30000
Aliağa,2+1,30.000 TL,30000
Urla,2+1,30.000 TL,30000
Buca,3+1,30.000 TL,30000
Karşıyaka,3+1,30.000 TL,30000
Bornova,3+1,30.000 TL,30000
Seferihisar,1+1,30.000 TL,30000
Torbalı,3+1,30.000 TL,30000
Torbalı,3+1,30.000 TL,30000
Karşıyaka,3+1,30.000 TL,30000
Buca,4+1,30.000 TL,30000
Bornova,3+1,30.000 TL,30000
Karabağlar,3+1,30.000 TL,30000
Buca,2+1,30.000 TL,30000
Menderes,2+1,30.000 TL,30000
Bornova,2+1,30.000 TL,30000
Seferihisar,2+1,30.000 TL,30000
Çiğli,2+1,30.000 TL,30000
Karşıyaka,2+1,30.000 TL,30000
Konak,2+1,30.000 TL,30000
Karşıyaka,2+1,30.000 TL,30000
Buca,3+1,30.000 TL,30000
Bayraklı,2+1,30.000 TL,30000
Çeşme,1+1,30.000 TL,30000
Konak,1+1,30.000 TL,30000
Konak,2+1,30.000 TL,30000
Bornova,1+1,30.000 TL,30000
Buca,3+1,30.000 TL,30000
Menemen,3+1,30.000 TL,30000
Çiğli,2+1,30.000 TL,30000
Bornova,3+1,30.000 TL,30000
Urla,1+1,30.000 TL,30000
Karşıyaka,3+1,30.000 TL,30000
Menderes,3+1,30.000 TL,30000
Çiğli,1+1,30.000 TL,30000
Torbalı,3+1,30.000 TL,30000
Menemen,3+1,30.000 TL,30000
Karabağlar,2+1,30.000 TL,30000
Bornova,1+1,30.000 TL,30000
Bornova,3+1,30.000 TL,30000
Menderes,1+1,30.000 TL,30000
Bornova,1+1,30.000 TL,30000
Menderes,1+1,30.000 TL,30000
Karabağlar,3+1,30.000 TL,30000
Çiğli,3+1,30.000 TL,30000
Karşıyaka,3+1,30.000 TL,30000
Çeşme,1+1,30.000 TL,30000
Bayraklı,2+1,30.000 TL,30000
Karşıyaka,3+1,30.000 TL,30000
Torbalı,2+1,30.000 TL,30000
Bornova,2+1,30.000 TL,30000
Konak,3+1,30.000 TL,30000
Bergama,3+1,30.000 TL,30000
Gaziemir,3+1,30.000 TL,30000
Foça,2+1,30.000 TL,30000
Buca,2+1,30.000 TL,30000
Buca,2+1,30.000 TL,30000
Çiğli,1+1,30.000 TL,30000
Karşıyaka,2+1,30.000 TL,30000
Menemen,3+1,30.000 TL,30000
Bornova,3+1,30.000 TL,30000
Karşıyaka,3+1,30.000 TL,30000
Çeşme,2+1,30.000 TL,30000
Bayraklı,3+1,30.000 TL,30000
Karşıyaka,3+1,30.000 TL,30000
Menemen,3+1,30.000 TL,30000
Karşıyaka,3+1,30.000 TL,30000
Aliağa,1+1,30.000 TL,30000
Buca,3+1,30.000 TL,30000
Konak,3+1,30.000 TL,30000
Çiğli,2+1,30.000 TL,30000
Menderes,1+1,30.000 TL,30000
Konak,1+1,30.000 TL,30000
Balçova,3+1,30.000 TL,30000
Balçova,3+1,30.000 TL,30000
Urla,2+1,30.000 TL,30000
Buca,2+1,30.000 TL,30000
Torbalı,3+1,30.000 TL,30000
Buca,3+1,30.000 TL,30000
Buca,2+1,30.000 TL,30000
Menemen,3+1,30.000 TL,30000
Karabağlar,3+1,30.000 TL,30000
Bayraklı,3+1,30.000 TL,30000
Narlıdere,2+1,30.000 TL,30000
Menemen,3+1,30.000 TL,30000
Karşıyaka,2+1,30.000 TL,30000
Urla,2+1,30.000 TL,30000
Konak,2+1,30.000 TL,30000
Menemen,2+1,30.000 TL,30000
Çiğli,1+1,30.000 TL,30000
Karşıyaka,3+1,30.000 TL,30000
Bornova,3+1,30.000 TL,30000
Bornova,2+1,30.000 TL,30000
Buca,1+1,30.000 TL,30000
Buca,2+1,30.000 TL,30000
Buca,2+1,30.000 TL,30000
Menderes,3+1,30.000 TL,30000
Buca,3+1,30.000 TL,30000
Buca,3+1,30.000 TL,30000
Buca,1+1,30.000 TL,30000
Buca,2+1,30.000 TL,30000
Karabağlar,1+1,30.000 TL,30000
Bornova,2+1,30.000 TL,30000
Çeşme,1+1,30.000 TL,30000
Bayraklı,3+1,30.000 TL,30000
Balçova,3+1,30.000 TL,30000
Aliağa,2+1,30.000 TL,30000
Bornova,1+1,30.000 TL,30000
Bornova,3+1,30.000 TL,30000
Balçova,2+1,30.000 TL,30000
Seferihisar,2+1,30.000 TL,30000
Aliağa,2+1,30.000 TL,30000
Bornova,2+1,30.000 TL,30000
Aliağa,3+1,30.000 TL,30000
Seferihisar,3+1,30.000 TL,30000
Menemen,2+1,30.000 TL,30000
Seferihisar,2+1,30.000 TL,30000
Karşıyaka,1+1,30.000 TL,30000
Menderes,2+1,30.000 TL,30000
Konak,2+1,30.000 TL,30000
Tire,2+1,30.000 TL,30000
Karşıyaka,3+1,30.000 TL,30000
Bornova,1+1,30.000 TL,30000
Menderes,1+1,30.000 TL,30000
Bornova,1+1,30.000 TL,30000
Karaburun,2+1,30.000 TL,30000
Bornova,3+1,30.000 TL,30000
Buca,2+1,30.000 TL,30000
Buca,1+1,30.000 TL,30000
Karşıyaka,1+1,30.000 TL,30000
Torbalı,2+1,30.000 TL,30000
Gaziemir,2+1,30.000 TL,30000
Selçuk,2+1,30.000 TL,30000
Dikili,2+1,30.000 TL,30000
Menemen,3+1,30.000 TL,30000
Karabağlar,1+1,30.000 TL,30000
Bayraklı,3+1,30.000 TL,30000
Menderes,2+1,30.000 TL,30000
Bornova,3+1,30.000 TL,30000
Buca,2+1,30.000 TL,30000
Bornova,1+1,30.000 TL,30000
Buca,2+1,30.000 TL,30000
Karabağlar,3+1,30.000 TL,30000
Konak,2+1,30.000 TL,30000
Karşıyaka,3+1,30.000 TL,30000
Balçova,1+1,30.000 TL,30000
Çiğli,1+1,30.000 TL,30000
Torbalı,2+1,30.000 TL,30000
Karabağlar,2+1,30.000 TL,30000
Buca,3+1,30.000 TL,30000
Karşıyaka,3+1,30.000 TL,30000
Tire,3+1,30.000 TL,30000
Bornova,1+1,30.000 TL,30000
Çiğli,2+1,30.000 TL,30000
Buca,2+1,30.000 TL,30000
Kemalpaşa,3+1,30.000 TL,30000
Karşıyaka,2+1,30.000 TL,30000
Ödemiş,3+1,30.000 TL,30000
Karşıyaka,3+1,30.000 TL,30000
Konak,1+1,30.000 TL,30000
Karabağlar,3+1,30.000 TL,30000
Konak,1+1,30.000 TL,30000
Torbalı,3+1,30.000 TL,30000
Buca,2+1,30.000 TL,30000
Çiğli,3+1,30.000 TL,30000
Balçova,3+1,30.000 TL,30000
Bayraklı,3+1,30.000 TL,30000
Aliağa,2+1,30.000 TL,30000
Karşıyaka,2+1,30.000 TL,30000
Bornova,1+1,30.000 TL,30000
Bornova,2+1,30.000 TL,30000
Karaburun,1+1,30.000 TL,30000
Karşıyaka,3+1,30.000 TL,30000
Bornova,1+1,30.000 TL,30000
Buca,2+1,30.000 TL,30000
Bayraklı,2+1,30.000 TL,30000
Menemen,3+1,30.000 TL,30000
Ödemiş,2+1,30.000 TL,30000
Karşıyaka,3+1,30.000 TL,30000
Buca,2+1,30.000 TL,30000
Bayraklı,3+1,30.000 TL,30000
Karabağlar,2+1,30.000 TL,30000
Buca,3+1,30.000 TL,30000
Karşıyaka,2+1,30.000 TL,30000
Karaburun,1+1,30.000 TL,30000
Gaziemir,2+1,30.000 TL,30000
Bornova,3+1,30.000 TL,30000
Karşıyaka,3+1,30.000 TL,30000
Karşıyaka,2+1,30.000 TL,30000
Karşıyaka,3+1,30.000 TL,30000
Karşıyaka,2+1,30.000 TL,30000
Bayraklı,3+1,30.000 TL,30000
Bornova,1+1,30.000 TL,30000
Menderes,3+1,30.000 TL,30000
Selçuk,3+1,30.000 TL,30000
Karşıyaka,3+1,30.000 TL,30000
Torbalı,3+1,30.000 TL,30000
Bornova,1+1,30.000 TL,30000
Çeşme,2+1,30.000 TL,30000
Menderes,2+1,30.000 TL,30000
Balçova,1+1,30.000 TL,30000
Bornova,3+1,30.000 TL,30000
Seferihisar,2+1,30.000 TL,30000
Karşıyaka,2+1,30.000 TL,30000
Çiğli,1+1,30.000 TL,30000
Karşıyaka,2+1,30.000 TL,30000
Bornova,2+1,30.000 TL,30000
Karabağlar,2+1,30.000 TL,30000
Karşıyaka,2+1,30.000 TL,30000
Bornova,1+1,30.000 TL,30000
Bornova,1+1,30.000 TL,30000
Çiğli,1+1,30.000 TL,30000
Seferihisar,1+1,30.000 TL,30000
Konak,3+1,30.000 TL,30000
Torbalı,3+1,30.000 TL,30000
Çiğli,3+1,30.000 TL,30000
Bornova,1+1,30.000 TL,30000
Bayraklı,3+1,30.000 TL,30000
Aliağa,3+1,30.000 TL,30000
Buca,3+1,30.000 TL,30000
Buca,3+1,30.000 TL,30000
Karabağlar,2+1,30.000 TL,30000
Menemen,3+1,30.000 TL,30000
Balçova,1+1,30.000 TL,30000
Balçova,2+1,30.000 TL,30000
Menderes,2+1,30.000 TL,30000
Çeşme,2+1,30.000 TL,30000
Bornova,1+1,30.000 TL,30000
Bornova,2+1,30.000 TL,30000
Buca,3+1,30.000 TL,30000
Gaziemir,2+1,30.000 TL,30000
Karşıyaka,3+1,30.000 TL,30000
Karaburun,2+1,30.000 TL,30000
Çeşme,1+1,30.000 TL,30000
Ödemiş,2.5+1,30.000 TL,30000
Konak,3+1,30.000 TL,30000
Bayraklı,3+1,30.000 TL,30000
Karşıyaka,4+1,30.000 TL,30000
Karabağlar,3+1,30.000 TL,30000
Konak,3+1,30.000 TL,30000
Torbalı,3+1,30.000 TL,30000
Konak,3+1,30.000 TL,30000
Seferihisar,2+1,30.000 TL,30000
Çiğli,1+1,30.000 TL,30000
Bornova,2+1,30.000 TL,30000
Balçova,2+1,30.000 TL,30000
Konak,2+1,30.000 TL,30000
Karşıyaka,3+1,30.000 TL,30000
Ödemiş,2+1,30.000 TL,30000
Balçova,1+1,30.000 TL,30000
Karabağlar,3+1,30.000 TL,30000
Buca,3+1,30.000 TL,30000
Bornova,1+1,30.000 TL,30000
Karaburun,1+1,30.000 TL,30000
Buca,3+1,30.000 TL,30000
Bayraklı,2+1,30.000 TL,30000
Torbalı,2+1,30.000 TL,30000
Bergama,3+1,30.000 TL,30000
Bergama,3+1,30.000 TL,30000
Karşıyaka,1+1,30.000 TL,30000
Menderes,2+1,30.000 TL,30000
Menemen,4+1,30.000 TL,30000
Karabağlar,2+1,30.000 TL,30000
Karabağlar,3+1,30.000 TL,30000
Karabağlar,2+1,30.000 TL,30000
Kemalpaşa,2+1,30.000 TL,30000
Bayraklı,3+1,30.000 TL,30000
Buca,3+1,30.000 TL,30000
Konak,2+1,30.000 TL,30000
Selçuk,2+1,30.000 TL,30000
Buca,2+1,30.000 TL,30000
Ödemiş,2+1,30.000 TL,30000
Çiğli,3+1,30.000 TL,30000
Konak,2+1,30.000 TL,30000
Konak,2+1,30.000 TL,30000
Balçova,2+1,30.000 TL,30000
Konak,2+1,30.000 TL,30000
Karşıyaka,1+1,30.000 TL,30000
Ödemiş,3+1,30.000 TL,30000
Karabağlar,3+1,30.000 TL,30000
Karabağlar,3+1,30.000 TL,30000
Karabağlar,2+1,30.000 TL,30000
Çeşme,1+1,30.000 TL,30000
Karabağlar,3+1,30.000 TL,30000
Karabağlar,2+1,30.000 TL,30000
Çiğli,2+1,30.000 TL,30000
Seferihisar,2+1,30.000 TL,30000
Narlıdere,3+1,30.000 TL,30000
Bornova,2+1,30.000 TL,30000
Menderes,1+1,30.000 TL,30000
Buca,2+1,30.000 TL,30000
Karşıyaka,1+1,30.000 TL,30000
Balçova,2+1,30.000 TL,30000
Karabağlar,3+1,30.000 TL,30000
Çiğli,3+1,30.000 TL,30000
Karabağlar,3+1,30.000 TL,30000
Karşıyaka,3+1,30.000 TL,30000
Karşıyaka,1+1,29.999 TL,29999
Buca,2+1,30.000 TL,30000
Selçuk,3+1,30.000 TL,30000
Foça,2+1,30.000 TL,30000
Karşıyaka,2+1,30.000 TL,30000
Bayraklı,3+1,30.000 TL,30000
Çiğli,3+1,30.000 TL,30000
Bayraklı,3+1,30.000 TL,30000
Karabağlar,2+1,30.000 TL,30000
Gaziemir,1+1,30.000 TL,30000
Çiğli,3+1,30.000 TL,30000
Karabağlar,3+1,30.000 TL,30000
Karşıyaka,3+1,30.000 TL,30000
Karşıyaka,3+1,30.000 TL,30000
Menemen,3+1,30.000 TL,30000
Karşıyaka,3+1,30.000 TL,30000
Karabağlar,3+1,30.000 TL,30000
Konak,2+1,30.000 TL,30000
Bornova,3+1,30.000 TL,30000
Karşıyaka,1+1,30.000 TL,30000
Karşıyaka,2+1,30.000 TL,30000
Narlıdere,1+1,30.000 TL,30000
Bayraklı,3+1,30.000 TL,30000
Menderes,3+1,30.000 TL,30000
Torbalı,2+1,30.000 TL,30000
Bornova,3+1,30.000 TL,30000
Menemen,3+1,30.000 TL,30000
Buca,1+1,30.000 TL,30000
Karşıyaka,2+1,30.000 TL,30000
Menderes,2+1,30.000 TL,30000
Buca,3.5+1,30.000 TL,30000
Konak,2+1,30.000 TL,30000
Karabağlar,3+1,30.000 TL,30000
Balçova,3+1,30.000 TL,30000
Çiğli,3+1,30.000 TL,30000
Karabağlar,3+1,30.000 TL,30000
Gaziemir,1+1,30.000 TL,30000
Bornova,1+1,30.000 TL,30000
Buca,3+1,30.000 TL,30000
Karşıyaka,1+1,30.000 TL,30000
Konak,3+1,30.000 TL,30000
Çeşme,1+1,30.000 TL,30000
Karşıyaka,2+1,30.000 TL,30000
Bornova,3.5+1,30.000 TL,30000
Buca,3+1,30.000 TL,30000
Menemen,3+1,30.000 TL,30000
Gaziemir,3+1,30.000 TL,30000
Buca,1+1,30.000 TL,30000
Karşıyaka,2+1,30.000 TL,30000
Menderes,3+1,30.000 TL,30000
Karabağlar,3+1,30.000 TL,30000
Buca,2+1,30.000 TL,30000
Buca,3+1,30.000 TL,30000
Çiğli,1+1,30.000 TL,30000
Kemalpaşa,3+1,30.000 TL,30000
Foça,2+1,30.000 TL,30000
Seferihisar,3+1,30.000 TL,30000
Karşıyaka,1+1,30.000 TL,30000
Çiğli,1+1,30.000 TL,30000
Karşıyaka,1+1,30.000 TL,30000
Bornova,3+1,30.000 TL,30000
Gaziemir,3+1,30.000 TL,30000
Buca,3+1,30.000 TL,30000
Balçova,3+1,30.000 TL,30000
Bornova,2+1,30.000 TL,30000
Torbalı,2+1,30.000 TL,30000
Seferihisar,2+1,30.000 TL,30000
Konak,3+1,30.000 TL,30000
Çeşme,1+1,30.000 TL,30000
Karabağlar,2+1,30.000 TL,30000
Buca,2+1,30.000 TL,30000
Çeşme,2+1,30.000 TL,30000
Buca,2+1,30.000 TL,30000
Gaziemir,3+1,30.000 TL,30000
Karabağlar,3+1,30.000 TL,30000
Dikili,2+1,30.000 TL,30000
Çiğli,3+1,30.000 TL,30000
Balçova,2+1,30.000 TL,30000
Bornova,1+1,30.000 TL,30000
Buca,2+1,30.000 TL,30000
Buca,1+1,30.000 TL,30000
Karşıyaka,3+1,30.000 TL,30000
Buca,2+1,30.000 TL,30000
Buca,2+1,30.000 TL,30000
Karşıyaka,2+1,30.000 TL,30000
Konak,3+1,30.000 TL,30000
Menemen,1+1,30.000 TL,30000
Karşıyaka,3+1,30.000 TL,30000
Karaburun,2+1,30.000 TL,30000
Bornova,1+1,30.000 TL,30000
Selçuk,2+1,30.000 TL,30000
Torbalı,3+1,30.000 TL,30000
Bornova,1+1,31.000 TL,31000
Çiğli,2+1,31.000 TL,31000
Bornova,2+1,31.000 TL,31000
Karşıyaka,3+1,31.000 TL,31000
Kemalpaşa,3.5+1,31.000 TL,31000
Karşıyaka,3+1,31.000 TL,31000
Karşıyaka,2+1,31.000 TL,31000
Bornova,1+1,31.000 TL,31000
Karşıyaka,2+1,31.000 TL,31000
Bayraklı,3.5+1,30.500 TL,30500
Konak,3+1,31.000 TL,31000
Buca,3+1,31.000 TL,31000
Balçova,1+1,31.000 TL,31000
Karabağlar,3+1,31.000 TL,31000
Karşıyaka,2+1,31.000 TL,31000
Seferihisar,2+1,30.500 TL,30500
Karşıyaka,1+1,30.500 TL,30500
Buca,3+1,31.000 TL,31000
Menemen,3+1,30.500 TL,30500
Bayraklı,2+1,31.000 TL,31000
Karşıyaka,1+1,31.000 TL,31000
Karabağlar,3+1,31.000 TL,31000
Seferihisar,2+2,31.000 TL,31000
Karşıyaka,1+1,31.000 TL,31000
Buca,3+1,31.000 TL,31000
Bornova,3+1,30.500 TL,30500
Karşıyaka,2+1,31.000 TL,31000
Çeşme,1+1,31.000 TL,31000
Çiğli,3+1,31.000 TL,31000
Bornova,1+1,31.000 TL,31000
Karşıyaka,1+1,31.000 TL,31000
Karşıyaka,1+1,31.000 TL,31000
Bayraklı,3+1,31.000 TL,31000
Karşıyaka,3+1,31.000 TL,31000
Karşıyaka,1+1,31.000 TL,31000
Aliağa,1.5+1,31.000 TL,31000
Torbalı,3+1,31.000 TL,31000
Menemen,3+1,31.000 TL,31000
Karabağlar,1+1,30.500 TL,30500
Bornova,1+1,31.000 TL,31000
Çiğli,3+1,31.000 TL,31000
Bornova,1+1,31.000 TL,31000
Bergama,2+1,30.500 TL,30500
Karşıyaka,3+1,31.000 TL,31000
Bornova,1+1,30.500 TL,30500
Karşıyaka,3+1,31.000 TL,31000
Çiğli,2+1,30.500 TL,30500
Seferihisar,4+1,31.000 TL,31000
Karşıyaka,2+1,31.000 TL,31000
Karşıyaka,2+1,31.000 TL,31000
Çiğli,3+1,31.000 TL,31000
Karşıyaka,3+1,30.500 TL,30500
Bornova,1+1,31.000 TL,31000
Aliağa,3+1,31.000 TL,31000
Karşıyaka,3+1,30.500 TL,30500
Çiğli,1+1,31.000 TL,31000
Konak,3+1,31.000 TL,31000
Foça,2+1,31.000 TL,31000
Torbalı,3+1,31.000 TL,31000
Karşıyaka,2+1,31.000 TL,31000
Karabağlar,3+1,31.000 TL,31000
Karşıyaka,1+1,31.000 TL,31000
Güzelbahçe,2+1,30.500 TL,30500
Aliağa,2+1,31.000 TL,31000
Karşıyaka,3+1,30.500 TL,30500
Çiğli,3+1,31.000 TL,31000
Karşıyaka,3+1,31.000 TL,31000
Balçova,3+1,31.000 TL,31000
Bornova,Stüdyo (1+0),30.250 TL,30250
Konak,2+1,31.000 TL,31000
Buca,2+1,30.500 TL,30500
Karabağlar,1+1,30.500 TL,30500
Menemen,3+1,31.000 TL,31000
Karşıyaka,2+1,31.000 TL,31000
Torbalı,3+1,31.000 TL,31000
Karşıyaka,2+1,31.000 TL,31000
Karşıyaka,1+1,31.000 TL,31000
Bornova,3+1,31.000 TL,31000
Menemen,4+1,31.000 TL,31000
Kemalpaşa,3+1,31.000 TL,31000
Karşıyaka,3+1,30.500 TL,30500
Buca,3+1,31.000 TL,31000
Buca,3+1,31.000 TL,31000
Konak,3+1,31.000 TL,31000
Çiğli,1+1,30.500 TL,30500
Çeşme,1+1,31.000 TL,31000
Seferihisar,3+1,31.000 TL,31000
Konak,3+1,30.500 TL,30500
Seferihisar,3+1,30.500 TL,30500
Bornova,1+1,31.000 TL,31000
Menemen,3+1,30.500 TL,30500
Karşıyaka,3+1,31.000 TL,31000
Bayraklı,3+1,31.000 TL,31000
Bornova,1+1,31.000 TL,31000
Bornova,2+1,30.500 TL,30500
Buca,2+1,31.000 TL,31000
Seferihisar,2+1,31.000 TL,31000
Karşıyaka,1+1,31.000 TL,31000
Karşıyaka,3+1,31.000 TL,31000
Konak,2+1,31.000 TL,31000
Karabağlar,3+1,30.500 TL,30500
Bornova,1+1,30.250 TL,30250
Bornova,1+1,31.000 TL,31000
Karabağlar,2+1,31.000 TL,31000
Çiğli,2+1,31.000 TL,31000
Bayraklı,2+1,31.000 TL,31000
Bornova,3+1,31.000 TL,31000
Seferihisar,3+1,31.000 TL,31000
Karşıyaka,3+1,31.000 TL,31000
Menemen,2+1,31.000 TL,31000
Seferihisar,2+1,31.000 TL,31000
Konak,2+1,31.000 TL,31000
Buca,2+1,31.000 TL,31000
Buca,3+1,31.000 TL,31000
Karşıyaka,3+1,31.000 TL,31000
Karabağlar,3+1,31.000 TL,31000
Bayraklı,2+1,31.000 TL,31000
Karşıyaka,3+1,31.000 TL,31000
Kemalpaşa,3+1,30.750 TL,30750
Konak,3+1,31.000 TL,31000
Buca,3+1,31.000 TL,31000
Çiğli,3+1,31.000 TL,31000
Bayraklı,3+1,31.000 TL,31000
Menemen,2+1,31.000 TL,31000
Tire,3+1,31.000 TL,31000
Konak,2+1,31.000 TL,31000
Buca,2+1,31.000 TL,31000
Bayraklı,3+1,31.000 TL,31000
Konak,3+1,30.500 TL,30500
Torbalı,3+1,31.000 TL,31000
Karabağlar,3+1,31.000 TL,31000
Karabağlar,3+1,31.000 TL,31000
Çiğli,1+1,31.000 TL,31000
Karşıyaka,3+1,30.500 TL,30500
Seferihisar,2+1,31.000 TL,31000
Konak,1+1,31.000 TL,31000
Kemalpaşa,3+1,31.000 TL,31000
Bornova,2+1,31.000 TL,31000
Torbalı,2+1,31.000 TL,31000
Bayraklı,3+1,31.000 TL,31000
Karşıyaka,2+1,31.000 TL,31000
Gaziemir,1+1,31.000 TL,31000
Konak,2+1,31.000 TL,31000
Karabağlar,2+1,31.000 TL,31000
Menderes,3+1,31.000 TL,31000
Çiğli,2+1,31.000 TL,31000
Bornova,1+1,31.000 TL,31000
Bornova,1+1,31.000 TL,31000
Bornova,3+1,31.000 TL,31000
Konak,3+1,31.000 TL,31000
Konak,2+1,31.000 TL,31000
Çiğli,1+1,31.000 TL,31000
Konak,2+1,31.000 TL,31000
Torbalı,2+1,30.500 TL,30500
Torbalı,2+1,30.500 TL,30500
Karşıyaka,3+1,31.000 TL,31000
Bornova,3+1,31.000 TL,31000
Karşıyaka,1+1,31.000 TL,31000
Bornova,1+1,31.000 TL,31000
Konak,1+1,31.000 TL,31000
Konak,2+1,31.000 TL,31000
Bornova,1+1,31.000 TL,31000
Çiğli,3+1,31.000 TL,31000
Bornova,1+1,31.000 TL,31000
Karabağlar,3+1,31.000 TL,31000
Bornova,1+1,31.000 TL,31000
Bornova,1+1,31.000 TL,31000
Seferihisar,3+1,30.500 TL,30500
Gaziemir,3+1,31.000 TL,31000
Konak,3+1,31.000 TL,31000
Buca,3+1,31.000 TL,31000
Bornova,3+1,31.000 TL,31000
Torbalı,2+1,31.000 TL,31000
Menemen,3+1,31.000 TL,31000
Çiğli,2+1,30.500 TL,30500
Karşıyaka,2+1,31.000 TL,31000
Konak,3+1,31.000 TL,31000
Bornova,2+1,31.000 TL,31000
Karşıyaka,2+1,31.000 TL,31000
Karşıyaka,2+1,31.000 TL,31000
Seferihisar,3+1,31.000 TL,31000
Karşıyaka,2+1,31.000 TL,31000
Torbalı,3+1,30.500 TL,30500
Karşıyaka,2+1,31.000 TL,31000
Konak,1+1,31.000 TL,31000
Bornova,1+1,31.000 TL,31000
Karşıyaka,4+1,31.000 TL,31000
Karabağlar,2+1,31.000 TL,31000
Karşıyaka,2+1,31.000 TL,31000
Karşıyaka,2.5+1,31.000 TL,31000
Kemalpaşa,3+1,31.000 TL,31000
Karşıyaka,3+1,31.000 TL,31000
Çiğli,2+1,31.000 TL,31000
Buca,3+1,31.000 TL,31000
Bornova,3+1,31.000 TL,31000
Buca,3+1,31.000 TL,31000
Buca,2+1,31.000 TL,31000
Çiğli,2+1,31.000 TL,31000
Karşıyaka,2+1,31.000 TL,31000
Karşıyaka,2+1,31.000 TL,31000
Balçova,3+1,31.000 TL,31000
Gaziemir,2+1,31.000 TL,31000
Çiğli,1+1,31.000 TL,31000
Aliağa,4+1,31.000 TL,31000
Karşıyaka,2+1,30.500 TL,30500
Bornova,1+1,31.000 TL,31000
Foça,2+1,30.500 TL,30500
Foça,2+1,30.500 TL,30500
Bornova,1+1,32.000 TL,32000
Menemen,3+1,32.000 TL,32000
Balçova,1+1,31.500 TL,31500
Konak,3+1,32.000 TL,32000
Tire,4+1,32.000 TL,32000
Çiğli,2+1,33.000 TL,33000
Menemen,4+1,33.000 TL,33000
Aliağa,3+1,32.000 TL,32000
Menderes,2+1,32.500 TL,32500
Bornova,1+1,32.000 TL,32000
Konak,3+1,32.000 TL,32000
Buca,3+1,32.000 TL,32000
Buca,3+1,32.000 TL,32000
Seferihisar,3+1,32.000 TL,32000
Karşıyaka,3+1,33.000 TL,33000
Gaziemir,1+1,32.000 TL,32000
Bornova,Stüdyo (1+0),31.500 TL,31500
Seferihisar,3+1,33.000 TL,33000
Seferihisar,2+1,32.500 TL,32500
Torbalı,3+1,32.000 TL,32000
Urla,2+1,33.000 TL,33000
Konak,3+1,33.000 TL,33000
Çeşme,2+1,32.000 TL,32000
Gaziemir,2+1,33.000 TL,33000
Buca,1+1,32.000 TL,32000
Karşıyaka,2+1,32.000 TL,32000
Bornova,1+1,33.000 TL,33000
Bayraklı,3+1,31.500 TL,31500
Torbalı,3+1,32.000 TL,32000
Karşıyaka,2+1,33.000 TL,33000
Karşıyaka,2+1,32.000 TL,32000
Bornova,1+1,32.000 TL,32000
Torbalı,4+1,32.000 TL,32000
Buca,1+1,32.000 TL,32000
Çiğli,1+1,32.000 TL,32000
Seferihisar,3+1,32.000 TL,32000
Seferihisar,2+1,32.500 TL,32500
Buca,2+1,32.000 TL,32000
Karşıyaka,2+1,32.000 TL,32000
Karşıyaka,3+1,32.000 TL,32000
Karabağlar,2+1,32.000 TL,32000
Karşıyaka,2+1,33.000 TL,33000
Buca,3+1,32.000 TL,32000
Tire,3+1,32.500 TL,32500
Bayraklı,2+1,33.000 TL,33000
Karşıyaka,3+1,33.000 TL,33000
Bornova,2+1,31.500 TL,31500
Seferihisar,2+1,32.750 TL,32750
Bornova,3+1,32.000 TL,32000
Konak,1+1,32.000 TL,32000
Bayraklı,3+1,32.000 TL,32000
Karşıyaka,2+1,31.800 TL,31800
Güzelbahçe,2+1,32.000 TL,32000
Çiğli,2+1,33.000 TL,33000
Karşıyaka,2+1,32.000 TL,32000
Karşıyaka,3+1,33.000 TL,33000
Menemen,3+1,33.000 TL,33000
Karşıyaka,3+1,32.000 TL,32000
Seferihisar,2+1,33.000 TL,33000
Bayraklı,1+1,32.000 TL,32000
Konak,1+1,32.000 TL,32000
Bayraklı,3+1,32.000 TL,32000
Konak,3+1,32.000 TL,32000
Konak,2+1,32.000 TL,32000
Gaziemir,1+1,32.000 TL,32000
Konak,2+1,32.500 TL,32500
Karabağlar,3+1,32.000 TL,32000
Menderes,3+1,32.500 TL,32500
Karabağlar,3+1,33.000 TL,33000
Kemalpaşa,3.5+1,33.000 TL,33000
Bayraklı,3+1,32.000 TL,32000
Çiğli,2+1,33.000 TL,33000
Karabağlar,3+1,31.500 TL,31500
Menderes,3+1,33.000 TL,33000
Karabağlar,3+1,32.000 TL,32000
Çiğli,3+1,32.000 TL,32000
Karşıyaka,3+1,32.000 TL,32000
Karşıyaka,2+1,32.000 TL,32000
Buca,3+1,32.000 TL,32000
Karşıyaka,3+1,33.000 TL,33000
Karşıyaka,2+1,32.500 TL,32500
Karabağlar,3+1,32.000 TL,32000
Torbalı,3+1,32.000 TL,32000
Gaziemir,1+1,32.000 TL,32000
Urla,2+1,32.000 TL,32000
Konak,2+1,33.000 TL,33000
Bornova,3+1,32.500 TL,32500
Bayraklı,3+1,32.000 TL,32000
Narlıdere,3+1,32.000 TL,32000
Karşıyaka,1+1,33.000 TL,33000
Menemen,3+1,32.000 TL,32000
Konak,2+1,32.500 TL,32500
Bornova,1+1,32.000 TL,32000
Menemen,2+1,31.500 TL,31500
Karşıyaka,3+1,33.000 TL,33000
Çeşme,2+1,33.000 TL,33000
Çeşme,2+1,32.500 TL,32500
Karşıyaka,3+1,33.000 TL,33000
Bornova,3+1,32.000 TL,32000
Tire,3+1,32.000 TL,32000
Karşıyaka,2+1,32.000 TL,32000
Çeşme,2+1,33.000 TL,33000
Karşıyaka,1+1,32.500 TL,32500
Çiğli,1+1,32.000 TL,32000
Seferihisar,2+1,33.000 TL,33000
Çiğli,2+1,32.000 TL,32000
Menemen,3+1,32.000 TL,32000
Menderes,2+1,32.000 TL,32000
Karşıyaka,2+1,32.000 TL,32000
Konak,1+1,32.000 TL,32000
Buca,3+1,33.000 TL,33000
Karşıyaka,2+1,32.000 TL,32000
Karabağlar,2+1,33.000 TL,33000
Buca,2+1,31.500 TL,31500
Bayraklı,3+1,33.000 TL,33000
Buca,3+1,32.000 TL,32000
Bayraklı,3+1,32.000 TL,32000
Karşıyaka,2+1,31.500 TL,31500
Balçova,3+1,33.000 TL,33000
Balçova,3+1,33.000 TL,33000
Bayraklı,3+1,32.000 TL,32000
Karabağlar,2+1,32.000 TL,32000
Menemen,3+1,32.000 TL,32000
Buca,3+1,33.000 TL,33000
Karabağlar,3+1,32.000 TL,32000
Çiğli,1+1,31.500 TL,31500
Tire,3+1,33.000 TL,33000
Balçova,3+1,32.000 TL,32000
Buca,2+1,32.000 TL,32000
Karşıyaka,1+1,33.000 TL,33000
Menderes,3+1,32.000 TL,32000
Bayraklı,3+1,32.000 TL,32000
Karşıyaka,1+1,33.000 TL,33000
Bayraklı,3+1,32.000 TL,32000
Torbalı,1+1,32.000 TL,32000
Karabağlar,3+1,32.500 TL,32500
Selçuk,2+1,32.500 TL,32500
Buca,2+1,32.000 TL,32000
Aliağa,3+1,32.000 TL,32000
Dikili,5+1,32.000 TL,32000
Karşıyaka,2+1,33.000 TL,33000
Balçova,1+1,32.500 TL,32500
Menderes,3+1,32.750 TL,32750
Karaburun,3+1,32.500 TL,32500
Çeşme,2+1,33.000 TL,33000
Karşıyaka,3+1,32.000 TL,32000
Bornova,2+1,32.500 TL,32500
Buca,1+1,33.000 TL,33000
Karabağlar,2+1,32.000 TL,32000
Buca,3+1,32.000 TL,32000
Çiğli,1+1,33.000 TL,33000
Çiğli,1+1,33.000 TL,33000
Karşıyaka,3+1,32.500 TL,32500
Karabağlar,3+1,32.000 TL,32000
Tire,2+1,33.000 TL,33000
Balçova,2+1,32.000 TL,32000
Karşıyaka,2+1,32.000 TL,32000
Karşıyaka,2+1,33.000 TL,33000
Bornova,1+1,32.000 TL,32000
Çiğli,1+1,32.000 TL,32000
Tire,4+1,32.000 TL,32000
Bornova,1+1,33.000 TL,33000
Bornova,1+1,32.000 TL,32000
Konak,Stüdyo (1+0),32.000 TL,32000
Karşıyaka,2+1,32.000 TL,32000
Menemen,3+1,32.000 TL,32000
Karşıyaka,1+1,32.000 TL,32000
Aliağa,1+1,33.000 TL,33000
Konak,3+1,32.000 TL,32000
Konak,3+1,33.000 TL,33000
Narlıdere,2+1,33.000 TL,33000
Bornova,2+1,32.000 TL,32000
Konak,3+1,33.000 TL,33000
Bayraklı,3+1,33.000 TL,33000
Torbalı,3+1,33.000 TL,33000
Karşıyaka,3+1,33.000 TL,33000
Karabağlar,3+1,33.000 TL,33000
Bornova,3+1,32.000 TL,32000
Karabağlar,3+1,32.000 TL,32000
Karşıyaka,3+1,33.000 TL,33000
Bergama,3+1,32.000 TL,32000
Bornova,2+1,32.000 TL,32000
Seferihisar,3+1,32.000 TL,32000
Menderes,3+1,32.000 TL,32000
Konak,1+1,31.500 TL,31500
Konak,3+1,33.000 TL,33000
Bornova,1+1,33.000 TL,33000
Menemen,3+1,32.000 TL,32000
Gaziemir,1+1,32.000 TL,32000
Torbalı,3+1,33.000 TL,33000
Menemen,3+1,32.000 TL,32000
Bornova,3+1,33.000 TL,33000
Karabağlar,3+1,32.000 TL,32000
Seferihisar,2+1,32.000 TL,32000
Karşıyaka,3+1,32.500 TL,32500
Buca,3+1,32.000 TL,32000
Karabağlar,2+1,32.000 TL,32000
Karşıyaka,1+1,33.000 TL,33000
Seferihisar,3+1,33.000 TL,33000
Karabağlar,3+1,32.500 TL,32500
Karşıyaka,3+1,32.000 TL,32000
Bornova,3+1,32.000 TL,32000
Gaziemir,1+1,32.000 TL,32000
Karşıyaka,2+1,32.500 TL,32500
Bornova,3+1,32.000 TL,32000
Konak,1+1,33.000 TL,33000
Urla,2+1,33.000 TL,33000
Tire,3+1,32.000 TL,32000
Bornova,2+1,32.000 TL,32000
Bornova,3+1,32.000 TL,32000
Karşıyaka,3+1,32.000 TL,32000
Çiğli,1+1,32.000 TL,32000
Buca,3+1,32.000 TL,32000
Gaziemir,2+1,32.000 TL,32000
Konak,3+1,33.000 TL,33000
Karşıyaka,2+1,32.000 TL,32000
Bornova,1+1,33.000 TL,33000
Bornova,1+1,32.000 TL,32000
Aliağa,1+1,32.000 TL,32000
Aliağa,3+1,33.000 TL,33000
Bornova,2+1,32.000 TL,32000
Karşıyaka,3+1,32.000 TL,32000
Kemalpaşa,1+1,32.000 TL,32000
Buca,1+1,32.000 TL,32000
Bornova,3+1,32.000 TL,32000
Menderes,2+1,32.000 TL,32000
Çiğli,2+1,32.000 TL,32000
Karşıyaka,2+1,32.000 TL,32000
Konak,2+1,33.000 TL,33000
Karşıyaka,2+1,32.000 TL,32000
Bornova,1+1,33.000 TL,33000
Bornova,1+1,33.000 TL,33000
Çiğli,3+1,33.000 TL,33000
Konak,Stüdyo (1+0),32.500 TL,32500
Karşıyaka,2+1,32.500 TL,32500
Karabağlar,2+1,33.000 TL,33000
Karabağlar,3+1,33.000 TL,33000
Balçova,1+1,32.000 TL,32000
Konak,3+1,32.000 TL,32000
Torbalı,3+1,33.000 TL,33000
Menderes,2+1,33.000 TL,33000
Karabağlar,3+1,31.500 TL,31500
Buca,3+1,33.000 TL,33000
Bornova,3+1,32.000 TL,32000
Çiğli,3+1,32.000 TL,32000
Seferihisar,2+1,32.000 TL,32000
Karşıyaka,1+1,32.000 TL,32000
Konak,2+1,32.000 TL,32000
Kemalpaşa,1+1,33.000 TL,33000
Karabağlar,2+1,32.000 TL,32000
Karşıyaka,2+1,32.000 TL,32000
Bornova,1+1,32.000 TL,32000
Gaziemir,1+1,33.000 TL,33000
Çiğli,3+1,32.000 TL,32000
Bornova,1+1,32.000 TL,32000
Çiğli,2+1,33.000 TL,33000
Bornova,3+1,31.500 TL,31500
Karabağlar,2+1,32.000 TL,32000
Balçova,3+1,32.000 TL,32000
Bornova,1+1,33.000 TL,33000
Çiğli,2+1,33.000 TL,33000
Foça,3+1,33.000 TL,33000
Bornova,3+1,32.000 TL,32000
Karşıyaka,1+1,32.000 TL,32000
Karşıyaka,2+1,32.000 TL,32000
Buca,3+1,32.000 TL,32000
Karabağlar,3+1,32.000 TL,32000
Çiğli,2+1,33.000 TL,33000
Bornova,1+1,32.000 TL,32000
Karşıyaka,3+1,33.000 TL,33000
Karşıyaka,1+1,32.000 TL,32000
Buca,2+1,33.000 TL,33000
Konak,2+1,33.000 TL,33000
Konak,2+1,33.000 TL,33000
Karabağlar,3+1,33.000 TL,33000
Konak,3+1,33.000 TL,33000
Gaziemir,2+1,32.000 TL,32000
Bayraklı,3+1,32.500 TL,32500
Balçova,3+1,33.000 TL,33000
Karabağlar,3+1,32.000 TL,32000
Buca,3+1,32.000 TL,32000
Karşıyaka,3+1,32.000 TL,32000
Narlıdere,3+1,31.750 TL,31750
Karşıyaka,2+1,33.000 TL,33000
Aliağa,3+1,33.000 TL,33000
Bornova,2+1,33.000 TL,33000
Karabağlar,3+1,32.000 TL,32000
Dikili,2+1,32.000 TL,32000
Çiğli,1+1,33.000 TL,33000
Bornova,2+1,32.500 TL,32500
Buca,3+1,31.500 TL,31500
Çiğli,3+1,32.000 TL,32000
Bayraklı,3+1,33.000 TL,33000
Bornova,Stüdyo (1+0),33.000 TL,33000
Karşıyaka,2+1,32.000 TL,32000
Urla,2+1,32.000 TL,32000
Bornova,3+1,32.000 TL,32000
Bornova,2+1,32.000 TL,32000
Buca,2+1,33.000 TL,33000
Karabağlar,3+1,32.000 TL,32000
Karaburun,2+1,33.000 TL,33000
Seferihisar,2+1,32.000 TL,32000
Buca,2+1,32.000 TL,32000
Bornova,1+1,32.000 TL,32000
Karşıyaka,3+1,33.000 TL,33000
Seferihisar,3+1,33.000 TL,33000
Gaziemir,3+1,32.000 TL,32000
Bayraklı,3+1,32.000 TL,32000
Karşıyaka,3+1,32.000 TL,32000
Buca,2+1,32.000 TL,32000
Torbalı,3+1,33.000 TL,33000
Bornova,1+1,32.500 TL,32500
Konak,1+1,32.000 TL,32000
Menderes,3+1,33.000 TL,33000
Buca,2+1,32.000 TL,32000
Gaziemir,2+1,32.000 TL,32000
Bornova,1+1,33.000 TL,33000
Çeşme,1+1,33.000 TL,33000
Karşıyaka,3+1,32.000 TL,32000
Konak,3+1,33.000 TL,33000
Konak,1+1,31.500 TL,31500
Buca,3+1,32.000 TL,32000
Bornova,2+1,32.000 TL,32000
Çiğli,1+1,32.000 TL,32000
Karşıyaka,3+1,33.000 TL,33000
Dikili,2+1,33.000 TL,33000
Bornova,1+1,32.500 TL,32500
Bornova,2+1,32.000 TL,32000
Çiğli,1+1,32.500 TL,32500
Konak,3+1,32.000 TL,32000
Karşıyaka,3+1,32.000 TL,32000
Karşıyaka,3+1,33.000 TL,33000
Bornova,3.5+1,32.000 TL,32000
Tire,3+1,32.500 TL,32500
Konak,1+1,31.500 TL,31500
Karşıyaka,1+1,33.000 TL,33000
Karşıyaka,3+1,33.000 TL,33000
Karşıyaka,3+1,32.500 TL,32500
Seferihisar,1+1,32.000 TL,32000
Karşıyaka,3+1,32.000 TL,32000
Seferihisar,2+1,33.000 TL,33000
Buca,1+1,33.000 TL,33000
Buca,1+1,32.500 TL,32500
Konak,1+1,32.000 TL,32000
Konak,3+1,32.000 TL,32000
Karabağlar,3+1,33.000 TL,33000
Karaburun,3+1,33.000 TL,33000
Seferihisar,3+1,32.000 TL,32000
Kemalpaşa,3+1,32.000 TL,32000
Bornova,1+1,32.000 TL,32000
Konak,2+1,32.000 TL,32000
Karşıyaka,3+1,33.000 TL,33000
Bornova,3+1,33.000 TL,33000
Çiğli,1+1,32.000 TL,32000
Bornova,1+1,33.400 TL,33400
Konak,2+1,32.000 TL,32000
Karşıyaka,3+1,32.000 TL,32000
Menemen,3+1,32.000 TL,32000
Çiğli,1+1,32.000 TL,32000
Karşıyaka,2+1,32.000 TL,32000
Konak,1+1,33.000 TL,33000
Bornova,1+1,33.000 TL,33000
Buca,1+1,32.000 TL,32000
Karşıyaka,2+1,32.000 TL,32000
Bayraklı,3+1,31.500 TL,31500
Balçova,2+1,32.500 TL,32500
Karşıyaka,3+1,32.000 TL,32000
Bornova,1+1,33.000 TL,33000
Çiğli,1+1,33.000 TL,33000
Karşıyaka,1+1,33.000 TL,33000
Bornova,1+1,32.000 TL,32000
Karabağlar,2+1,32.000 TL,32000
Balçova,1+1,32.000 TL,32000
Karabağlar,2+1,32.500 TL,32500
Çiğli,3+1,32.000 TL,32000
Karşıyaka,2+1,33.000 TL,33000
Karşıyaka,2+1,32.000 TL,32000
Aliağa,2+1,31.500 TL,31500
Gaziemir,2+1,32.500 TL,32500
Bornova,2+1,32.000 TL,32000
Bornova,1+1,32.000 TL,32000
Konak,2+1,32.000 TL,32000
Bergama,3+1,32.000 TL,32000
Gaziemir,1+1,32.000 TL,32000
Karşıyaka,2+1,33.000 TL,33000
Bornova,3+1,32.000 TL,32000
Konak,2+1,32.000 TL,32000
Güzelbahçe,1+1,32.000 TL,32000
Karşıyaka,1+1,32.000 TL,32000
Karşıyaka,1+1,32.000 TL,32000
Menemen,2+1,32.000 TL,32000
Konak,3+1,32.000 TL,32000
Karşıyaka,3+1,32.000 TL,32000
Bornova,2+1,33.000 TL,33000
Bornova,1+1,32.000 TL,32000
Karşıyaka,3+1,32.000 TL,32000
Bornova,3+1,32.000 TL,32000
Karabağlar,2+1,32.000 TL,32000
Bornova,1+1,32.500 TL,32500
Menderes,3+1,32.500 TL,32500
Seferihisar,2+1,31.500 TL,31500
Karabağlar,2+1,32.000 TL,32000
Karşıyaka,3+1,32.000 TL,32000
Karabağlar,2+1,32.000 TL,32000
Bayraklı,3+1,32.000 TL,32000
Çiğli,1+1,32.000 TL,32000
Karşıyaka,3+1,32.000 TL,32000
Tire,4+1,32.000 TL,32000
Bornova,2+1,33.000 TL,33000
Gaziemir,2+1,32.000 TL,32000
Karşıyaka,2+1,32.000 TL,32000
Torbalı,3+1,32.000 TL,32000
Balçova,3+1,32.000 TL,32000
Balçova,3+1,32.500 TL,32500
Karabağlar,3+1,32.000 TL,32000
Karşıyaka,2+1,32.000 TL,32000
Karabağlar,2+1,33.000 TL,33000
Buca,3+1,32.000 TL,32000
Karşıyaka,3+1,32.000 TL,32000
Konak,3+1,32.000 TL,32000
Dikili,3+1,32.000 TL,32000
Buca,3+1,33.000 TL,33000
Urla,2+1,32.000 TL,32000
Karşıyaka,3+1,32.000 TL,32000
Urla,2+1,32.000 TL,32000
Bornova,1+1,33.000 TL,33000
Narlıdere,3+1,32.500 TL,32500
Bayraklı,3+1,33.000 TL,33000
Karşıyaka,3+1,32.500 TL,32500
Menderes,3+1,32.000 TL,32000
Urla,2+2,32.000 TL,32000
Karabağlar,3+1,32.000 TL,32000
Seferihisar,3+1,33.000 TL,33000
Torbalı,3+1,33.000 TL,33000
Konak,1+1,31.500 TL,31500
Dikili,3+1,33.000 TL,33000
Bornova,3+1,32.000 TL,32000
Gaziemir,1+1,32.000 TL,32000
Bornova,1+1,33.000 TL,33000
Seferihisar,2.5+1,33.000 TL,33000
Çiğli,1+1,32.000 TL,32000
Karşıyaka,2+1,32.000 TL,32000
Gaziemir,2+1,32.000 TL,32000
Menemen,3+1,32.500 TL,32500
Çiğli,1+1,32.000 TL,32000
Buca,2+1,32.500 TL,32500
Bayraklı,3+1,32.000 TL,32000
Karabağlar,3+1,32.000 TL,32000
Buca,2+1,33.000 TL,33000
Karabağlar,3+1,32.000 TL,32000
Bayraklı,1+1,31.500 TL,31500
Konak,3+1,32.000 TL,32000
Balçova,3+1,32.000 TL,32000
Buca,3+1,32.000 TL,32000
Bornova,3+1,33.000 TL,33000
Buca,1+1,31.500 TL,31500
Konak,2+1,32.500 TL,32500
Bornova,3+1,32.000 TL,32000
Gaziemir,1+1,32.000 TL,32000
Çiğli,2+1,33.000 TL,33000
Urla,2+1,32.000 TL,32000
Karşıyaka,2+1,33.000 TL,33000
Karşıyaka,2+1,33.000 TL,33000
Bornova,3+1,32.000 TL,32000
Bayraklı,3+1,32.000 TL,32000
Bayraklı,3+1,32.000 TL,32000
Torbalı,3+1,33.000 TL,33000
Karşıyaka,1+1,33.000 TL,33000
Karşıyaka,3+1,32.000 TL,32000
Karşıyaka,1+1,32.000 TL,32000
Karşıyaka,3+1,32.000 TL,32000
Seferihisar,3+1,32.500 TL,32500
Karabağlar,3+1,32.000 TL,32000
Bornova,3+1,32.000 TL,32000
Torbalı,3+1,32.500 TL,32500
Gaziemir,1+1,32.000 TL,32000
Buca,2+1,32.000 TL,32000
Çeşme,2+1,33.000 TL,33000
Karşıyaka,1+1,31.500 TL,31500
Bornova,3+1,32.000 TL,32000
Konak,1+1,32.000 TL,32000
Çiğli,1+1,31.500 TL,31500
Gaziemir,2+1,33.000 TL,33000
Karşıyaka,1+1,33.000 TL,33000
Karabağlar,3+1,33.000 TL,33000
Balçova,3+1,32.500 TL,32500
Balçova,3+1,33.000 TL,33000
Karşıyaka,2+1,32.000 TL,32000
Bornova,2+1,33.000 TL,33000
Karşıyaka,3+1,32.000 TL,32000
Buca,1+1,31.500 TL,31500
Ödemiş,4+1,32.500 TL,32500
Karşıyaka,2+1,32.000 TL,32000
Torbalı,2+1,32.000 TL,32000
Çiğli,2+1,32.000 TL,32000
Karşıyaka,1+1,32.000 TL,32000
Buca,3+1,33.000 TL,33000
Konak,2+1,33.000 TL,33000
Menderes,2+1,32.000 TL,32000
Torbalı,3+1,32.000 TL,32000
Konak,2+1,32.500 TL,32500
Çiğli,3+1,32.000 TL,32000
Karşıyaka,2+1,32.000 TL,32000
Karşıyaka,3+1,32.000 TL,32000
Konak,1+1,33.000 TL,33000
Menemen,2+1,33.000 TL,33000
Buca,1+1,32.500 TL,32500
Karşıyaka,2+1,32.000 TL,32000
Konak,1+1,32.500 TL,32500
Bornova,4+1,32.000 TL,32000
Karaburun,2+1,32.000 TL,32000
Balçova,2+1,32.000 TL,32000
Balçova,2+1,33.000 TL,33000
Gaziemir,3+1,32.000 TL,32000
Bornova,1+1,32.000 TL,32000
Konak,2+1,32.000 TL,32000
Torbalı,3+1,32.000 TL,32000
Gaziemir,2+1,33.000 TL,33000
Karşıyaka,1+1,32.500 TL,32500
Menderes,3+1,33.000 TL,33000
Konak,2+1,32.000 TL,32000
Menderes,2+1,31.500 TL,31500
Seferihisar,2+1,32.000 TL,32000
Karşıyaka,1+1,32.000 TL,32000
Torbalı,3+1,32.000 TL,32000
Balçova,3+1,33.000 TL,33000
Gaziemir,3+1,32.500 TL,32500
Torbalı,3+1,33.000 TL,33000
Bornova,1+1,32.000 TL,32000
Tire,2+1,33.000 TL,33000
Karşıyaka,3+1,32.500 TL,32500
Karşıyaka,3+1,32.000 TL,32000
Buca,3+1,33.000 TL,33000
Çiğli,3+1,33.000 TL,33000
Çiğli,1+1,32.000 TL,32000
Aliağa,2+1,32.000 TL,32000
Çiğli,1+1,32.000 TL,32000
Ödemiş,3+1,32.000 TL,32000
Konak,2+1,32.500 TL,32500
Çiğli,3+1,33.000 TL,33000
Karşıyaka,3+1,32.000 TL,32000
Bornova,1+1,32.000 TL,32000
Karabağlar,3+1,33.000 TL,33000
Balçova,3+1,32.500 TL,32500
Çiğli,1+1,32.000 TL,32000
Buca,3+1,33.000 TL,33000
Buca,3+1,33.000 TL,33000
Buca,3+1,33.000 TL,33000
Menemen,2+1,31.500 TL,31500
Çiğli,2+1,32.000 TL,32000
Balçova,2+1,32.500 TL,32500
Çeşme,1+1,32.000 TL,32000
Konak,2+1,33.000 TL,33000
Buca,2+1,32.000 TL,32000
Karşıyaka,3+1,33.000 TL,33000
Karşıyaka,2+1,33.000 TL,33000
Bayraklı,2+1,32.000 TL,32000
Bornova,1+1,32.000 TL,32000
Karşıyaka,3+1,33.000 TL,33000
Balçova,3+1,33.000 TL,33000
Bornova,1+1,32.000 TL,32000
Karşıyaka,2+1,32.000 TL,32000
Menemen,3+1,33.000 TL,33000
Balçova,2+1,33.000 TL,33000
Tire,3+1,33.000 TL,33000
Narlıdere,2+1,32.000 TL,32000
Tire,3+1,32.000 TL,32000
Bornova,Stüdyo (1+0),33.000 TL,33000
Çiğli,1+1,32.000 TL,32000
Seferihisar,2+1,32.000 TL,32000
Karabağlar,2+1,32.000 TL,32000
Karabağlar,3+1,32.000 TL,32000
Seferihisar,3+1,32.000 TL,32000
Karşıyaka,2+1,32.000 TL,32000
Buca,3+1,32.000 TL,32000
Çiğli,1+1,32.000 TL,32000
Torbalı,3+1,32.500 TL,32500
Konak,3+1,33.000 TL,33000
Buca,3+1,32.000 TL,32000
Konak,3+1,32.000 TL,32000
Karşıyaka,1+1,32.000 TL,32000
Buca,2+1,32.000 TL,32000
Buca,2+1,33.000 TL,33000
Karşıyaka,2+1,33.000 TL,33000
Menderes,2+1,32.000 TL,32000
Bayraklı,2+1,32.500 TL,32500
Menderes,2+1,32.000 TL,32000
Foça,3+1,33.000 TL,33000
Karabağlar,1+1,32.000 TL,32000
Karşıyaka,3+1,33.000 TL,33000
Bornova,1+1,32.000 TL,32000
Menemen,2+1,32.500 TL,32500
Karşıyaka,3+1,33.000 TL,33000
Buca,2+1,32.000 TL,32000
Balçova,1+1,32.000 TL,32000
Torbalı,3+1,32.000 TL,32000
Buca,3+1,32.000 TL,32000
Konak,3+1,32.000 TL,32000
Karşıyaka,2+1,32.000 TL,32000
Buca,3+1,32.000 TL,32000
Bornova,2+1,31.500 TL,31500
Bornova,2+1,31.500 TL,31500
Konak,2+1,33.000 TL,33000
Buca,3+1,33.000 TL,33000
Karşıyaka,3+1,33.000 TL,33000
Seferihisar,2+1,33.000 TL,33000
Seferihisar,3+1,33.000 TL,33000
Buca,3+1,32.000 TL,32000
Kemalpaşa,1+1,31.500 TL,31500
Buca,2+1,32.500 TL,32500
Karabağlar,2+1,32.000 TL,32000
Konak,3+1,32.000 TL,32000
Karşıyaka,3+1,32.000 TL,32000
Bayraklı,3+1,33.000 TL,33000
Karşıyaka,1+1,32.000 TL,32000
Çiğli,3+1,31.500 TL,31500
Karşıyaka,2+1,33.000 TL,33000
Bornova,1+1,33.000 TL,33000
Seferihisar,1+1,32.500 TL,32500
Gaziemir,2+1,32.000 TL,32000
Çiğli,2+1,31.500 TL,31500
Bornova,Stüdyo (1+0),32.500 TL,32500
Gaziemir,2+1,32.000 TL,32000
Balçova,1+1,32.000 TL,32000
Çiğli,2+1,32.000 TL,32000
Konak,2+1,33.000 TL,33000
Menemen,2+1,32.000 TL,32000
Karşıyaka,1+1,32.500 TL,32500
Çiğli,3+1,33.000 TL,33000
Bornova,2+1,33.000 TL,33000
Konak,3+1,32.000 TL,32000
Karşıyaka,3+1,31.500 TL,31500
Konak,3+1,32.000 TL,32000
Bornova,1+1,31.500 TL,31500
Buca,2+1,33.000 TL,33000
Kemalpaşa,2+1,32.500 TL,32500
Konak,3+1,33.000 TL,33000
Bayraklı,3+1,33.250 TL,33250
Bornova,1+1,32.000 TL,32000
Konak,3+1,32.000 TL,32000
Kemalpaşa,3+1,32.000 TL,32000
Karabağlar,2+1,32.500 TL,32500
Konak,3+1,32.500 TL,32500
Güzelbahçe,1+1,32.000 TL,32000
Bornova,2+1,32.500 TL,32500
Seferihisar,3+1,32.000 TL,32000
Konak,3+1,32.000 TL,32000
Bornova,2+1,33.000 TL,33000
Buca,3+1,32.000 TL,32000
Karabağlar,2+1,32.000 TL,32000
Bayraklı,3+1,32.000 TL,32000
Karşıyaka,2+1,32.000 TL,32000
Balçova,3+1,32.000 TL,32000
Buca,2+1,32.000 TL,32000
Torbalı,3+1,32.000 TL,32000
Buca,3+1,32.000 TL,32000
Karşıyaka,3+1,32.000 TL,32000
Konak,1+1,32.000 TL,32000
Çeşme,2+1,32.000 TL,32000
Çiğli,1+1,33.000 TL,33000
Karşıyaka,2+1,32.000 TL,32000
Balçova,2+1,32.000 TL,32000
Konak,3+1,32.000 TL,32000
Karşıyaka,1+1,32.500 TL,32500
Bornova,1+1,33.000 TL,33000
Selçuk,2+1,33.000 TL,33000
Bornova,3+1,33.000 TL,33000
Gaziemir,2+1,33.000 TL,33000
Seferihisar,1+1,32.000 TL,32000
Aliağa,2+1,33.000 TL,33000
Konak,2+1,32.500 TL,32500
Karşıyaka,2+1,33.000 TL,33000
Dikili,1+1,31.500 TL,31500
Çiğli,2+1,32.000 TL,32000
Bayraklı,2+1,33.000 TL,33000
Gaziemir,3+1,32.500 TL,32500
Buca,2+1,32.000 TL,32000
Balçova,3+1,32.000 TL,32000
Karşıyaka,3+1,32.000 TL,32000
Bayraklı,2+1,32.500 TL,32500
Karşıyaka,3+1,32.000 TL,32000
Balçova,3+1,33.000 TL,33000
Çiğli,3+1,33.000 TL,33000
Karşıyaka,2+1,33.000 TL,33000
Balçova,1+1,32.000 TL,32000
Balçova,1+1,32.000 TL,32000
Çiğli,1+1,32.000 TL,32000
Karabağlar,2+1,33.000 TL,33000
Buca,3+1,32.500 TL,32500
Çiğli,1+1,31.500 TL,31500
Karşıyaka,3+1,33.000 TL,33000
Karşıyaka,1+1,33.000 TL,33000
Balçova,3+1,33.000 TL,33000
Konak,2+1,32.500 TL,32500
Karşıyaka,3+1,32.000 TL,32000
Urla,2.5+1,32.000 TL,32000
Aliağa,3+1,32.000 TL,32000
Konak,2+1,32.000 TL,32000
Bergama,2+1,33.000 TL,33000
Torbalı,3+1,33.000 TL,33000
Bayraklı,3+1,32.000 TL,32000
Bornova,3+1,33.000 TL,33000
Bornova,Stüdyo (1+0),32.000 TL,32000
Karşıyaka,1+1,33.000 TL,33000
Balçova,2+1,32.000 TL,32000
Torbalı,2+1,32.000 TL,32000
Konak,1+1,32.000 TL,32000
Karabağlar,3+1,32.500 TL,32500
Karşıyaka,3+1,32.000 TL,32000
Bornova,1+1,32.500 TL,32500
Bayraklı,2+1,33.000 TL,33000
Urla,1+1,32.000 TL,32000
Karabağlar,3+1,32.000 TL,32000
Kemalpaşa,1+1,32.500 TL,32500
Karşıyaka,2+1,32.000 TL,32000
Buca,3+1,32.000 TL,32000
Menemen,3+1,32.000 TL,32000
Karşıyaka,2+1,33.000 TL,33000
Bornova,2+1,32.000 TL,32000
Çiğli,1+1,33.000 TL,33000
Bornova,1+1,32.000 TL,32000
Karşıyaka,3+1,33.000 TL,33000
Bornova,3+1,32.000 TL,32000
Gaziemir,3+1,31.500 TL,31500
Bayraklı,3+1,32.500 TL,32500
Seferihisar,3+1,33.000 TL,33000
Karşıyaka,2+1,32.000 TL,32000
Ödemiş,3+1,33.000 TL,33000
Seferihisar,2+1,32.000 TL,32000
Bornova,1+1,32.000 TL,32000
Çiğli,2+1,32.000 TL,32000
Karabağlar,2+1,32.000 TL,32000
Konak,2+1,32.000 TL,32000
Karşıyaka,2+1,32.500 TL,32500
Çiğli,2+1,32.000 TL,32000
Konak,Stüdyo (1+0),32.000 TL,32000
Konak,2+1,33.000 TL,33000
Karşıyaka,1+1,32.000 TL,32000
Bornova,1+1,33.000 TL,33000
Seferihisar,3+1,33.000 TL,33000
Foça,2+1,32.500 TL,32500
Menderes,3+1,33.000 TL,33000
Menemen,3+1,33.000 TL,33000
Çeşme,2+1,32.000 TL,32000
Çiğli,3+1,32.500 TL,32500
Seferihisar,1+1,33.000 TL,33000
Balçova,2+1,32.000 TL,32000
Bornova,2+1,33.000 TL,33000
Karabağlar,3+1,33.000 TL,33000
Foça,2.5+1,33.000 TL,33000
Bornova,2+1,33.000 TL,33000
Torbalı,3+1,33.000 TL,33000
Karşıyaka,3+1,33.000 TL,33000
Narlıdere,3+1,32.000 TL,32000
Karşıyaka,2+1,32.000 TL,32000
Çiğli,3+1,33.000 TL,33000
Bayraklı,3+1,32.000 TL,32000
Konak,2+1,33.000 TL,33000
Karşıyaka,3+1,32.000 TL,32000
Konak,2+1,33.000 TL,33000
Buca,2+1,33.000 TL,33000
Ödemiş,4+1,32.500 TL,32500
Bornova,3+1,32.500 TL,32500
Konak,3+1,33.000 TL,33000
Bornova,1+1,32.000 TL,32000
Karşıyaka,3+1,32.000 TL,32000
Bornova,1+1,32.000 TL,32000
Çeşme,1+1,33.000 TL,33000
Çiğli,2+1,32.000 TL,32000
Bornova,2+1,33.000 TL,33000
Karşıyaka,3+1,32.000 TL,32000
Torbalı,3+1,32.000 TL,32000
Karşıyaka,1+1,32.000 TL,32000
Urla,1+1,32.000 TL,32000
Karabağlar,2+1,32.000 TL,32000
Karşıyaka,Stüdyo (1+0),33.000 TL,33000
Karşıyaka,3+1,32.500 TL,32500
Bornova,1+1,33.000 TL,33000
Gaziemir,2+1,32.000 TL,32000
Konak,2+1,33.000 TL,33000
Seferihisar,2+1,32.500 TL,32500
Balçova,4+1,33.250 TL,33250
Karşıyaka,3+1,33.000 TL,33000
Karşıyaka,1+1,32.000 TL,32000
Bornova,2+1,32.500 TL,32500
Karşıyaka,3+1,32.000 TL,32000
Konak,2+1,32.000 TL,32000
Bornova,3+1,32.000 TL,32000
Bayraklı,3+1,32.000 TL,32000
Bornova,3+1,32.500 TL,32500
Karşıyaka,3+1,32.000 TL,32000
Konak,1+1,33.000 TL,33000
Bornova,3+1,33.500 TL,33500
Karşıyaka,1+1,34.000 TL,34000
Karşıyaka,3+1,34.000 TL,34000
Menemen,3+1,34.000 TL,34000
Urla,1+1,34.000 TL,34000
Karşıyaka,1+1,34.000 TL,34000
Karşıyaka,1+1,34.000 TL,34000
Bornova,Stüdyo (1+0),33.500 TL,33500
Gaziemir,2+1,34.000 TL,34000
Karşıyaka,1+1,34.000 TL,34000
Bornova,3+1,34.000 TL,34000
Buca,3+1,34.000 TL,34000
Buca,1+1,33.500 TL,33500
Konak,3+1,34.000 TL,34000
Karşıyaka,3+1,34.000 TL,34000
Dikili,2+1,33.600 TL,33600
Çiğli,3+1,33.500 TL,33500
Karşıyaka,2+1,34.500 TL,34500
Narlıdere,2+1,34.000 TL,34000
Konak,3+1,34.000 TL,34000
Bornova,1+1,34.000 TL,34000
Karşıyaka,2+1,34.000 TL,34000
Konak,2+1,33.500 TL,33500
Gaziemir,3+1,33.500 TL,33500
Karabağlar,3+1,33.500 TL,33500
Bayraklı,1+1,33.500 TL,33500
Konak,2+1,34.000 TL,34000
Karşıyaka,2+1,34.500 TL,34500
Karşıyaka,1+1,34.350 TL,34350
Konak,3+1,34.000 TL,34000
Konak,3+1,34.000 TL,34000
Bornova,1+1,34.500 TL,34500
Karşıyaka,3+1,34.000 TL,34000
Çiğli,3+1,34.000 TL,34000
Konak,3+1,34.000 TL,34000
Çiğli,2+1,34.000 TL,34000
Karşıyaka,3+1,34.000 TL,34000
Karşıyaka,1+1,34.000 TL,34000
Karabağlar,3+1,34.000 TL,34000
Balçova,1+1,33.900 TL,33900
Gaziemir,1+1,34.000 TL,34000
Bornova,1+1,34.000 TL,34000
Karşıyaka,3+1,34.000 TL,34000
Bornova,1+1,34.000 TL,34000
Gaziemir,2+1,34.000 TL,34000
Gaziemir,3+1,34.500 TL,34500
Menemen,3+1,34.000 TL,34000
Bornova,3+1,34.000 TL,34000
Karabağlar,3+1,34.500 TL,34500
Bornova,1+1,34.000 TL,34000
Torbalı,3+1,34.000 TL,34000
Urla,1+1,34.000 TL,34000
Karşıyaka,3+1,34.000 TL,34000
Karşıyaka,3+1,34.000 TL,34000
Karşıyaka,3+1,34.250 TL,34250
Karşıyaka,1+1,34.000 TL,34000
Menemen,3+1,34.000 TL,34000
Bornova,1+1,34.500 TL,34500
Bayraklı,2+1,34.000 TL,34000
Seferihisar,2+1,34.000 TL,34000
Bornova,3+1,34.000 TL,34000
Karabağlar,2+1,34.000 TL,34000
Bornova,3+1,34.000 TL,34000
Bornova,Stüdyo (1+0),34.500 TL,34500
Narlıdere,3+1,34.000 TL,34000
Karşıyaka,2+1,34.000 TL,34000
Konak,2+1,34.500 TL,34500
Çiğli,3+1,33.500 TL,33500
Bornova,2+1,34.000 TL,34000
Karşıyaka,3+1,34.000 TL,34000
Çiğli,3+1,34.500 TL,34500
Bornova,2+1,33.500 TL,33500
Balçova,2+1,34.000 TL,34000
Karşıyaka,1+1,34.000 TL,34000
Karşıyaka,3+1,34.000 TL,34000
Seferihisar,3+1,34.000 TL,34000
Foça,2+1,34.000 TL,34000
Konak,Stüdyo (1+0),33.500 TL,33500
Karabağlar,2+1,34.000 TL,34000
Bornova,2+1,33.500 TL,33500
Karşıyaka,2+1,33.500 TL,33500
Menemen,3+1,34.500 TL,34500
Buca,2+1,34.000 TL,34000
Aliağa,2+1,34.000 TL,34000
Karşıyaka,3+1,34.000 TL,34000
Seferihisar,2+1,33.500 TL,33500
Karabağlar,2+1,34.000 TL,34000
Menemen,4+1,34.000 TL,34000
Torbalı,2+1,34.000 TL,34000
Konak,3+1,34.000 TL,34000
Seferihisar,3+1,34.000 TL,34000
Karşıyaka,2+1,34.000 TL,34000
Çeşme,2+1,34.500 TL,34500
Konak,3+1,34.000 TL,34000
Karabağlar,3+1,34.000 TL,34000
Bornova,2+1,34.500 TL,34500
Konak,2+1,34.000 TL,34000
Dikili,3+1,34.000 TL,34000
Çiğli,3+1,33.500 TL,33500
Karabağlar,3+1,34.000 TL,34000
Bornova,1+1,34.000 TL,34000
Karşıyaka,2+1,34.000 TL,34000
Bayraklı,3+1,34.000 TL,34000
Karşıyaka,1+1,34.000 TL,34000
Torbalı,3+1,34.500 TL,34500
Konak,1+1,34.500 TL,34500
Buca,2+1,33.500 TL,33500
Bornova,1+1,34.500 TL,34500
Balçova,1+1,34.000 TL,34000
Karşıyaka,2+1,33.500 TL,33500
Torbalı,2+1,34.000 TL,34000
Tire,3+1,34.000 TL,34000
Menderes,3+1,34.000 TL,34000
Çeşme,2+1,34.000 TL,34000
Bayraklı,3+1,34.000 TL,34000
Karşıyaka,2+1,34.000 TL,34000
Konak,1+1,34.000 TL,34000
Menemen,3+1,34.000 TL,34000
Çiğli,3+1,34.000 TL,34000
Karşıyaka,2+1,34.000 TL,34000
Bornova,1+1,34.000 TL,34000
Balçova,1+1,34.000 TL,34000
Karabağlar,3+1,34.000 TL,34000
Karşıyaka,3+1,34.500 TL,34500
Karşıyaka,2+1,33.500 TL,33500
Karşıyaka,2+1,34.000 TL,34000
Bornova,3+1,34.000 TL,34000
Buca,3+1,34.000 TL,34000
Çiğli,1+1,34.000 TL,34000
Bornova,1+1,34.000 TL,34000
Konak,3+1,34.000 TL,34000
Konak,3+1,34.000 TL,34000
Çiğli,2+1,34.000 TL,34000
Bayraklı,3+1,34.000 TL,34000
Balçova,2+1,34.000 TL,34000
Konak,3+1,34.000 TL,34000
Foça,3+1,34.000 TL,34000
Karşıyaka,2+1,34.000 TL,34000
Konak,3+1,34.000 TL,34000
Karabağlar,3+1,33.500 TL,33500
Buca,3+1,34.000 TL,34000
Torbalı,3+1,34.000 TL,34000
Çiğli,3+1,34.000 TL,34000
Karşıyaka,3+1,34.500 TL,34500
Bornova,1+1,34.000 TL,34000
Bornova,3+1,34.000 TL,34000
Bornova,3+1,34.000 TL,34000
Menderes,3+1,33.500 TL,33500
Karşıyaka,1+1,34.000 TL,34000
Konak,2+1,34.000 TL,34000
Menemen,3+1,33.500 TL,33500
Karşıyaka,1+1,34.500 TL,34500
Çiğli,3+1,33.500 TL,33500
Torbalı,2+1,34.500 TL,34500
Konak,1+1,33.500 TL,33500
Çiğli,1+1,34.000 TL,34000
Karşıyaka,2+1,33.500 TL,33500
Menemen,3+1,34.000 TL,34000
Bayraklı,2+1,34.000 TL,34000
Karşıyaka,2+1,33.500 TL,33500
Menemen,2+1,33.500 TL,33500
Torbalı,4+1,33.500 TL,33500
Buca,3+1,34.000 TL,34000
Bornova,2+1,33.500 TL,33500
Çiğli,2+1,34.000 TL,34000
Bayraklı,2+1,34.000 TL,34000
Konak,3+1,34.000 TL,34000
Konak,2+1,34.500 TL,34500
Gaziemir,2+1,33.500 TL,33500
Bornova,3+1,34.000 TL,34000
Buca,3+1,34.000 TL,34000
Bayraklı,3+1,34.000 TL,34000
Aliağa,2+1,33.500 TL,33500
Karşıyaka,2+1,34.000 TL,34000
Karşıyaka,3+1,34.500 TL,34500
Çiğli,1+1,34.000 TL,34000
Karşıyaka,2+1,34.000 TL,34000
Karşıyaka,3+1,34.000 TL,34000
Konak,Stüdyo (1+0),34.500 TL,34500
Karşıyaka,1+1,34.000 TL,34000
Buca,3+1,33.500 TL,33500
Karşıyaka,2+1,34.000 TL,34000
Torbalı,4+2,34.000 TL,34000
Bornova,3+1,34.000 TL,34000
Balçova,1+1,34.000 TL,34000
Konak,2+1,34.000 TL,34000
Karşıyaka,2+1,34.000 TL,34000
Karşıyaka,2+1,34.000 TL,34000
Konak,1+1,34.000 TL,34000
Çiğli,2+1,33.500 TL,33500
Konak,Stüdyo (1+0),34.750 TL,34750
Balçova,3+1,34.900 TL,34900
Urla,2+1,34.900 TL,34900
Torbalı,3+1,34.900 TL,34900
Seferihisar,4+1,34.950 TL,34950
Bornova,4+1,35.000 TL,35000
Seferihisar,2+1,35.000 TL,35000
Torbalı,3+1,35.000 TL,35000
Çiğli,1+1,35.000 TL,35000
Narlıdere,3+1,35.000 TL,35000
Çiğli,3+1,35.000 TL,35000
Torbalı,3+1,35.000 TL,35000
Buca,3+1,35.000 TL,35000
Seferihisar,2+1,35.000 TL,35000
Karşıyaka,2+1,35.000 TL,35000
Aliağa,4+1,35.000 TL,35000
Karabağlar,1+1,35.000 TL,35000
Bornova,2+1,35.000 TL,35000
Buca,3+1,35.000 TL,35000
Çiğli,1+1,35.000 TL,35000
Foça,2+1,35.000 TL,35000
Konak,1+1,35.000 TL,35000
Dikili,2+1,35.000 TL,35000
Gaziemir,4+1,35.000 TL,35000
Çiğli,3+1,35.000 TL,35000
Gaziemir,1+1,35.000 TL,35000
Bornova,3+1,35.000 TL,35000
Bayraklı,3+1,35.000 TL,35000
Buca,3+1,35.000 TL,35000
Karşıyaka,1+1,35.000 TL,35000
Bergama,3+1,35.000 TL,35000
Konak,2+1,35.000 TL,35000
Çeşme,2+1,35.000 TL,35000
Karşıyaka,2+1,35.000 TL,35000
Bornova,1+1,35.000 TL,35000
Bayraklı,3+1,35.000 TL,35000
Menemen,3+1,35.000 TL,35000
Bornova,1+1,35.000 TL,35000
Karabağlar,3+1,35.000 TL,35000
Konak,2+1,35.000 TL,35000
Karabağlar,3+1,35.000 TL,35000
Karşıyaka,2+1,35.000 TL,35000
Gaziemir,1+1,35.000 TL,35000
Aliağa,3+1,35.000 TL,35000
Karşıyaka,2+1,35.000 TL,35000
Menderes,3+1,35.000 TL,35000
Seferihisar,3+1,35.000 TL,35000
Bayraklı,3+1,35.000 TL,35000
Buca,2+1,35.000 TL,35000
Karşıyaka,1+1,35.000 TL,35000
Menderes,3+1,35.000 TL,35000
Buca,3+1,35.000 TL,35000
Seferihisar,2+1,35.000 TL,35000
Konak,2+1,35.000 TL,35000
Konak,2+1,35.000 TL,35000
Çeşme,2+1,35.000 TL,35000
Bayraklı,3+1,35.000 TL,35000
Balçova,1+1,35.000 TL,35000
Çiğli,3+1,35.000 TL,35000
Kemalpaşa,3+1,35.000 TL,35000
Karşıyaka,2+1,35.000 TL,35000
Tire,3+1,35.000 TL,35000
Karşıyaka,3+1,35.000 TL,35000
Konak,1+1,35.000 TL,35000
Konak,2+1,35.000 TL,35000
Torbalı,3+1,35.000 TL,35000
Karşıyaka,2+1,35.000 TL,35000
Bornova,3+1,35.000 TL,35000
Karşıyaka,3+1,35.000 TL,35000
Foça,3+1,35.000 TL,35000
Seferihisar,3+1,35.000 TL,35000
Foça,2+1,35.000 TL,35000
Çiğli,3+1,35.000 TL,35000
Aliağa,3+1,35.000 TL,35000
Karşıyaka,2+1,35.000 TL,35000
Karşıyaka,3+1,35.000 TL,35000
Tire,3+1,35.000 TL,35000
Güzelbahçe,2+1,35.000 TL,35000
Bayraklı,2+1,35.000 TL,35000
Seferihisar,2+1,35.000 TL,35000
Aliağa,2+1,35.000 TL,35000
Balçova,2+1,35.000 TL,35000
Karabağlar,2+1,35.000 TL,35000
Aliağa,3+1,35.000 TL,35000
Konak,4+1,35.000 TL,35000
Karaburun,4+1,35.000 TL,35000
Karabağlar,2+1,35.000 TL,35000
Bayraklı,3+1,35.000 TL,35000
Bornova,3+1,35.000 TL,35000
Torbalı,3+1,35.000 TL,35000
Seferihisar,2+1,35.000 TL,35000
Konak,2+1,35.000 TL,35000
Karşıyaka,3+1,35.000 TL,35000
Karşıyaka,3+1,35.000 TL,35000
Karşıyaka,2+1,35.000 TL,35000
Bornova,3+1,35.000 TL,35000
Çiğli,2+1,35.000 TL,35000
Karabağlar,2+1,35.000 TL,35000
Balçova,1+1,35.000 TL,35000
Çiğli,1+1,35.000 TL,35000
Menderes,3+1,35.000 TL,35000
Buca,3+1,35.000 TL,35000
Karşıyaka,3+1,35.000 TL,35000
Karaburun,3+1,35.000 TL,35000
Menderes,2+1,35.000 TL,35000
Tire,3+1,35.000 TL,35000
Menderes,2+1,35.000 TL,35000
Tire,3+1,35.000 TL,35000
Gaziemir,2+1,35.000 TL,35000
Ödemiş,3+1,35.000 TL,35000
Gaziemir,3+1,35.000 TL,35000
Menderes,2+1,35.000 TL,35000
Balçova,3+1,35.000 TL,35000
Konak,2+1,35.000 TL,35000
Bornova,4+1,35.000 TL,35000
Karşıyaka,2+1,35.000 TL,35000
Gaziemir,3+1,35.000 TL,35000
Karabağlar,3+1,35.000 TL,35000
Karşıyaka,2+1,35.000 TL,35000
Foça,3+1,35.000 TL,35000
Güzelbahçe,1+1,35.000 TL,35000
Aliağa,2+1,35.000 TL,35000
Bornova,3+1,35.000 TL,35000
Menderes,3+1,35.000 TL,35000
Bornova,1+1,35.000 TL,35000
Konak,2+1,35.000 TL,35000
Balçova,3+1,35.000 TL,35000
Balçova,1+1,35.000 TL,35000
Torbalı,2+1,35.000 TL,35000
Balçova,3+1,35.000 TL,35000
Karşıyaka,2+1,35.000 TL,35000
Bergama,3+1,35.000 TL,35000
Karaburun,3+1,35.000 TL,35000
Karşıyaka,3+1,35.000 TL,35000
Bornova,3+1,35.000 TL,35000
Buca,1+1,35.000 TL,35000
Aliağa,2+1,35.000 TL,35000
Seferihisar,2+1,35.000 TL,35000
Konak,3+1,35.000 TL,35000
Bornova,1+1,35.000 TL,35000
Bornova,1+1,35.000 TL,35000
Menderes,2+1,35.000 TL,35000
Bornova,2+1,35.000 TL,35000
Urla,2+1,35.000 TL,35000
Konak,3+1,35.000 TL,35000
Menemen,4+1,35.000 TL,35000
Karşıyaka,3+1,35.000 TL,35000
Konak,2+1,35.000 TL,35000
Urla,1+1,35.000 TL,35000
Bornova,Stüdyo (1+0),35.000 TL,35000
Çiğli,1+1,35.000 TL,35000
Balçova,3+1,35.000 TL,35000
Karşıyaka,3+1,35.000 TL,35000
Seferihisar,3+1,35.000 TL,35000
Çeşme,3+1,35.000 TL,35000
Karşıyaka,3+1,35.000 TL,35000
Gaziemir,3+1,35.000 TL,35000
Dikili,3+2,35.000 TL,35000
Buca,2+1,35.000 TL,35000
Balçova,2+1,35.000 TL,35000
Bornova,3+1,35.000 TL,35000
Bornova,Stüdyo (1+0),35.000 TL,35000
Bayraklı,3+1,35.000 TL,35000
Buca,3+1,35.000 TL,35000
Çiğli,3+1,35.000 TL,35000
Karşıyaka,2+1,35.000 TL,35000
Bornova,3+1,35.000 TL,35000
Seferihisar,2+1,35.000 TL,35000
Karşıyaka,3+1,35.000 TL,35000
Karşıyaka,3+1,35.000 TL,35000
Gaziemir,3+1,35.000 TL,35000
Menemen,4+1,35.000 TL,35000
Çeşme,3+1,35.000 TL,35000
Bornova,2+1,35.000 TL,35000
Konak,1+1,35.000 TL,35000
Bornova,1+1,35.000 TL,35000
Karşıyaka,2+1,35.000 TL,35000
Seferihisar,2+1,35.000 TL,35000
Konak,3+1,35.000 TL,35000
Bornova,2+1,35.000 TL,35000
Konak,2+1,35.000 TL,35000
Torbalı,3+1,35.000 TL,35000
Bornova,1+1,35.000 TL,35000
Buca,2+1,35.000 TL,35000
Bayraklı,3+1,35.000 TL,35000
Konak,2+1,35.000 TL,35000
Çeşme,2+1,35.000 TL,35000
Çeşme,2+1,35.000 TL,35000
Kemalpaşa,3+1,35.000 TL,35000
Gaziemir,4+1,35.000 TL,35000
Menemen,2+1,35.000 TL,35000
Karşıyaka,2+1,35.000 TL,35000
Buca,3+1,35.000 TL,35000
Menderes,3+1,35.000 TL,35000
Menemen,3+1,35.000 TL,35000
Bornova,3+1,35.000 TL,35000
Buca,3+1,35.000 TL,35000
Karşıyaka,3+1,35.000 TL,35000
Buca,3+1,35.000 TL,35000
Narlıdere,3+1,35.000 TL,35000
Tire,4+1,35.000 TL,35000
Seferihisar,2+1,35.000 TL,35000
Torbalı,3+1,35.000 TL,35000
Menderes,3+1,35.000 TL,35000
Çiğli,3+1,35.000 TL,35000
Karşıyaka,2+1,35.000 TL,35000
Buca,3+1,35.000 TL,35000
Konak,2+1,35.000 TL,35000
Karşıyaka,2+1,35.000 TL,35000
Karabağlar,3+1,35.000 TL,35000
Karşıyaka,2+1,35.000 TL,35000
Bornova,3+1,35.000 TL,35000
Bornova,3+1,35.000 TL,35000
Narlıdere,2+1,35.000 TL,35000
Konak,2+1,35.000 TL,35000
Çiğli,1+1,35.000 TL,35000
Karşıyaka,2+1,35.000 TL,35000
Menderes,2+1,35.000 TL,35000
Buca,2+1,35.000 TL,35000
Karşıyaka,2+1,35.000 TL,35000
Karabağlar,3+1,35.000 TL,35000
Karşıyaka,3+1,35.000 TL,35000
Narlıdere,2.5+1,35.000 TL,35000
Aliağa,3+1,35.000 TL,35000
Menderes,2+1,35.000 TL,35000
Konak,3+1,35.000 TL,35000
Bornova,3+1,35.000 TL,35000
Gaziemir,3+1,35.000 TL,35000
Karşıyaka,1+1,35.000 TL,35000
Konak,1+1,35.000 TL,35000
Bornova,1+1,35.000 TL,35000
Bornova,1+1,35.000 TL,35000
Torbalı,3+1,35.000 TL,35000
Karşıyaka,2+1,35.000 TL,35000
Konak,3+1,35.000 TL,35000
Karşıyaka,2+1,35.000 TL,35000
Seferihisar,2+1,35.000 TL,35000
Karşıyaka,3+1,35.000 TL,35000
Bornova,1+1,35.000 TL,35000
Bayraklı,3+1,35.000 TL,35000
Aliağa,3+1,35.000 TL,35000
Konak,3+1,35.000 TL,35000
Karşıyaka,1+1,35.000 TL,35000
Balçova,3+1,35.000 TL,35000
Konak,3+1,35.000 TL,35000
Narlıdere,3+1,35.000 TL,35000
Karşıyaka,3+1,35.000 TL,35000
Aliağa,2+1,35.000 TL,35000
Gaziemir,3+1,35.000 TL,35000
Balçova,3+1,35.000 TL,35000
Bornova,2+1,35.000 TL,35000
Karşıyaka,3+1,35.000 TL,35000
Gaziemir,3+1,35.000 TL,35000
Bornova,3+1,35.000 TL,35000
Karşıyaka,2+1,35.000 TL,35000
Bornova,Stüdyo (1+0),35.000 TL,35000
Karabağlar,3+1,35.000 TL,35000
Buca,3+1,35.000 TL,35000
Balçova,3+1,35.000 TL,35000
Karşıyaka,2+1,35.000 TL,35000
Tire,3+1,35.000 TL,35000
Bornova,1+1,35.000 TL,35000
Konak,3+1,35.000 TL,35000
Torbalı,3+1,35.000 TL,35000
Çiğli,3+1,35.000 TL,35000
Buca,3+1,35.000 TL,35000
Balçova,3+1,35.000 TL,35000
Buca,2+1,35.000 TL,35000
Karşıyaka,3+1,35.000 TL,35000
Aliağa,4+1,35.000 TL,35000
Konak,3+1,35.000 TL,35000
Seferihisar,2+1,35.000 TL,35000
Narlıdere,2+1,35.000 TL,35000
Karabağlar,2+1,35.000 TL,35000
Gaziemir,3+1,35.000 TL,35000
Bayraklı,3+1,35.000 TL,35000
Çiğli,1+1,35.000 TL,35000
Urla,2+1,35.000 TL,35000
Karabağlar,3+1,35.000 TL,35000
Karabağlar,3+1,35.000 TL,35000
Karşıyaka,2+1,35.000 TL,35000
Konak,Stüdyo (1+0),35.000 TL,35000
Çiğli,3+1,35.000 TL,35000
Narlıdere,1+1,35.000 TL,35000
Buca,3+1,35.000 TL,35000
Seferihisar,3+1,35.000 TL,35000
Buca,2+1,35.000 TL,35000
Gaziemir,4+1,35.000 TL,35000
Bayraklı,2+1,35.000 TL,35000
Karşıyaka,1+1,35.000 TL,35000
Konak,2+1,35.000 TL,35000
Buca,2+1,35.000 TL,35000
Buca,4+1,35.000 TL,35000
Konak,2+1,35.000 TL,35000
Bayraklı,2+1,35.000 TL,35000
Gaziemir,2+1,35.000 TL,35000
Çiğli,2+1,35.000 TL,35000
Konak,2+1,35.000 TL,35000
Konak,2+1,35.000 TL,35000
Buca,3+1,35.000 TL,35000
Bornova,1+1,35.000 TL,35000
Buca,3+1,35.000 TL,35000
Menemen,3+1,35.000 TL,35000
Karabağlar,2+1,35.000 TL,35000
Buca,3+1,35.000 TL,35000
Çiğli,1+1,35.000 TL,35000
Konak,3+1,35.000 TL,35000
Balçova,3+1,35.000 TL,35000
Konak,1+1,35.000 TL,35000
Urla,2+1,35.000 TL,35000
Buca,3+1,35.000 TL,35000
Buca,1+1,35.000 TL,35000
Konak,1+1,35.000 TL,35000
Karşıyaka,1+1,35.000 TL,35000
Urla,1+1,35.000 TL,35000
Gaziemir,3+1,35.000 TL,35000
Gaziemir,2+1,35.000 TL,35000
Buca,1+1,35.000 TL,35000
Foça,2+1,35.000 TL,35000
Çeşme,2+1,35.000 TL,35000
Buca,3+1,35.000 TL,35000
Aliağa,3+1,35.000 TL,35000
Karabağlar,3+1,35.000 TL,35000
Menemen,3+1,35.000 TL,35000
Gaziemir,3+1,35.000 TL,35000
Karşıyaka,2+1,35.000 TL,35000
Çiğli,3+1,35.000 TL,35000
Konak,2+1,35.000 TL,35000
Bornova,3+1,35.000 TL,35000
Çeşme,2+1,35.000 TL,35000
Balçova,3+1,35.000 TL,35000
Buca,1+1,35.000 TL,35000
Karabağlar,3+1,35.000 TL,35000
Balçova,1+1,35.000 TL,35000
Urla,2+1,35.000 TL,35000
Çiğli,2+1,35.000 TL,35000
Seferihisar,2+1,35.000 TL,35000
Bornova,3+1,35.000 TL,35000
Bornova,3+1,35.000 TL,35000
Bornova,2+1,35.000 TL,35000
Konak,3+1,35.000 TL,35000
Karşıyaka,2+1,35.000 TL,35000
Güzelbahçe,3+1,35.000 TL,35000
Buca,3+1,35.000 TL,35000
Konak,1+1,35.000 TL,35000
Bornova,1+1,35.000 TL,35000
Ödemiş,2+1,35.000 TL,35000
Konak,3+1,35.000 TL,35000
Konak,3+1,35.000 TL,35000
Konak,1+1,35.000 TL,35000
Seferihisar,2+1,35.000 TL,35000
Konak,2+1,35.000 TL,35000
Bornova,1+1,35.000 TL,35000
Torbalı,2+1,35.000 TL,35000
Bayraklı,3+1,35.000 TL,35000
Bornova,3+1,35.000 TL,35000
Balçova,1+1,35.000 TL,35000
Torbalı,2+1,35.000 TL,35000
Karşıyaka,3+1,35.000 TL,35000
Seferihisar,3+1,35.000 TL,35000
Aliağa,2+1,35.000 TL,35000
Buca,2+1,35.000 TL,35000
Karşıyaka,2+1,35.000 TL,35000
Urla,3+1,35.000 TL,35000
Dikili,4+1,35.000 TL,35000
Konak,1+1,35.000 TL,35000
Bornova,4+1,35.000 TL,35000
Bornova,3+1,35.000 TL,35000
Karşıyaka,3+1,35.000 TL,35000
Bornova,3+1,35.000 TL,35000
Bornova,1+1,35.000 TL,35000
Konak,2+1,35.000 TL,35000
Bornova,1+1,35.000 TL,35000
Menemen,3+1,35.000 TL,35000
Balçova,1+1,35.000 TL,35000
Konak,3+1,35.000 TL,35000
Karabağlar,3+1,35.000 TL,35000
Karşıyaka,3+1,35.000 TL,35000
Buca,3+1,35.000 TL,35000
Karşıyaka,3+1,35.000 TL,35000
Tire,4+1,35.000 TL,35000
Karşıyaka,3+1,35.000 TL,35000
Güzelbahçe,2+1,35.000 TL,35000
Karşıyaka,3+1,35.000 TL,35000
Seferihisar,2.5+1,35.000 TL,35000
Menemen,2+1,35.000 TL,35000
Buca,3+1,35.000 TL,35000
Karabağlar,3+1,35.000 TL,35000
Konak,Stüdyo (1+0),35.000 TL,35000
Gaziemir,3+1,35.000 TL,35000
Foça,2+1,35.000 TL,35000
Bayraklı,3+1,35.000 TL,35000
Karşıyaka,1+1,35.000 TL,35000
Konak,3+1,35.000 TL,35000
Karşıyaka,1+1,35.000 TL,35000
Bayraklı,2+1,35.000 TL,35000
Çiğli,4+1,35.000 TL,35000
Gaziemir,3+1,35.000 TL,35000
Karşıyaka,3+1,35.000 TL,35000
Torbalı,2+1,35.000 TL,35000
Karşıyaka,3+1,35.000 TL,35000
Menderes,2+1,35.000 TL,35000
Konak,3+1,35.000 TL,35000
Karabağlar,2+1,35.000 TL,35000
Buca,1+1,35.000 TL,35000
Bayraklı,3+1,35.000 TL,35000
Menemen,3+1,35.000 TL,35000
Karşıyaka,3+1,35.000 TL,35000
Torbalı,3+1,35.000 TL,35000
Bayraklı,2+1,35.000 TL,35000
Buca,3+1,35.000 TL,35000
Narlıdere,3+1,35.000 TL,35000
Tire,3+1,35.000 TL,35000
Menemen,3+1,35.000 TL,35000
Bayraklı,2+1,35.000 TL,35000
Buca,3+1,35.000 TL,35000
Konak,2+1,35.000 TL,35000
Bornova,3+1,35.000 TL,35000
Çeşme,2+1,35.000 TL,35000
Bayraklı,3+1,35.000 TL,35000
Bornova,1+1,35.000 TL,35000
Menemen,3+1,35.000 TL,35000
Karşıyaka,3+1,35.000 TL,35000
Bornova,1+1,35.000 TL,35000
Bayraklı,3+1,35.000 TL,35000
Bornova,1+1,35.000 TL,35000
Karabağlar,2+1,35.000 TL,35000
Konak,3+1,35.000 TL,35000
Menemen,3+1,35.000 TL,35000
Karabağlar,3+1,35.000 TL,35000
Menemen,2+1,35.000 TL,35000
Karşıyaka,3+1,35.000 TL,35000
Çiğli,1+1,35.000 TL,35000
Konak,3+1,35.000 TL,35000
Buca,3+1,35.000 TL,35000
Foça,3+1,35.000 TL,35000
Konak,3+1,35.000 TL,35000
Buca,3+1,35.000 TL,35000
Bornova,2+1,35.000 TL,35000
Balçova,2+1,35.000 TL,35000
Aliağa,3+1,35.000 TL,35000
Foça,2+1,35.000 TL,35000
Bornova,1+1,35.000 TL,35000
Buca,3+1,35.000 TL,35000
Gaziemir,2+1,35.000 TL,35000
Menemen,2+1,35.000 TL,35000
Çeşme,1+1,35.000 TL,35000
Karşıyaka,3+1,35.000 TL,35000
Bornova,2+1,35.000 TL,35000
Seferihisar,2+1,35.000 TL,35000
Kemalpaşa,3+1,35.000 TL,35000
Bornova,1+1,35.000 TL,35000
Torbalı,2+1,35.000 TL,35000
Çeşme,2+1,35.000 TL,35000
Seferihisar,,35.000 TL,35000
Karşıyaka,3+1,35.000 TL,35000
Bornova,1+1,35.000 TL,35000
Karabağlar,3+1,35.000 TL,35000
Bayraklı,3+1,35.000 TL,35000
Karşıyaka,3+1,35.000 TL,35000
Bayraklı,2+1,35.000 TL,35000
Urla,1+1,35.000 TL,35000
Balçova,3+1,35.000 TL,35000
Seferihisar,2+1,35.000 TL,35000
Karşıyaka,3+1,35.000 TL,35000
Konak,1+1,35.000 TL,35000
Urla,1+1,35.000 TL,35000
Narlıdere,1+1,35.000 TL,35000
Çiğli,3+1,35.000 TL,35000
Karabağlar,3+1,35.000 TL,35000
Karşıyaka,3+1,35.000 TL,35000
Karaburun,1+1,35.000 TL,35000
Karabağlar,3+1,35.000 TL,35000
Karşıyaka,3+1,35.000 TL,35000
Bornova,3+1,35.000 TL,35000
Çiğli,3+1,35.000 TL,35000
Güzelbahçe,2+1,35.000 TL,35000
Karabağlar,3+1,35.000 TL,35000
Çeşme,2+1,35.000 TL,35000
Buca,2+0,35.000 TL,35000
Menderes,4+1,35.000 TL,35000
Karşıyaka,2+1,35.000 TL,35000
Bornova,2+1,35.000 TL,35000
Narlıdere,2+1,35.000 TL,35000
Karşıyaka,2+1,35.000 TL,35000
Bornova,3+1,35.000 TL,35000
Konak,2+1,35.000 TL,35000
Karşıyaka,2+1,35.000 TL,35000
Çiğli,2+1,35.000 TL,35000
Karaburun,2+1,35.000 TL,35000
Foça,3+1,35.000 TL,35000
Çeşme,1+1,35.000 TL,35000
Bornova,3+1,35.000 TL,35000
Karşıyaka,2+1,35.000 TL,35000
Çiğli,1+1,35.000 TL,35000
Karşıyaka,2+1,35.000 TL,35000
Çiğli,1+1,35.000 TL,35000
Menemen,2+1,35.000 TL,35000
Gaziemir,1+1,35.000 TL,35000
Bornova,3+1,35.000 TL,35000
Menderes,2+1,35.000 TL,35000
Dikili,4+1,35.000 TL,35000
Çiğli,3+1,35.000 TL,35000
Gaziemir,4+1,35.000 TL,35000
Karabağlar,3+1,35.000 TL,35000
Bornova,3+1,35.000 TL,35000
Karaburun,3+1,35.000 TL,35000
Gaziemir,3+1,35.000 TL,35000
Bornova,1+1,35.000 TL,35000
Konak,3+1,35.000 TL,35000
Menemen,3+1,35.000 TL,35000
Selçuk,3+1,35.000 TL,35000
Karabağlar,2+1,35.000 TL,35000
Urla,1+1,35.000 TL,35000
Karabağlar,2+1,35.000 TL,35000
Seferihisar,2+1,35.000 TL,35000
Bornova,1+1,35.000 TL,35000
Karabağlar,3+1,35.000 TL,35000
Menderes,3+1,35.000 TL,35000
Çiğli,2+1,35.000 TL,35000
Karaburun,2+1,35.000 TL,35000
Bornova,3+1,35.000 TL,35000
Bayraklı,3+1,35.000 TL,35000
Buca,3+1,35.000 TL,35000
Bornova,3+1,35.000 TL,35000
Menderes,3+1,35.000 TL,35000
Karabağlar,2+1,35.000 TL,35000
Urla,1+1,35.000 TL,35000
Karşıyaka,3+1,35.000 TL,35000
Karabağlar,2+1,35.000 TL,35000
Seferihisar,2+1,35.000 TL,35000
Gaziemir,2+1,35.000 TL,35000
Bornova,1+1,35.000 TL,35000
Karşıyaka,2+1,35.000 TL,35000
Karşıyaka,3+1,35.000 TL,35000
Karşıyaka,2+1,35.000 TL,35000
Konak,2+1,35.000 TL,35000
Çiğli,1+1,35.000 TL,35000
Konak,2+1,35.000 TL,35000
Dikili,2+1,35.000 TL,35000
Dikili,4+1,35.000 TL,35000
Urla,1+1,35.000 TL,35000
Menemen,3+1,35.000 TL,35000
Balçova,2+1,35.000 TL,35000
Konak,3+1,35.000 TL,35000
Konak,2+1,35.000 TL,35000
Karşıyaka,3+1,35.000 TL,35000
Karşıyaka,3+1,35.000 TL,35000
Foça,2+1,35.000 TL,35000
Konak,1+1,35.000 TL,35000
Konak,2+1,35.000 TL,35000
Karşıyaka,2+1,35.000 TL,35000
Bornova,3+1,35.000 TL,35000
Bayraklı,3+1,35.000 TL,35000
Bornova,2+1,35.000 TL,35000
Güzelbahçe,2+1,35.000 TL,35000
Karabağlar,1+1,35.000 TL,35000
Çiğli,1+1,35.000 TL,35000
Çiğli,1+1,35.000 TL,35000
Karabağlar,2+1,35.000 TL,35000
Ödemiş,2+1,35.000 TL,35000
Seferihisar,2+1,35.000 TL,35000
Aliağa,3+1,35.000 TL,35000
Bornova,1+1,35.000 TL,35000
Karşıyaka,3+1,35.000 TL,35000
Buca,3+1,35.000 TL,35000
Karşıyaka,3+1,35.000 TL,35000
Seferihisar,2+1,35.000 TL,35000
Çeşme,2+1,35.000 TL,35000
Konak,2+1,35.000 TL,35000
Kemalpaşa,3+1,35.000 TL,35000
Karşıyaka,3+1,35.000 TL,35000
Konak,3+1,35.000 TL,35000
Aliağa,2+1,35.000 TL,35000
Karabağlar,3+1,35.000 TL,35000
Seferihisar,2+1,35.000 TL,35000
Gaziemir,3+1,35.000 TL,35000
Kemalpaşa,1+1,35.000 TL,35000
Karşıyaka,3+1,35.000 TL,35000
Buca,3+1,35.000 TL,35000
Bayraklı,1+1,35.000 TL,35000
Menemen,4+1,35.000 TL,35000
Çiğli,2+1,35.000 TL,35000
Balçova,3+1,35.000 TL,35000
Bornova,1+1,35.000 TL,35000
Karşıyaka,2+1,35.000 TL,35000
Karşıyaka,1+1,35.000 TL,35000
Buca,2+1,35.000 TL,35000
Çeşme,2+1,35.000 TL,35000
Karşıyaka,2+1,35.000 TL,35000
Narlıdere,2+1,35.000 TL,35000
Çiğli,3+1,35.000 TL,35000
Buca,2+1,35.000 TL,35000
Buca,2+1,35.000 TL,35000
Bornova,3+1,35.000 TL,35000
Karşıyaka,3+1,35.000 TL,35000
Karabağlar,3+1,35.000 TL,35000
Karabağlar,3+1,35.000 TL,35000
Seferihisar,2+1,35.000 TL,35000
Bayraklı,2+1,35.000 TL,35000
Bayraklı,2+1,35.000 TL,35000
Bornova,2+1,35.000 TL,35000
Gaziemir,3+1,35.000 TL,35000
Konak,1+1,35.000 TL,35000
Konak,2+1,35.000 TL,35000
Seferihisar,3+1,35.000 TL,35000
Dikili,1+1,35.000 TL,35000
Konak,3+1,35.000 TL,35000
Bornova,3+1,35.000 TL,35000
Bergama,3+1,35.000 TL,35000
Menemen,3+1,35.000 TL,35000
Bayraklı,3+1,35.000 TL,35000
Karşıyaka,3+1,35.000 TL,35000
Gaziemir,2+1,35.000 TL,35000
Karşıyaka,2+1,35.000 TL,35000
Konak,3+1,35.000 TL,35000
Konak,3+1,35.000 TL,35000
Karşıyaka,3+1,35.000 TL,35000
Karşıyaka,3+1,35.000 TL,35000
Aliağa,3+1,35.000 TL,35000
Foça,3+1,35.000 TL,35000
Karşıyaka,3+1,35.000 TL,35000
Bornova,3+1,35.000 TL,35000
Menderes,2+1,35.000 TL,35000
Buca,3+1,35.000 TL,35000
Urla,1+1,35.000 TL,35000
Menemen,3+1,35.000 TL,35000
Buca,3+1,35.000 TL,35000
Selçuk,3+1,35.000 TL,35000
Bornova,3+1,35.000 TL,35000
Bornova,3+1,35.000 TL,35000
Konak,3+1,35.000 TL,35000
Karşıyaka,3+1,35.000 TL,35000
Balçova,2+1,35.000 TL,35000
Konak,3+1,35.000 TL,35000
Bornova,2+1,35.000 TL,35000
Çiğli,1+1,35.000 TL,35000
Karşıyaka,3+1,35.000 TL,35000
Aliağa,2+1,35.000 TL,35000
Karşıyaka,3+1,35.000 TL,35000
Çiğli,1+1,35.000 TL,35000
Menemen,3+1,35.000 TL,35000
Buca,3+1,35.000 TL,35000
Karşıyaka,3+1,35.000 TL,35000
Balçova,2+1,35.000 TL,35000
Bornova,Stüdyo (1+0),35.000 TL,35000
Karabağlar,2+1,35.000 TL,35000
Çeşme,2+1,35.000 TL,35000
Balçova,1+1,35.000 TL,35000
Bornova,2+1,35.000 TL,35000
Karşıyaka,1+1,35.000 TL,35000
Bornova,1+1,35.000 TL,35000
Balçova,2+1,35.000 TL,35000
Konak,3+1,35.000 TL,35000
Karabağlar,3+1,35.000 TL,35000
Çiğli,1+1,35.000 TL,35000
Buca,2+1,35.000 TL,35000
Menemen,3+1,35.000 TL,35000
Karşıyaka,1+1,35.000 TL,35000
Karşıyaka,3+1,35.000 TL,35000
Menderes,3+1,35.000 TL,35000
Karşıyaka,3+1,35.000 TL,35000
Menderes,2+1,35.000 TL,35000
Karşıyaka,2+1,35.000 TL,35000
Karşıyaka,3+1,35.000 TL,35000
Buca,2+1,35.000 TL,35000
Karşıyaka,2+1,35.000 TL,35000
Ödemiş,3+1,35.000 TL,35000
Gaziemir,2+1,35.000 TL,35000
Bornova,1+1,35.000 TL,35000
Çiğli,3+1,35.000 TL,35000
Karşıyaka,3+1,35.000 TL,35000
Urla,2+1,35.000 TL,35000
Urla,1+1,35.000 TL,35000
Karşıyaka,1+1,35.000 TL,35000
Çiğli,2+1,35.000 TL,35000
Bornova,2+1,35.000 TL,35000
Urla,2+1,35.000 TL,35000
Menemen,5+1,35.000 TL,35000
Çiğli,1+1,35.000 TL,35000
Çiğli,3+1,35.000 TL,35000
Torbalı,3+1,35.000 TL,35000
Narlıdere,1+1,35.000 TL,35000
Balçova,1+1,35.000 TL,35000
Konak,3+1,35.000 TL,35000
Buca,2+1,35.000 TL,35000
Karşıyaka,3+1,35.000 TL,35000
Karşıyaka,2+1,35.000 TL,35000
Seferihisar,1.5+1,35.000 TL,35000
Karşıyaka,2+1,35.000 TL,35000
Bayraklı,3+1,35.000 TL,35000
Buca,3+1,35.000 TL,35000
Çiğli,1+1,35.000 TL,35000
Bayraklı,3+1,35.000 TL,35000
Güzelbahçe,2+1,35.000 TL,35000
Balçova,3+1,35.000 TL,35000
Bornova,2+1,35.000 TL,35000
Menemen,3+1,35.000 TL,35000
Bornova,2+1,35.000 TL,35000
Karabağlar,3+1,35.000 TL,35000
Konak,2+1,35.000 TL,35000
Balçova,1+1,35.000 TL,35000
Konak,2+1,35.000 TL,35000
Bornova,2+1,35.000 TL,35000
Buca,3+1,35.000 TL,35000
Karşıyaka,3+1,35.000 TL,35000
Bornova,1+1,35.000 TL,35000
Konak,2+1,35.000 TL,35000
Urla,1+1,35.000 TL,35000
Karabağlar,2+1,35.000 TL,35000
Konak,1+1,35.000 TL,35000
Karaburun,3+1,35.000 TL,35000
Buca,3+1,35.000 TL,35000
Buca,3+1,35.000 TL,35000
Buca,2+1,35.000 TL,35000
Gaziemir,3+1,35.000 TL,35000
Bayraklı,1+1,35.000 TL,35000
Menderes,2+1,35.000 TL,35000
Menemen,2+1,35.000 TL,35000
Karşıyaka,1+1,35.000 TL,35000
Karabağlar,3+1,35.000 TL,35000
Çiğli,3+1,35.000 TL,35000
Urla,1+1,35.000 TL,35000
Buca,3+1,35.000 TL,35000
Çiğli,2+1,35.000 TL,35000
Balçova,1+1,35.000 TL,35000
Konak,3+1,35.000 TL,35000
Konak,1+1,35.000 TL,35000
Menemen,2+1,35.000 TL,35000
Karşıyaka,1+1,35.000 TL,35000
Çiğli,1+1,35.000 TL,35000
Karşıyaka,2+1,35.000 TL,35000
Balçova,1+1,35.000 TL,35000
Balçova,1+1,35.000 TL,35000
Foça,3+1,35.000 TL,35000
Selçuk,1+1,35.000 TL,35000
Bornova,1+1,35.000 TL,35000
Çeşme,2+1,35.000 TL,35000
Bornova,2+1,35.000 TL,35000
Bornova,1+1,35.000 TL,35000
Bornova,3+1,35.000 TL,35000
Balçova,2+1,35.000 TL,35000
Konak,2+1,35.000 TL,35000
Urla,1+1,35.000 TL,35000
Bornova,2+1,35.000 TL,35000
Karşıyaka,3+1,35.000 TL,35000
Bornova,1+1,35.000 TL,35000
Menderes,3+1,35.000 TL,35000
Gaziemir,3+1,35.000 TL,35000
Seferihisar,2+1,35.000 TL,35000
Karşıyaka,2+1,35.000 TL,35000
Menemen,3+1,35.000 TL,35000
Çiğli,1+1,35.000 TL,35000
Buca,2+1,35.000 TL,35000
Buca,2+1,35.000 TL,35000
Dikili,2+1,35.000 TL,35000
Bornova,1+1,35.000 TL,35000
Konak,1+1,35.000 TL,35000
Karşıyaka,1+1,35.000 TL,35000
Karşıyaka,3+1,35.000 TL,35000
Karabağlar,3+1,35.000 TL,35000
Çiğli,1+1,35.000 TL,35000
Konak,1+1,35.000 TL,35000
Bornova,3+1,35.000 TL,35000
Karşıyaka,2+1,35.000 TL,35000
Menderes,2+1,35.000 TL,35000
Bornova,3+1,35.000 TL,35000
Bornova,4+2,35.000 TL,35000
Bayraklı,3+1,35.000 TL,35000
Gaziemir,1+1,35.000 TL,35000
Karşıyaka,3+1,35.000 TL,35000
Seferihisar,2+1,35.000 TL,35000
Bornova,2+1,35.000 TL,35000
Urla,2+1,35.000 TL,35000
Karşıyaka,3+1,35.000 TL,35000
Menderes,3+1,35.000 TL,35000
Çiğli,1+1,35.000 TL,35000
Konak,1+1,35.000 TL,35000
Çiğli,1+1,35.000 TL,35000
Çiğli,3+1,35.000 TL,35000
Karşıyaka,1+1,35.000 TL,35000
Bornova,1+1,35.000 TL,35000
Karşıyaka,2+1,35.000 TL,35000
Karabağlar,2+1,35.000 TL,35000
Karabağlar,3+1,35.000 TL,35000
Urla,2+1,35.000 TL,35000
Çeşme,2+1,35.000 TL,35000
Bayraklı,3+1,35.000 TL,35000
Karşıyaka,2+1,35.000 TL,35000
Konak,2+1,35.000 TL,35000
Çiğli,3+1,35.000 TL,35000
Ödemiş,3+1,35.000 TL,35000
Balçova,2+1,35.000 TL,35000
Buca,3+1,35.000 TL,35000
Kemalpaşa,1+1,35.000 TL,35000
Bornova,2+1,35.000 TL,35000
Buca,3+1,35.000 TL,35000
Bayraklı,2+1,35.000 TL,35000
Bornova,1+1,35.000 TL,35000
Buca,3+1,35.000 TL,35000
Karşıyaka,3+1,35.000 TL,35000
Karşıyaka,3+1,35.000 TL,35000
Bornova,3+1,35.000 TL,35000
Bornova,3+1,35.000 TL,35000
Bornova,3+1,35.000 TL,35000
Konak,2+1,35.000 TL,35000
Karabağlar,3+1,35.000 TL,35000
Çiğli,1+1,35.000 TL,35000
Bornova,2+1,35.000 TL,35000
Çiğli,3+1,35.000 TL,35000
Karabağlar,3+1,35.000 TL,35000
Çeşme,2+1,35.000 TL,35000
Bornova,1+1,35.000 TL,35000
Çiğli,1+1,35.000 TL,35000
Karabağlar,3+1,35.000 TL,35000
Konak,2+1,35.000 TL,35000
Buca,3+1,35.000 TL,35000
Foça,3+1,35.000 TL,35000
Çiğli,2+0,35.000 TL,35000
Karaburun,3+1,35.000 TL,35000
Karşıyaka,3+1,35.000 TL,35000
Menderes,2+1,35.000 TL,35000
Foça,3+1,35.000 TL,35000
Çiğli,3+1,35.000 TL,35000
Karşıyaka,2+1,35.000 TL,35000
Karabağlar,2+1,35.000 TL,35000
Balçova,3+1,35.000 TL,35000
Karabağlar,3+1,35.000 TL,35000
Menemen,3+1,35.000 TL,35000
Karşıyaka,3+1,35.000 TL,35000
Buca,3+1,35.000 TL,35000
Karşıyaka,3+1,35.000 TL,35000
Bornova,3+1,35.000 TL,35000
Aliağa,2+1,35.000 TL,35000
Çiğli,2+1,35.000 TL,35000
Konak,1+1,35.000 TL,35000
Karabağlar,2+1,35.000 TL,35000
Tire,1+1,35.000 TL,35000
Konak,3+1,35.000 TL,35000
Karşıyaka,2+1,35.000 TL,35000
Buca,3+1,35.000 TL,35000
Urla,3+1,35.000 TL,35000
Menderes,2+1,35.000 TL,35000
Menemen,2+1,35.000 TL,35000
Karşıyaka,3+1,35.000 TL,35000
Çiğli,3+1,35.000 TL,35000
Çiğli,1+1,35.000 TL,35000
Menemen,3+1,35.000 TL,35000
Konak,2+1,35.000 TL,35000
Konak,3+1,35.000 TL,35000
Narlıdere,1+1,35.000 TL,35000
Dikili,3+0,35.000 TL,35000
Kemalpaşa,3+1,35.000 TL,35000
Karşıyaka,2+1,35.000 TL,35000
Balçova,2+1,35.000 TL,35000
Bornova,3+1,35.000 TL,35000
Selçuk,3+1,35.000 TL,35000
Konak,1+1,35.000 TL,35000
Karşıyaka,3+1,35.000 TL,35000
Karabağlar,2+1,35.000 TL,35000
Karşıyaka,1+1,35.000 TL,35000
Çiğli,1+1,35.000 TL,35000
Konak,2+1,35.000 TL,35000
Aliağa,2+1,35.000 TL,35000
Karşıyaka,3+1,35.000 TL,35000
Menemen,2.5+1,35.000 TL,35000
Karşıyaka,2+1,35.000 TL,35000
Bayraklı,3+1,35.000 TL,35000
Konak,3+1,35.000 TL,35000
Balçova,3+1,35.000 TL,35000
Bornova,3+1,35.000 TL,35000
Karşıyaka,Stüdyo (1+0),35.000 TL,35000
Bayraklı,3+1,35.000 TL,35000
Konak,2+1,35.000 TL,35000
Narlıdere,2+1,35.000 TL,35000
Narlıdere,1+1,35.000 TL,35000
Aliağa,2+1,35.000 TL,35000
Seferihisar,1+1,35.000 TL,35000
Konak,2+1,35.000 TL,35000
Çeşme,2+1,35.000 TL,35000
Karşıyaka,1+1,35.000 TL,35000
Karabağlar,2+1,35.000 TL,35000
Karabağlar,3+1,35.000 TL,35000
Bornova,3+1,35.000 TL,35000
Bayraklı,2+1,35.000 TL,35000
Balçova,2+1,35.000 TL,35000
Karaburun,2+1,35.000 TL,35000
Torbalı,3+1,35.000 TL,35000
Bornova,1+1,35.000 TL,35000
Menderes,5+1,35.000 TL,35000
Buca,3+1,35.000 TL,35000
Bornova,2+1,35.000 TL,35000
Narlıdere,3+1,35.000 TL,35000
Konak,2+1,35.000 TL,35000
Karşıyaka,3+1,34.999 TL,34999
Bayraklı,3+1,35.000 TL,35000
Karabağlar,3+1,35.000 TL,35000
Menderes,1+1,35.000 TL,35000
Menderes,1+1,35.000 TL,35000
Karşıyaka,2+1,35.000 TL,35000
Karşıyaka,3+1,35.000 TL,35000
Çiğli,2+1,35.000 TL,35000
Karşıyaka,3+1,35.000 TL,35000
Bornova,3+1,35.000 TL,35000
Menderes,3+1,35.000 TL,35000
Bornova,1+1,35.000 TL,35000
Buca,2+1,35.000 TL,35000
Konak,3+1,35.000 TL,35000
Bornova,3+1,35.000 TL,35000
Bornova,3+1,35.000 TL,35000
Bornova,1+1,35.000 TL,35000
Bornova,3+1,35.000 TL,35000
Gaziemir,1+1,35.000 TL,35000
Karşıyaka,2+1,35.000 TL,35000
Bayraklı,3.5+1,35.000 TL,35000
Karşıyaka,1+1,35.000 TL,35000
Buca,2+1,35.000 TL,35000
Balçova,3+1,35.000 TL,35000
Menemen,3+1,35.000 TL,35000
Aliağa,2+1,35.000 TL,35000
Torbalı,3+1,35.000 TL,35000
Çiğli,1+1,35.000 TL,35000
Bornova,1+1,35.000 TL,35000
Narlıdere,3+1,35.000 TL,35000
Karşıyaka,3+1,35.000 TL,35000
Karşıyaka,2+1,35.000 TL,35000
Bornova,1+1,35.000 TL,35000
Bornova,3+1,35.000 TL,35000
Çeşme,1+1,35.000 TL,35000
Torbalı,4+1,35.000 TL,35000
Seferihisar,2+1,35.000 TL,35000
Karşıyaka,2+1,35.000 TL,35000
Güzelbahçe,1+1,35.000 TL,35000
Urla,2+1,35.000 TL,35000
Bayraklı,1+1,35.000 TL,35000
Buca,3+1,35.000 TL,35000
Karşıyaka,2+1,35.000 TL,35000
Bornova,3+1,35.000 TL,35000
Bayraklı,3+1,35.000 TL,35000
Bornova,3+1,35.000 TL,35000
Buca,4+1,35.000 TL,35000
Karabağlar,2+1,35.000 TL,35000
Çeşme,2+1,35.000 TL,35000
Buca,4+1,35.000 TL,35000
Bayraklı,3+1,35.000 TL,35000
Bornova,3+1,35.000 TL,35000
Karaburun,3+1,35.000 TL,35000
Karşıyaka,3+1,35.000 TL,35000
Bayraklı,3+1,35.000 TL,35000
Karşıyaka,3+1,35.000 TL,35000
Çeşme,3+1,35.000 TL,35000
Karabağlar,3+1,35.000 TL,35000
Karşıyaka,3+1,35.000 TL,35000
Bornova,3+1,35.000 TL,35000
Bayraklı,2+1,35.000 TL,35000
Seferihisar,2+1,35.000 TL,35000
Çeşme,1+1,35.000 TL,35000
Çiğli,2+1,35.000 TL,35000
Çiğli,1+1,35.000 TL,35000
Konak,2+1,35.000 TL,35000
Menderes,3+1,35.000 TL,35000
Bornova,1+1,35.000 TL,35000
Bornova,1+1,35.000 TL,35000
Aliağa,2+1,35.000 TL,35000
Konak,2+1,35.000 TL,35000
Buca,2+1,35.000 TL,35000
Konak,2+1,35.000 TL,35000
Balçova,3+1,35.000 TL,35000
Karabağlar,2+1,35.000 TL,35000
Bornova,3+1,35.000 TL,35000
Karşıyaka,2+1,35.000 TL,35000
Karşıyaka,2+1,35.000 TL,35000
Narlıdere,1+1,35.000 TL,35000
Konak,3+1,35.000 TL,35000
Bornova,2+1,35.000 TL,35000
Çeşme,1+1,35.000 TL,35000
Bayraklı,3+1,35.000 TL,35000
Seferihisar,1+1,35.000 TL,35000
Bornova,1+1,35.000 TL,35000
Buca,3+1,35.000 TL,35000
Urla,2+1,35.000 TL,35000
Balçova,3+1,35.000 TL,35000
Buca,2+1,35.000 TL,35000
Balçova,3+1,35.000 TL,35000
Menemen,3+1,35.000 TL,35000
Karşıyaka,3+1,35.000 TL,35000
Çeşme,1+1,35.000 TL,35000
Konak,2+1,35.000 TL,35000
Dikili,3+1,35.000 TL,35000
Karşıyaka,2.5+1,35.000 TL,35000
Karşıyaka,1+1,35.000 TL,35000
Konak,3+1,35.000 TL,35000
Bornova,3+1,35.000 TL,35000
Konak,2+1,35.000 TL,35000
Buca,2+1,35.000 TL,35000
Karşıyaka,4+1,35.000 TL,35000
Karşıyaka,2+1,35.000 TL,35000
Çeşme,2+1,35.000 TL,35000
Karşıyaka,3+1,35.000 TL,35000
Bornova,3+1,35.000 TL,35000
Çiğli,1+1,35.000 TL,35000
Bornova,3+1,35.000 TL,35000
Urla,1+1,35.000 TL,35000
Konak,3+1,35.000 TL,35000
Menemen,3+1,35.000 TL,35000
Balçova,4+1,35.000 TL,35000
Gaziemir,3+1,35.000 TL,35000
Menemen,3+1,35.000 TL,35000
Urla,Stüdyo (1+0),35.000 TL,35000
Menemen,2+1,35.000 TL,35000
Karşıyaka,3+1,35.000 TL,35000
Bornova,3+1,35.000 TL,35000
Seferihisar,2+1,35.000 TL,35000
Çiğli,3+1,35.000 TL,35000
Urla,2+1,35.000 TL,35000
Bayraklı,3+1,35.000 TL,35000
Narlıdere,3+1,35.500 TL,35500
Bornova,1+1,35.500 TL,35500
Narlıdere,2+1,35.500 TL,35500
Çiğli,2+1,35.500 TL,35500
Urla,1+1,35.500 TL,35500
Aliağa,4+1,35.500 TL,35500
Çiğli,2+1,35.500 TL,35500
Tire,3+1,35.500 TL,35500
Tire,3+1,35.500 TL,35500
Karşıyaka,3+1,35.500 TL,35500
Bornova,1+1,35.500 TL,35500
Karşıyaka,4+1,35.500 TL,35500
Çiğli,3+1,35.500 TL,35500
Bornova,1+1,35.500 TL,35500
Kemalpaşa,3+1,35.500 TL,35500
Bornova,2+1,35.500 TL,35500
Çiğli,1+1,35.500 TL,35500
Menderes,3+1,35.500 TL,35500
Karşıyaka,1+1,35.500 TL,35500
Urla,2+1,35.500 TL,35500
Karşıyaka,3+1,35.500 TL,35500
Konak,1+1,35.500 TL,35500
Çiğli,1+1,35.500 TL,35500
Karabağlar,3+1,35.500 TL,35500
Balçova,2+1,35.500 TL,35500
Buca,3+1,35.500 TL,35500
Çiğli,3+1,35.500 TL,35500
Menemen,3+1,35.500 TL,35500
Bornova,1+1,35.500 TL,35500
Balçova,1+1,36.000 TL,36000
Çiğli,1+1,36.000 TL,36000
Karşıyaka,3+1,36.000 TL,36000
Bornova,1+1,36.000 TL,36000
Seferihisar,2+1,36.000 TL,36000
Konak,2+1,36.000 TL,36000
Balçova,2+1,36.000 TL,36000
Buca,3+1,36.000 TL,36000
Bornova,1+1,36.000 TL,36000
Karşıyaka,2+1,36.000 TL,36000
Karabağlar,3+1,36.000 TL,36000
Urla,2+1,36.000 TL,36000
Karşıyaka,3+1,36.000 TL,36000
Bornova,1+1,36.000 TL,36000
Güzelbahçe,2+1,36.000 TL,36000
Karşıyaka,1+1,36.000 TL,36000
Karabağlar,3+1,36.000 TL,36000
Karabağlar,3+1,36.000 TL,36000
Balçova,3+1,36.000 TL,36000
Konak,2+1,36.000 TL,36000
Konak,3+1,36.000 TL,36000
Bayraklı,3+1,36.000 TL,36000
Konak,3+1,36.000 TL,36000
Karşıyaka,2+1,36.000 TL,36000
Karabağlar,3+1,36.000 TL,36000
Karşıyaka,3+1,36.000 TL,36000
Karaburun,2+1,36.000 TL,36000
Aliağa,3+1,36.000 TL,36000
Tire,4+1,36.000 TL,36000
Bornova,1+1,36.000 TL,36000
Karşıyaka,3+1,36.000 TL,36000
Menderes,3+1,36.000 TL,36000
Karşıyaka,1+1,36.000 TL,36000
Konak,3+1,36.000 TL,36000
Urla,2+1,36.000 TL,36000
Karşıyaka,3+1,36.000 TL,36000
Karşıyaka,1+1,36.000 TL,36000
Çiğli,3+1,36.000 TL,36000
Balçova,3+1,36.000 TL,36000
Menderes,3+1,36.000 TL,36000
Balçova,3+1,36.000 TL,36000
Narlıdere,1+1,36.000 TL,36000
Karşıyaka,3+1,36.000 TL,36000
Urla,2+1,36.000 TL,36000
Karşıyaka,3+1,36.000 TL,36000
Gaziemir,2+1,36.000 TL,36000
Çiğli,3+1,36.000 TL,36000
Menemen,2.5+1,36.000 TL,36000
Balçova,1+1,36.000 TL,36000
Karşıyaka,3+1,36.000 TL,36000
Karabağlar,3+1,36.000 TL,36000
Konak,3+1,36.000 TL,36000
Karşıyaka,3+1,36.000 TL,36000
Karşıyaka,2+1,36.000 TL,36000
Bornova,2+1,36.000 TL,36000
Karşıyaka,3+1,36.000 TL,36000
Karşıyaka,2+1,36.000 TL,36000
Balçova,2+1,36.000 TL,36000
Bornova,1+1,36.000 TL,36000
Bornova,3+1,36.000 TL,36000
Buca,3+1,36.000 TL,36000
Karşıyaka,3+1,36.000 TL,36000
Karşıyaka,2+1,36.000 TL,36000
Karabağlar,3+1,36.000 TL,36000
Balçova,2+1,36.000 TL,36000
Aliağa,4+1,36.000 TL,36000
Bornova,1+1,36.000 TL,36000
Konak,2+1,36.000 TL,36000
Konak,1+1,36.000 TL,36000
Menderes,2+1,36.000 TL,36000
Bornova,2+1,36.000 TL,36000
Bornova,1+1,36.000 TL,36000
Torbalı,3+1,36.000 TL,36000
Menderes,2+1,36.000 TL,36000
Bornova,2+1,36.000 TL,36000
Karşıyaka,1+1,36.000 TL,36000
Karşıyaka,3+1,36.000 TL,36000
Çiğli,2+1,36.000 TL,36000
Konak,2+1,36.000 TL,36000
Karşıyaka,2+1,36.000 TL,36000
Seferihisar,3+1,36.000 TL,36000
Karşıyaka,3+1,36.000 TL,36000
Konak,2+1,36.000 TL,36000
Karşıyaka,2+1,36.000 TL,36000
Gaziemir,2+1,36.000 TL,36000
Gaziemir,1+1,36.000 TL,36000
Balçova,1+1,36.000 TL,36000
Balçova,3+1,36.000 TL,36000
Aliağa,3+1,36.000 TL,36000
Konak,1+1,36.000 TL,36000
Karşıyaka,2+1,36.000 TL,36000
Karabağlar,2+1,36.000 TL,36000
Seferihisar,3+1,36.000 TL,36000
Bornova,2+1,36.000 TL,36000
Seferihisar,3+1,36.000 TL,36000
Karabağlar,3+1,36.000 TL,36000
Karabağlar,3+1,36.000 TL,36000
Karabağlar,3+1,36.000 TL,36000
Konak,3+1,36.000 TL,36000
Menemen,3+1,36.000 TL,36000
Konak,3+1,36.000 TL,36000
Bornova,3.5+1,36.000 TL,36000
Karşıyaka,3+1,36.000 TL,36000
Menemen,3+1,36.000 TL,36000
Bayraklı,3+1,36.000 TL,36000
Bayraklı,3+1,36.000 TL,36000
Kemalpaşa,2+1,36.000 TL,36000
Karabağlar,3+1,36.000 TL,36000
Çiğli,1+1,36.000 TL,36000
Karabağlar,3+1,36.000 TL,36000
Karşıyaka,3+1,36.000 TL,36000
Balçova,3+1,36.000 TL,36000
Bornova,2+1,36.000 TL,36000
Karşıyaka,1+1,36.000 TL,36000
Çiğli,3+1,36.000 TL,36000
Balçova,4+1,36.000 TL,36000
Karabağlar,2+1,36.000 TL,36000
Gaziemir,3+1,36.000 TL,36000
Narlıdere,3+1,36.000 TL,36000
Bayraklı,3+1,36.000 TL,36000
Karşıyaka,3+1,36.000 TL,36000
Urla,2+1,36.000 TL,36000
Karşıyaka,3+1,36.000 TL,36000
Karşıyaka,1+1,36.000 TL,36000
Bornova,2+1,36.000 TL,36000
Konak,Stüdyo (1+0),36.000 TL,36000
Balçova,2+1,36.000 TL,36000
Karşıyaka,3+1,36.000 TL,36000
Gaziemir,3+1,36.000 TL,36000
Konak,3+1,36.000 TL,36000
Karşıyaka,3+1,36.000 TL,36000
Çiğli,1+1,36.000 TL,36000
Bayraklı,3+1,36.000 TL,36000
Çiğli,3+1,35.750 TL,35750
Bornova,1+1,36.000 TL,36000
Narlıdere,2+1,36.000 TL,36000
Bornova,1+1,36.000 TL,36000
Karşıyaka,2+1,36.000 TL,36000
Buca,3+1,36.000 TL,36000
Karşıyaka,1+1,36.000 TL,36000
Karşıyaka,2+1,36.000 TL,36000
Bornova,3+1,35.750 TL,35750
Buca,3+1,36.000 TL,36000
Karşıyaka,2+1,36.000 TL,36000
Bayraklı,3+1,36.000 TL,36000
Buca,3+1,36.000 TL,36000
Balçova,2+1,36.000 TL,36000
Karşıyaka,3+1,36.000 TL,36000
Bornova,1+1,36.000 TL,36000
Menemen,3+1,36.000 TL,36000
Buca,3+1,36.000 TL,36000
Aliağa,2+1,36.000 TL,36000
Konak,2+1,36.000 TL,36000
Bornova,1+1,36.000 TL,36000
Güzelbahçe,2+1,36.000 TL,36000
Karşıyaka,3+1,36.000 TL,36000
Çiğli,1+1,36.000 TL,36000
Bayraklı,3+1,36.000 TL,36000
Konak,3+1,36.000 TL,36000
Narlıdere,1+1,36.000 TL,36000
Karaburun,1+1,36.000 TL,36000
Narlıdere,1+1,36.000 TL,36000
Konak,2+1,36.000 TL,36000
Çiğli,3+1,36.000 TL,36000
Karşıyaka,3+1,36.000 TL,36000
Buca,3+1,36.000 TL,36000
Karşıyaka,3+1,36.000 TL,36000
Tire,3+1,36.000 TL,36000
Urla,2+1,36.000 TL,36000
Bornova,1+1,35.750 TL,35750
Karabağlar,3+1,36.000 TL,36000
Karşıyaka,1+1,36.000 TL,36000
Urla,2+1,36.000 TL,36000
Bornova,Stüdyo (1+0),36.000 TL,36000
Bornova,3+1,36.000 TL,36000
Urla,1+1,36.000 TL,36000
Urla,1+1,36.000 TL,36000
Menderes,3+1,36.000 TL,36000
Konak,2+1,36.000 TL,36000
Narlıdere,2+1,36.000 TL,36000
Balçova,3+1,36.000 TL,36000
Torbalı,3+1,36.000 TL,36000
Karşıyaka,2+1,36.000 TL,36000
Çiğli,3+1,36.000 TL,36000
Gaziemir,1+1,36.000 TL,36000
Menderes,3+1,36.000 TL,36000
Torbalı,3+1,36.000 TL,36000
Torbalı,3+1,36.000 TL,36000
Karşıyaka,1+1,36.000 TL,36000
Bornova,3+1,36.000 TL,36000
Bornova,1+1,36.000 TL,36000
Karşıyaka,2+1,36.000 TL,36000
Karabağlar,3+1,36.000 TL,36000
Bayraklı,3+1,36.000 TL,36000
Karşıyaka,2+1,36.000 TL,36000
Karşıyaka,2+1,36.000 TL,36000
Bornova,1+1,36.000 TL,36000
Gaziemir,2+1,36.000 TL,36000
Konak,2+1,36.000 TL,36000
Urla,3+1,36.000 TL,36000
Dikili,5+1,36.000 TL,36000
Bornova,3+1,36.000 TL,36000
Güzelbahçe,2+1,36.000 TL,36000
Menemen,3+1,36.000 TL,36000
Karşıyaka,3+1,36.000 TL,36000
Karşıyaka,1+1,36.000 TL,36000
Bornova,Stüdyo (1+0),36.000 TL,36000
Bornova,1+1,36.000 TL,36000
Karşıyaka,3+1,37.000 TL,37000
Balçova,3+1,36.500 TL,36500
Karabağlar,3+1,37.000 TL,37000
Karşıyaka,1+1,37.000 TL,37000
Buca,2+1,37.000 TL,37000
Konak,1+1,37.000 TL,37000
Buca,3+1,37.000 TL,37000
Karşıyaka,1+1,37.000 TL,37000
Karşıyaka,3+1,36.500 TL,36500
Karşıyaka,3+1,37.000 TL,37000
Çeşme,1+1,37.000 TL,37000
Torbalı,3+1,37.000 TL,37000
Narlıdere,2+1,36.500 TL,36500
Gaziemir,3+1,37.000 TL,37000
Karşıyaka,4+1,37.000 TL,37000
Karşıyaka,3+1,36.500 TL,36500
Çiğli,3+1,36.500 TL,36500
Urla,1+1,37.000 TL,37000
Kemalpaşa,3+1,37.000 TL,37000
Balçova,1+1,37.000 TL,37000
Konak,Stüdyo (1+0),37.000 TL,37000
Menemen,3+1,37.000 TL,37000
Karşıyaka,3+1,37.000 TL,37000
Çiğli,1+1,37.000 TL,37000
Menderes,3+1,37.000 TL,37000
Karşıyaka,3+1,37.000 TL,37000
Menderes,3+1,37.000 TL,37000
Kemalpaşa,2+1,37.000 TL,37000
Çiğli,3+1,36.500 TL,36500
Menderes,3+1,37.000 TL,37000
Bornova,1+1,37.000 TL,37000
Buca,2+1,37.000 TL,37000
Karşıyaka,2+1,37.000 TL,37000
Konak,3+1,37.000 TL,37000
Karabağlar,3+1,37.000 TL,37000
Menderes,3+1,37.000 TL,37000
Çiğli,3+1,37.000 TL,37000
Menderes,3+1,37.000 TL,37000
Tire,3+1,37.000 TL,37000
Karşıyaka,1+1,37.000 TL,37000
Buca,3+1,37.000 TL,37000
Buca,2+1,37.000 TL,37000
Seferihisar,2+1,37.000 TL,37000
Bayraklı,3+1,37.000 TL,37000
Bayraklı,3+1,37.000 TL,37000
Balçova,1+1,37.000 TL,37000
Menemen,2+1,36.500 TL,36500
Çiğli,3+1,37.000 TL,37000
Seferihisar,2+1,37.000 TL,37000
Karabağlar,3+1,36.500 TL,36500
Bayraklı,3+1,37.000 TL,37000
Urla,1+1,37.000 TL,37000
Gaziemir,3+1,37.000 TL,37000
Karşıyaka,1+1,37.000 TL,37000
Buca,3+1,37.000 TL,37000
Karşıyaka,2+1,37.000 TL,37000
Kemalpaşa,2+1,36.500 TL,36500
Karşıyaka,3+1,37.000 TL,37000
Karşıyaka,2+1,37.000 TL,37000
Karabağlar,3+1,37.000 TL,37000
Bayraklı,3+1,37.000 TL,37000
Çiğli,3+1,37.000 TL,37000
Buca,2+1,37.000 TL,37000
Çiğli,3+1,36.500 TL,36500
Karabağlar,3+1,37.000 TL,37000
Gaziemir,3+1,37.000 TL,37000
Seferihisar,3+1,37.000 TL,37000
Balçova,3+1,37.000 TL,37000
Bornova,2+1,37.000 TL,37000
Tire,4+1,37.000 TL,37000
Konak,2+1,37.000 TL,37000
Karşıyaka,3+1,37.000 TL,37000
Karşıyaka,3+1,37.000 TL,37000
Karşıyaka,3+1,36.500 TL,36500
Bornova,1+1,37.000 TL,37000
Karşıyaka,3+1,37.000 TL,37000
Torbalı,3+1,37.000 TL,37000
Gaziemir,2+1,37.000 TL,37000
Karabağlar,3+1,37.000 TL,37000
Seferihisar,2+1,37.000 TL,37000
Torbalı,3+1,37.000 TL,37000
Karabağlar,3+1,37.000 TL,37000
Konak,2+1,37.000 TL,37000
Çeşme,2+1,37.000 TL,37000
Narlıdere,2+1,36.500 TL,36500
Karşıyaka,2+1,37.000 TL,37000
Karşıyaka,3+1,37.000 TL,37000
Karabağlar,3+1,37.000 TL,37000
Bornova,1+1,36.500 TL,36500
Karşıyaka,3+1,37.000 TL,37000
Balçova,2+1,37.000 TL,37000
Seferihisar,3+1,37.000 TL,37000
Karşıyaka,2+1,37.000 TL,37000
Karşıyaka,1+1,36.500 TL,36500
Karşıyaka,1+1,37.000 TL,37000
Konak,Stüdyo (1+0),37.000 TL,37000
Karşıyaka,3+1,36.500 TL,36500
Seferihisar,2+1,37.000 TL,37000
Karşıyaka,1+1,37.000 TL,37000
Karşıyaka,2+1,37.000 TL,37000
Menderes,3+1,37.000 TL,37000
Menderes,3+1,37.000 TL,37000
Karşıyaka,3+1,37.000 TL,37000
Çeşme,2+1,37.000 TL,37000
Balçova,3+1,37.000 TL,37000
Buca,3+1,37.000 TL,37000
Karşıyaka,3+1,37.000 TL,37000
Karşıyaka,2+1,37.000 TL,37000
Karşıyaka,3+1,37.000 TL,37000
Balçova,2+1,37.000 TL,37000
Karşıyaka,3+1,37.000 TL,37000
Seferihisar,2+1,37.000 TL,37000
Karşıyaka,2+1,37.000 TL,37000
Menemen,3+1,37.000 TL,37000
Bayraklı,3+1,37.000 TL,37000
Torbalı,3+1,36.500 TL,36500
Gaziemir,3+1,37.000 TL,37000
Menemen,3+1,37.000 TL,37000
Çiğli,1+1,36.250 TL,36250
Menemen,3+1,37.000 TL,37000
Karaburun,2+1,37.000 TL,37000
Karşıyaka,3+1,37.000 TL,37000
Karabağlar,3+1,37.000 TL,37000
Konak,3+1,37.000 TL,37000
Menemen,3+1,37.000 TL,37000
Karşıyaka,2+1,36.500 TL,36500
Karabağlar,2.5+1,37.000 TL,37000
Konak,3+1,37.000 TL,37000
Bornova,3+1,37.000 TL,37000
Karabağlar,3+1,36.500 TL,36500
Konak,3+1,37.000 TL,37000
Buca,2+1,37.000 TL,37000
Konak,3+1,36.500 TL,36500
Karşıyaka,3+1,37.000 TL,37000
Bornova,1+1,37.000 TL,37000
Karşıyaka,2+1,36.500 TL,36500
Çeşme,2+1,37.000 TL,37000
Konak,3+1,37.000 TL,37000
Buca,3+1,37.000 TL,37000
Güzelbahçe,1+1,37.000 TL,37000
Bayraklı,3+1,37.000 TL,37000
Karşıyaka,3+1,37.000 TL,37000
Konak,3+1,37.000 TL,37000
Karabağlar,3+1,37.000 TL,37000
Buca,2+1,36.500 TL,36500
Buca,2+1,37.000 TL,37000
Gaziemir,2+1,37.000 TL,37000
Bayraklı,3+1,37.000 TL,37000
Balçova,2+1,37.000 TL,37000
Karabağlar,3+1,37.000 TL,37000
Konak,1.5+1,37.250 TL,37250
Karşıyaka,2+1,37.000 TL,37000
Bayraklı,3+1,37.000 TL,37000
Bornova,1+1,36.500 TL,36500
Foça,2+1,36.500 TL,36500
Bayraklı,1+1,36.500 TL,36500
Konak,1+1,37.000 TL,37000
Aliağa,5+1,37.000 TL,37000
Menemen,4+1,37.000 TL,37000
Balçova,3+1,37.000 TL,37000
Karşıyaka,3+1,37.000 TL,37000
Bornova,1+1,37.000 TL,37000
Karabağlar,3+1,37.000 TL,37000
Karşıyaka,1+1,37.000 TL,37000
Konak,3+1,36.500 TL,36500
Karşıyaka,3+1,36.500 TL,36500
Narlıdere,1+1,37.000 TL,37000
Karşıyaka,1+1,37.000 TL,37000
Karşıyaka,3+1,36.500 TL,36500
Karşıyaka,3+1,37.000 TL,37000
Kemalpaşa,3+1,37.000 TL,37000
Konak,1+1,37.000 TL,37000
Karabağlar,3+1,36.500 TL,36500
Karşıyaka,3+1,37.000 TL,37000
Konak,2.5+1,37.000 TL,37000
Karşıyaka,3+1,37.000 TL,37000
Karşıyaka,2+1,37.000 TL,37000
Karşıyaka,2+1,37.000 TL,37000
Buca,3+1,37.000 TL,37000
Narlıdere,1+1,37.000 TL,37000
Karşıyaka,3+1,36.500 TL,36500
Çeşme,2+1,37.000 TL,37000
Bornova,1+1,37.000 TL,37000
Güzelbahçe,2+1,36.500 TL,36500
Karabağlar,3+1,37.000 TL,37000
Karşıyaka,2+1,37.000 TL,37000
Urla,2+1,37.000 TL,37000
Çiğli,1+1,36.500 TL,36500
Bornova,1+1,37.000 TL,37000
Konak,1+1,37.000 TL,37000
Konak,Stüdyo (1+0),38.000 TL,38000
Bayraklı,3+1,38.000 TL,38000
Konak,2+1,38.000 TL,38000
Çeşme,2+1,37.500 TL,37500
Urla,2+1,39.000 TL,39000
Bayraklı,3+1,39.000 TL,39000
Bornova,3+1,38.500 TL,38500
Karabağlar,4+1,38.000 TL,38000
Buca,3+1,38.000 TL,38000
Balçova,2+1,37.500 TL,37500
Narlıdere,2+1,37.500 TL,37500
Konak,3+1,37.500 TL,37500
Gaziemir,2+1,38.000 TL,38000
Karşıyaka,3+1,39.500 TL,39500
Karşıyaka,3+1,38.000 TL,38000
Konak,1+1,39.000 TL,39000
Karşıyaka,3+1,38.500 TL,38500
Karşıyaka,3+1,39.000 TL,39000
Karşıyaka,3+1,39.000 TL,39000
Karabağlar,3+1,38.000 TL,38000
Konak,3+1,39.000 TL,39000
Menemen,3+1,38.000 TL,38000
Konak,3+1,38.500 TL,38500
Seferihisar,3+1,39.000 TL,39000
Narlıdere,2+1,38.000 TL,38000
Aliağa,2+1,38.000 TL,38000
Urla,3+1,39.500 TL,39500
Balçova,3+1,38.000 TL,38000
Karşıyaka,1+1,39.000 TL,39000
Torbalı,3+1,38.000 TL,38000
Bayraklı,3+1,38.000 TL,38000
Buca,2+1,38.000 TL,38000
Karşıyaka,2+1,39.750 TL,39750
Karşıyaka,2+1,37.500 TL,37500
Kemalpaşa,3+1,39.000 TL,39000
Çiğli,3+1,38.000 TL,38000
Gaziemir,3+1,38.000 TL,38000
Karşıyaka,2+1,39.500 TL,39500
Seferihisar,3+1,38.000 TL,38000
Karşıyaka,3+1,38.000 TL,38000
Karşıyaka,3+1,38.000 TL,38000
Karşıyaka,3+1,39.000 TL,39000
Urla,1+1,38.000 TL,38000
Konak,2+1,37.500 TL,37500
Karşıyaka,3+1,38.000 TL,38000
Torbalı,3+1,39.500 TL,39500
Karşıyaka,2+1,38.000 TL,38000
Bornova,2+1,37.500 TL,37500
Karşıyaka,3+1,37.500 TL,37500
Karşıyaka,2+1,38.000 TL,38000
Çeşme,1+1,38.000 TL,38000
Karşıyaka,4+2,37.500 TL,37500
Bornova,1+1,38.500 TL,38500
Çiğli,1+1,38.000 TL,38000
Bayraklı,3+1,39.000 TL,39000
Bayraklı,1+1,39.000 TL,39000
Torbalı,4+1,38.000 TL,38000
Karşıyaka,1+1,38.000 TL,38000
Çiğli,3+1,38.000 TL,38000
Bayraklı,3+1,38.000 TL,38000
Bayraklı,3+1,38.000 TL,38000
Bayraklı,3+1,38.000 TL,38000
Buca,3+1,38.000 TL,38000
Karşıyaka,1+1,38.000 TL,38000
Konak,2+1,39.000 TL,39000
Bornova,3+1,38.000 TL,38000
Foça,2+1,39.500 TL,39500
Bornova,1+1,37.500 TL,37500
Gaziemir,3+1,38.000 TL,38000
Güzelbahçe,3+1,39.000 TL,39000
Karşıyaka,3+1,38.000 TL,38000
Narlıdere,3+1,38.000 TL,38000
Seferihisar,4+1,37.500 TL,37500
Karşıyaka,3+1,38.000 TL,38000
Menderes,2+1,38.000 TL,38000
Karabağlar,2+1,37.500 TL,37500
Güzelbahçe,3+1,39.000 TL,39000
Karşıyaka,1+1,38.000 TL,38000
Karşıyaka,3+1,38.000 TL,38000
Bornova,1+1,38.000 TL,38000
Karşıyaka,3+1,38.000 TL,38000
Karşıyaka,3+1,39.000 TL,39000
Konak,Stüdyo (1+0),38.000 TL,38000
Gaziemir,3+1,39.000 TL,39000
Bayraklı,3+1,38.500 TL,38500
Narlıdere,2+1,38.500 TL,38500
Konak,1+1,37.500 TL,37500
Narlıdere,3+1,37.500 TL,37500
Gaziemir,3+1,37.500 TL,37500
Konak,1+1,38.000 TL,38000
Aliağa,2+1,38.000 TL,38000
Buca,2+1,38.000 TL,38000
Konak,3+1,38.000 TL,38000
Narlıdere,2+1,38.000 TL,38000
Aliağa,2+1,38.000 TL,38000
Balçova,2+1,39.000 TL,39000
Karşıyaka,3+1,39.000 TL,39000
Karşıyaka,3+1,38.000 TL,38000
Seferihisar,2+1,39.000 TL,39000
Konak,3+1,38.000 TL,38000
Karşıyaka,1+1,37.500 TL,37500
Gaziemir,3+1,38.000 TL,38000
Bayraklı,3+1,38.000 TL,38000
Karşıyaka,3+1,38.500 TL,38500
Bornova,1+1,38.000 TL,38000
Konak,3+1,38.000 TL,38000
Torbalı,3+1,37.500 TL,37500
Bayraklı,4+1,39.000 TL,39000
Narlıdere,3+1,38.000 TL,38000
Karşıyaka,3+1,38.000 TL,38000
Seferihisar,2.5+1,38.000 TL,38000
Balçova,3+1,38.000 TL,38000
Buca,2+1,38.500 TL,38500
Urla,1+1,38.000 TL,38000
Karabağlar,3+1,37.500 TL,37500
Menderes,3+1,38.000 TL,38000
Menemen,2+1,38.000 TL,38000
Tire,3+1,39.000 TL,39000
Karabağlar,2+1,39.000 TL,39000
Gaziemir,3+1,39.000 TL,39000
Karşıyaka,3+1,38.000 TL,38000
Konak,2+1,38.000 TL,38000
Çiğli,1+1,38.000 TL,38000
Karşıyaka,3+1,38.500 TL,38500
Karşıyaka,2+1,38.000 TL,38000
Konak,3+1,39.000 TL,39000
Balçova,1+1,38.000 TL,38000
Karabağlar,3+1,38.000 TL,38000
Bornova,3+1,37.500 TL,37500
Urla,2+1,38.000 TL,38000
Bornova,1+1,38.000 TL,38000
Urla,2+1,38.000 TL,38000
Balçova,3+1,38.000 TL,38000
Bayraklı,3+1,38.000 TL,38000
Bayraklı,3+1,38.000 TL,38000
Bornova,3+1,38.000 TL,38000
Buca,2+1,37.500 TL,37500
Urla,1+1,38.000 TL,38000
Bayraklı,3+1,39.000 TL,39000
Balçova,3+1,38.000 TL,38000
Gaziemir,2+1,38.000 TL,38000
Bornova,1+1,39.000 TL,39000
Foça,3+1,37.500 TL,37500
Bayraklı,3+1,38.000 TL,38000
Karşıyaka,2+1,37.500 TL,37500
Balçova,3+1,39.000 TL,39000
Çiğli,3+1,38.000 TL,38000
Gaziemir,2+1,38.500 TL,38500
Bayraklı,3+1,39.000 TL,39000
Konak,Stüdyo (1+0),39.000 TL,39000
Çiğli,3+1,38.000 TL,38000
Karşıyaka,2+1,39.000 TL,39000
Torbalı,3+1,37.500 TL,37500
Buca,3+1,38.000 TL,38000
Karşıyaka,3+1,39.000 TL,39000
Balçova,1+1,39.500 TL,39500
Bayraklı,1+1,38.000 TL,38000
Konak,2+1,39.000 TL,39000
Konak,2+1,37.500 TL,37500
Bornova,1+1,38.500 TL,38500
Karşıyaka,1+1,37.500 TL,37500
Bayraklı,2+1,39.000 TL,39000
Çiğli,2+1,39.000 TL,39000
Bornova,1+1,38.000 TL,38000
Bayraklı,3+1,39.000 TL,39000
Karabağlar,3+1,38.000 TL,38000
Karabağlar,3+1,37.500 TL,37500
Konak,3+1,37.500 TL,37500
Karşıyaka,2+1,38.000 TL,38000
Balçova,2+1,39.500 TL,39500
Urla,3+1,38.000 TL,38000
Bayraklı,4+1,39.000 TL,39000
Menemen,2+1,38.000 TL,38000
Konak,3+1,38.000 TL,38000
Seferihisar,3+1,38.000 TL,38000
Karşıyaka,1+1,39.000 TL,39000
Balçova,2+1,37.500 TL,37500
Gaziemir,2+1,38.000 TL,38000
Konak,2+1,38.000 TL,38000
Bayraklı,2+1,37.500 TL,37500
Gaziemir,3+1,37.500 TL,37500
Karşıyaka,3+1,38.000 TL,38000
Karşıyaka,3+1,39.000 TL,39000
Karşıyaka,1+1,39.000 TL,39000
Bornova,1+1,38.000 TL,38000
Aliağa,3+1,39.000 TL,39000
Seferihisar,2+1,38.000 TL,38000
Çiğli,2+1,37.500 TL,37500
Konak,1+1,38.000 TL,38000
Buca,3+1,38.500 TL,38500
Konak,1+1,39.000 TL,39000
Narlıdere,3+1,38.000 TL,38000
Çeşme,2+1,38.000 TL,38000
Gaziemir,2+1,38.000 TL,38000
Karabağlar,1+1,38.000 TL,38000
Bornova,3+1,39.000 TL,39000
Balçova,3+1,39.000 TL,39000
Karşıyaka,3+1,38.000 TL,38000
Karşıyaka,2+1,39.000 TL,39000
Çiğli,1+1,38.000 TL,38000
Konak,2+1,38.000 TL,38000
Karşıyaka,3+1,39.000 TL,39000
Bornova,2+1,38.000 TL,38000
Konak,1+1,38.000 TL,38000
Karabağlar,3+1,38.000 TL,38000
Balçova,2+1,37.500 TL,37500
Urla,2+1,39.000 TL,39000
Bornova,1+1,37.500 TL,37500
Karabağlar,3+1,38.000 TL,38000
Konak,1+1,37.500 TL,37500
Seferihisar,2+1,37.500 TL,37500
Bornova,1+1,39.000 TL,39000
Konak,1+1,38.000 TL,38000
Karşıyaka,3.5+1,37.500 TL,37500
Karabağlar,2+1,37.500 TL,37500
Karşıyaka,1+1,39.000 TL,39000
Bornova,1+1,38.000 TL,38000
Seferihisar,2+1,38.000 TL,38000
Menemen,2+1,38.000 TL,38000
Bornova,2+1,37.500 TL,37500
Gaziemir,2+1,38.000 TL,38000
Karşıyaka,1+1,38.000 TL,38000
Foça,2+1,39.000 TL,39000
Karşıyaka,2+1,37.500 TL,37500
Karşıyaka,2+1,38.000 TL,38000
Menemen,2+1,38.000 TL,38000
Bornova,1+1,38.000 TL,38000
Bayraklı,3+1,38.000 TL,38000
Bornova,1+1,39.000 TL,39000
Bayraklı,3+1,39.000 TL,39000
Bornova,3+1,38.000 TL,38000
Bayraklı,2+1,39.000 TL,39000
Bayraklı,4+1,38.000 TL,38000
Balçova,2+1,38.000 TL,38000
Güzelbahçe,2+1,39.000 TL,39000
Urla,2+1,37.500 TL,37500
Bornova,1+1,37.500 TL,37500
Balçova,3+1,38.000 TL,38000
Balçova,3+1,37.500 TL,37500
Gaziemir,2+1,38.000 TL,38000
Karşıyaka,3+1,38.000 TL,38000
Karşıyaka,3+1,39.000 TL,39000
Konak,2+1,38.700 TL,38700
Karşıyaka,2+1,39.000 TL,39000
Güzelbahçe,1+1,37.500 TL,37500
Bornova,1+1,39.000 TL,39000
Bornova,1+1,38.000 TL,38000
Konak,3+1,39.000 TL,39000
Aliağa,2+1,38.000 TL,38000
Karşıyaka,3+1,39.000 TL,39000
Bornova,1+1,37.500 TL,37500
Seferihisar,3+1,39.000 TL,39000
Menemen,3+1,39.000 TL,39000
Karşıyaka,2+1,38.000 TL,38000
Bayraklı,1+1,38.000 TL,38000
Balçova,3+1,38.500 TL,38500
Buca,3+1,39.000 TL,39000
Konak,3+1,38.000 TL,38000
Bornova,3+1,38.000 TL,38000
Karabağlar,3+1,39.000 TL,39000
Bornova,3+1,38.000 TL,38000
Bornova,1+1,37.500 TL,37500
Çiğli,3+1,38.000 TL,38000
Gaziemir,2+1,38.000 TL,38000
Çiğli,1+1,38.000 TL,38000
Karşıyaka,3+1,38.000 TL,38000
Karşıyaka,3+1,39.000 TL,39000
Bornova,1+1,37.500 TL,37500
Buca,2+1,38.000 TL,38000
Karşıyaka,1+1,37.750 TL,37750
Karşıyaka,2+1,39.500 TL,39500
Tire,3+1,39.000 TL,39000
Bayraklı,3+1,38.000 TL,38000
Bornova,2+1,37.500 TL,37500
Karabağlar,3+1,38.000 TL,38000
Konak,1+1,39.000 TL,39000
Karşıyaka,3+1,37.500 TL,37500
Bayraklı,3+1,38.000 TL,38000
Bayraklı,3+1,38.000 TL,38000
Bornova,3+1,37.500 TL,37500
Kemalpaşa,2+1,39.000 TL,39000
Bayraklı,4+1,38.000 TL,38000
Çiğli,3+1,38.000 TL,38000
Urla,2+1,37.500 TL,37500
Konak,2+1,38.000 TL,38000
Menemen,3+1,38.000 TL,38000
Buca,2+1,37.500 TL,37500
Karabağlar,3+1,38.000 TL,38000
Gaziemir,2+1,38.000 TL,38000
Bayraklı,3+1,38.000 TL,38000
Karşıyaka,2+1,39.000 TL,39000
Karşıyaka,3+1,38.000 TL,38000
Karşıyaka,2+1,38.500 TL,38500
Balçova,3+1,38.000 TL,38000
Buca,3+1,38.250 TL,38250
Torbalı,3+1,38.000 TL,38000
Buca,2+1,39.000 TL,39000
Çiğli,2+1,39.500 TL,39500
Buca,2+1,38.000 TL,38000
Bayraklı,3+1,38.000 TL,38000
Bornova,2+1,38.000 TL,38000
Çiğli,1+1,38.000 TL,38000
Menemen,3+1,37.500 TL,37500
Karşıyaka,3+1,38.000 TL,38000
Karşıyaka,3+1,38.000 TL,38000
Menderes,2+1,38.000 TL,38000
Bayraklı,3+1,39.000 TL,39000
Karşıyaka,2+1,38.000 TL,38000
Karşıyaka,2+1,38.000 TL,38000
Bornova,3+1,39.000 TL,39000
Bayraklı,4+1,39.000 TL,39000
Karşıyaka,2+1,39.000 TL,39000
Karabağlar,3+1,39.000 TL,39000
Buca,3+1,38.000 TL,38000
Kemalpaşa,3+1,39.000 TL,39000
Çiğli,2+1,37.500 TL,37500
Menemen,3+1,38.000 TL,38000
Bornova,1+1,37.500 TL,37500
Gaziemir,3+1,39.990 TL,39990
Karşıyaka,2+1,38.000 TL,38000
Bornova,2+1,38.500 TL,38500
Bornova,2+1,39.000 TL,39000
Karşıyaka,2+1,39.000 TL,39000
Karaburun,2+1,38.000 TL,38000
Bornova,3+1,37.500 TL,37500
Karşıyaka,1+1,38.000 TL,38000
Karabağlar,3+1,37.500 TL,37500
Konak,3+1,37.500 TL,37500
Bayraklı,3+1,38.000 TL,38000
Konak,4+1,38.000 TL,38000
Karşıyaka,2+1,37.500 TL,37500
Çiğli,1+1,38.500 TL,38500
Çeşme,2+1,38.500 TL,38500
Karşıyaka,3+1,38.000 TL,38000
Menderes,3+1,38.000 TL,38000
Menemen,4+1,39.000 TL,39000
Karşıyaka,3+1,38.500 TL,38500
Bornova,2+1,37.500 TL,37500
Gaziemir,2+1,38.000 TL,38000
Çiğli,1.5+1,38.000 TL,38000
Karabağlar,3+1,38.000 TL,38000
Seferihisar,1+1,39.500 TL,39500
Bornova,1+1,38.000 TL,38000
Karşıyaka,3+1,38.000 TL,38000
Karabağlar,3+1,37.750 TL,37750
Karşıyaka,3+1,39.000 TL,39000
Konak,4+1,38.000 TL,38000
Bornova,2+1,38.500 TL,38500
Karabağlar,2+1,38.000 TL,38000
Bayraklı,1+1,39.000 TL,39000
Bornova,1+1,38.000 TL,38000
Bornova,1+1,39.000 TL,39000
Karşıyaka,3+1,38.000 TL,38000
Konak,Stüdyo (1+0),38.000 TL,38000
Bayraklı,3+1,38.000 TL,38000
Bornova,1+1,38.000 TL,38000
Dikili,3+1,38.000 TL,38000
Gaziemir,2+1,38.000 TL,38000
Buca,3+1,39.000 TL,39000
Karaburun,3+1,39.500 TL,39500
Karşıyaka,3+1,39.000 TL,39000
Bayraklı,2+1,38.000 TL,38000
Bayraklı,2+1,37.500 TL,37500
Tire,4+1,39.000 TL,39000
Narlıdere,3+1,38.000 TL,38000
Konak,1+1,39.000 TL,39000
Buca,3+1,39.000 TL,39000
Konak,Stüdyo (1+0),38.500 TL,38500
Konak,3+1,38.000 TL,38000
Çeşme,2+1,38.000 TL,38000
Bayraklı,3+1,38.000 TL,38000
Karşıyaka,3+1,38.000 TL,38000
Karşıyaka,3+1,38.000 TL,38000
Buca,3+1,39.000 TL,39000
Karabağlar,2+1,39.000 TL,39000
Bornova,1+1,38.000 TL,38000
Konak,2+1,39.000 TL,39000
Menderes,3+1,37.500 TL,37500
Bornova,3+1,38.000 TL,38000
Bornova,1+1,38.500 TL,38500
Buca,2+1,37.500 TL,37500
Gaziemir,2+1,38.000 TL,38000
Bornova,3+1,38.000 TL,38000
Karşıyaka,2+1,38.000 TL,38000
Karşıyaka,3+1,38.000 TL,38000
Bornova,3+1,38.000 TL,38000
Menderes,3+1,38.000 TL,38000
Bornova,3+1,39.000 TL,39000
Konak,1+1,39.500 TL,39500
Karşıyaka,3+1,37.500 TL,37500
Karşıyaka,3+1,38.000 TL,38000
Karşıyaka,3+1,38.000 TL,38000
Karşıyaka,3+1,39.000 TL,39000
Bayraklı,3+1,39.000 TL,39000
Foça,1+1,38.000 TL,38000
Karşıyaka,3+1,39.000 TL,39000
Menemen,2+1,38.000 TL,38000
Konak,3+1,39.500 TL,39500
Konak,1+1,38.000 TL,38000
Buca,3+1,37.500 TL,37500
Konak,3+1,38.000 TL,38000
Bornova,1+1,37.500 TL,37500
Konak,3+1,38.000 TL,38000
Çiğli,3+1,38.000 TL,38000
Karabağlar,3+1,39.000 TL,39000
Konak,1+1,38.000 TL,38000
Bornova,1+1,38.000 TL,38000
Karşıyaka,1+1,38.000 TL,38000
Bergama,3+1,39.000 TL,39000
Bornova,3+1,38.000 TL,38000
Balçova,3+1,38.000 TL,38000
Bayraklı,3+1,38.000 TL,38000
Bornova,1+1,38.000 TL,38000
Bornova,1+1,37.500 TL,37500
Karşıyaka,1+1,39.000 TL,39000
Gaziemir,2+1,38.000 TL,38000
Çiğli,3+1,38.000 TL,38000
Karabağlar,3+1,39.000 TL,39000
Çeşme,1+1,38.000 TL,38000
Seferihisar,3+1,38.000 TL,38000
Seferihisar,1+1,37.500 TL,37500
Gaziemir,2+1,38.000 TL,38000
Karabağlar,3+1,38.000 TL,38000
Konak,2+1,38.000 TL,38000
Karabağlar,3+1,38.000 TL,38000
Karabağlar,4+1,39.000 TL,39000
Çeşme,2+1,38.000 TL,38000
Konak,3+1,38.000 TL,38000
Karşıyaka,2+1,38.000 TL,38000
Menemen,2+1,38.000 TL,38000
Bornova,1+1,38.500 TL,38500
Karşıyaka,2+1,38.000 TL,38000
Karabağlar,2+1,37.500 TL,37500
Bayraklı,3+1,38.000 TL,38000
Seferihisar,3+1,37.500 TL,37500
Bornova,1+1,38.000 TL,38000
Karşıyaka,3+1,38.000 TL,38000
Bornova,2+1,38.000 TL,38000
Buca,3+1,37.500 TL,37500
Bornova,1+1,38.000 TL,38000
Bornova,1+1,38.000 TL,38000
Konak,3+1,38.000 TL,38000
Karabağlar,2+1,39.500 TL,39500
Buca,3+1,38.500 TL,38500
Menemen,3+1,38.500 TL,38500
Karabağlar,3+1,40.000 TL,40000
Karabağlar,3+1,42.000 TL,42000
Karabağlar,3+1,40.000 TL,40000
Karabağlar,3+1,40.000 TL,40000
Bornova,2+1,40.000 TL,40000
Dikili,2+1,40.000 TL,40000
Bornova,1+1,40.000 TL,40000
Konak,2+1,41.000 TL,41000
Karşıyaka,1+1,42.000 TL,42000
Foça,3+1,41.500 TL,41500
Seferihisar,2+1,40.000 TL,40000
Kemalpaşa,2+1,40.000 TL,40000
Urla,2+1,40.000 TL,40000
Balçova,3+1,42.000 TL,42000
Narlıdere,3+1,40.000 TL,40000
Bornova,2+1,40.000 TL,40000
Bornova,1+1,42.000 TL,42000
Karşıyaka,3+1,42.000 TL,42000
Karşıyaka,3+1,40.000 TL,40000
Karşıyaka,3+1,40.000 TL,40000
Bayraklı,3+1,40.000 TL,40000
Çiğli,1+1,40.000 TL,40000
Bayraklı,3+1,40.000 TL,40000
Gaziemir,3+1,41.000 TL,41000
Kemalpaşa,3+1,41.000 TL,41000
Karşıyaka,2+1,40.000 TL,40000
Urla,2+1,40.000 TL,40000
Karşıyaka,3+1,40.000 TL,40000
Karşıyaka,3+1,40.000 TL,40000
Bornova,3+1,40.500 TL,40500
Karşıyaka,3+1,40.000 TL,40000
Çiğli,5+1,40.000 TL,40000
Narlıdere,1+1,40.000 TL,40000
Buca,2+1,40.000 TL,40000
Çeşme,1+1,42.000 TL,42000
Balçova,1+1,40.000 TL,40000
Menderes,3+1,41.500 TL,41500
Konak,3+1,42.000 TL,42000
Karşıyaka,1+1,42.000 TL,42000
Bornova,1+1,40.000 TL,40000
Karşıyaka,1+1,41.000 TL,41000
Buca,3+1,40.000 TL,40000
Bornova,2+1,42.000 TL,42000
Karşıyaka,1+1,40.000 TL,40000
Karşıyaka,2+1,40.000 TL,40000
Karşıyaka,3+1,40.000 TL,40000
Urla,2+1,40.000 TL,40000
Aliağa,3+1,40.000 TL,40000
Karabağlar,3+1,40.000 TL,40000
Karşıyaka,3+1,40.500 TL,40500
Bornova,1+1,40.000 TL,40000
Bornova,1+1,40.000 TL,40000
Karabağlar,3+1,40.000 TL,40000
Karşıyaka,2+1,40.000 TL,40000
Çiğli,2+1,40.000 TL,40000
Konak,3+1,40.000 TL,40000
Karşıyaka,1+1,40.000 TL,40000
Konak,3+1,40.000 TL,40000
Balçova,2+1,40.000 TL,40000
Balçova,1+1,41.000 TL,41000
Konak,1+1,40.000 TL,40000
Balçova,2+1,41.000 TL,41000
Karabağlar,3+1,42.000 TL,42000
Bayraklı,2+1,40.000 TL,40000
Gaziemir,2+1,40.000 TL,40000
Karşıyaka,2+1,40.000 TL,40000
Karabağlar,3+1,40.000 TL,40000
Seferihisar,2+1,40.000 TL,40000
Çeşme,2+1,40.000 TL,40000
Karşıyaka,3+1,40.000 TL,40000
Menemen,3+1,40.000 TL,40000
Karabağlar,3+1,42.000 TL,42000
Çiğli,2+1,42.000 TL,42000
Karabağlar,3+1,40.000 TL,40000
Urla,1+1,40.000 TL,40000
Urla,2+1,40.000 TL,40000
Seferihisar,3+1,40.000 TL,40000
Karabağlar,3+1,40.000 TL,40000
Bornova,3+1,40.000 TL,40000
Karabağlar,1+1,40.000 TL,40000
Foça,3+1,40.000 TL,40000
Konak,2+1,40.000 TL,40000
Bayraklı,3+1,40.000 TL,40000
Buca,3+1,42.000 TL,42000
Karabağlar,3+1,40.000 TL,40000
Bornova,1+1,40.000 TL,40000
Karşıyaka,3+1,40.000 TL,40000
Balçova,3+1,42.000 TL,42000
Bornova,2+1,40.000 TL,40000
Bornova,2+1,40.000 TL,40000
Çeşme,1+1,40.000 TL,40000
Urla,2+1,40.000 TL,40000
Karşıyaka,1+1,40.000 TL,40000
Konak,2+1,42.000 TL,42000
Bornova,2+1,40.000 TL,40000
Çeşme,1+1,40.000 TL,40000
Karabağlar,3+1,40.000 TL,40000
Bornova,2+1,40.000 TL,40000
Foça,3+1,40.000 TL,40000
Bornova,1+1,41.500 TL,41500
Karşıyaka,2+1,40.000 TL,40000
Karabağlar,3+1,40.000 TL,40000
Çeşme,2+1,42.000 TL,42000
Seferihisar,3+1,42.000 TL,42000
Konak,3+1,40.000 TL,40000
Konak,1+1,42.000 TL,42000
Karşıyaka,1+1,40.000 TL,40000
Çiğli,1+1,40.000 TL,40000
Konak,2+1,40.000 TL,40000
Gaziemir,3+1,40.000 TL,40000
Karşıyaka,3+1,41.000 TL,41000
Torbalı,3+1,40.000 TL,40000
Güzelbahçe,2+1,40.000 TL,40000
Karşıyaka,2+1,40.000 TL,40000
Bornova,1+1,42.000 TL,42000
Narlıdere,3+1,42.000 TL,42000
Bornova,3+1,42.000 TL,42000
Foça,2+1,40.000 TL,40000
Karşıyaka,2+1,40.000 TL,40000
Konak,3+1,40.000 TL,40000
Seferihisar,2+1,40.000 TL,40000
Konak,1+1,40.000 TL,40000
Bayraklı,3+1,40.000 TL,40000
Bayraklı,3+1,40.000 TL,40000
Konak,1+1,40.000 TL,40000
Karabağlar,2+1,40.000 TL,40000
Karşıyaka,2+1,40.000 TL,40000
Konak,3+1,40.000 TL,40000
Menderes,2+1,42.000 TL,42000
Bayraklı,3+1,40.000 TL,40000
Konak,2+1,42.000 TL,42000
Karabağlar,3+1,40.000 TL,40000
Karşıyaka,1+1,40.500 TL,40500
Bornova,3+1,42.000 TL,42000
Konak,1+1,42.000 TL,42000
Konak,2+1,40.000 TL,40000
Bayraklı,3+1,40.000 TL,40000
Bornova,2+1,40.000 TL,40000
Karaburun,2+1,40.000 TL,40000
Konak,2+1,41.500 TL,41500
Konak,3+1,40.000 TL,40000
Çeşme,1+1,40.000 TL,40000
Balçova,2+1,40.000 TL,40000
Karabağlar,3+1,41.000 TL,41000
Karşıyaka,3+1,40.000 TL,40000
Bornova,3+1,42.000 TL,42000
Konak,3+1,40.000 TL,40000
Karşıyaka,3+1,40.000 TL,40000
Çeşme,1+1,40.000 TL,40000
Gaziemir,3+1,40.000 TL,40000
Narlıdere,3+1,40.000 TL,40000
Seferihisar,4+1,40.000 TL,40000
Çiğli,2+1,40.000 TL,40000
Konak,3+1,40.000 TL,40000
Karabağlar,3+1,40.000 TL,40000
Bornova,1+1,40.000 TL,40000
Bornova,3+1,40.000 TL,40000
Karşıyaka,3+1,42.000 TL,42000
Çeşme,2+1,40.000 TL,40000
Foça,3+1,40.000 TL,40000
Çiğli,1+1,40.000 TL,40000
Konak,1+1,40.000 TL,40000
Karşıyaka,3+1,40.000 TL,40000
Bayraklı,3+1,40.000 TL,40000
Gaziemir,3+1,40.000 TL,40000
Karşıyaka,3+1,42.000 TL,42000
Narlıdere,3+1,40.000 TL,40000
Çeşme,2+1,40.000 TL,40000
Çeşme,2+1,40.000 TL,40000
Konak,2+1,40.000 TL,40000
Torbalı,3+1,42.000 TL,42000
Karabağlar,3+1,42.000 TL,42000
Karabağlar,3+1,40.000 TL,40000
Karşıyaka,1+1,42.000 TL,42000
Bornova,1+1,40.500 TL,40500
Gaziemir,3+1,40.000 TL,40000
Karşıyaka,2+1,42.000 TL,42000
Dikili,4+1,40.000 TL,40000
Menderes,3+1,42.000 TL,42000
Karşıyaka,3+1,40.000 TL,40000
Torbalı,3+1,40.000 TL,40000
Çeşme,2.5+1,40.000 TL,40000
Gaziemir,3+1,40.000 TL,40000
Balçova,3+1,40.000 TL,40000
Karşıyaka,2+1,41.000 TL,41000
Karşıyaka,1+1,41.500 TL,41500
Karşıyaka,1+1,40.000 TL,40000
Bornova,1+1,42.000 TL,42000
Menderes,3+1,40.000 TL,40000
Bayraklı,3+1,40.000 TL,40000
Bayraklı,2+1,42.000 TL,42000
Bornova,3+1,42.000 TL,42000
Çiğli,3+1,42.000 TL,42000
Karşıyaka,2+1,40.000 TL,40000
Menderes,3+1,40.000 TL,40000
Karabağlar,3+1,40.000 TL,40000
Balçova,3+1,40.000 TL,40000
Bayraklı,3+1,41.000 TL,41000
Konak,2+1,40.000 TL,40000
Çeşme,3+1,40.000 TL,40000
Çeşme,2+1,40.000 TL,40000
Narlıdere,3+1,40.000 TL,40000
Balçova,3+1,40.000 TL,40000
Bayraklı,3+1,40.000 TL,40000
Konak,2+1,40.000 TL,40000
Karşıyaka,2+1,40.000 TL,40000
Gaziemir,2+1,40.000 TL,40000
Aliağa,3+1,40.000 TL,40000
Bornova,2+1,40.000 TL,40000
Bornova,3+1,40.000 TL,40000
Aliağa,1+1,40.000 TL,40000
Karaburun,4+1,40.000 TL,40000
Karşıyaka,2+1,40.000 TL,40000
Bayraklı,3+1,40.000 TL,40000
Bayraklı,3+1,40.000 TL,40000
Gaziemir,3+1,40.000 TL,40000
Karşıyaka,1+1,41.000 TL,41000
Karşıyaka,3+1,40.000 TL,40000
Karşıyaka,3+1,42.000 TL,42000
Urla,1+1,40.000 TL,40000
Bornova,3+1,42.000 TL,42000
Çeşme,2+1,40.000 TL,40000
Karabağlar,3+1,42.000 TL,42000
Urla,2+1,42.000 TL,42000
Konak,1+1,41.000 TL,41000
Urla,3+1,42.000 TL,42000
Buca,1+1,40.000 TL,40000
Bayraklı,3+1,40.000 TL,40000
Konak,1+1,42.000 TL,42000
Narlıdere,2+1,40.000 TL,40000
Buca,2+1,42.000 TL,42000
Torbalı,3+1,40.000 TL,40000
Bayraklı,1+1,42.000 TL,42000
Karaburun,2+1,40.000 TL,40000
Karşıyaka,2+1,41.000 TL,41000
Bornova,2+1,40.000 TL,40000
Bornova,2+1,40.000 TL,40000
Bornova,2+1,40.500 TL,40500
Karşıyaka,3+1,40.000 TL,40000
Karşıyaka,2+1,42.000 TL,42000
Balçova,3+1,40.000 TL,40000
Karşıyaka,3+1,40.000 TL,40000
Çiğli,2+1,40.000 TL,40000
Karşıyaka,3+1,40.000 TL,40000
Seferihisar,2+1,42.000 TL,42000
Karşıyaka,1+1,40.000 TL,40000
Seferihisar,4+2,40.000 TL,40000
Konak,3+1,40.000 TL,40000
Güzelbahçe,2+1,40.000 TL,40000
Dikili,3+1,40.000 TL,40000
Karşıyaka,2+1,40.000 TL,40000
Karabağlar,2+1,40.000 TL,40000
Buca,2+1,42.000 TL,42000
Bornova,3+1,40.000 TL,40000
Urla,2+1,40.000 TL,40000
Aliağa,1+1,40.000 TL,40000
Çiğli,2+1,40.000 TL,40000
Foça,2+1,41.000 TL,41000
Çeşme,1+1,42.000 TL,42000
Balçova,2+1,42.000 TL,42000
Gaziemir,3+1,40.000 TL,40000
Konak,Stüdyo (1+0),40.000 TL,40000
Karşıyaka,1+1,42.000 TL,42000
Karşıyaka,2+1,40.000 TL,40000
Karşıyaka,2+1,40.000 TL,40000
Menemen,3+1,42.000 TL,42000
Menderes,1+1,40.000 TL,40000
Kemalpaşa,2+1,42.000 TL,42000
Karabağlar,3+1,40.000 TL,40000
Karşıyaka,3+1,40.000 TL,40000
Bornova,4+1,41.000 TL,41000
Çeşme,1+1,40.000 TL,40000
Çiğli,3+1,40.000 TL,40000
Karaburun,2+1,42.000 TL,42000
Konak,3+1,40.000 TL,40000
Balçova,4+1,40.000 TL,40000
Karşıyaka,1+1,42.000 TL,42000
Bornova,2+1,40.000 TL,40000
Urla,1+1,40.000 TL,40000
Seferihisar,2+1,42.000 TL,42000
Bornova,1+1,40.000 TL,40000
Konak,3+1,42.000 TL,42000
Aliağa,3+1,42.000 TL,42000
Karşıyaka,2+1,41.000 TL,41000
Güzelbahçe,2+1,40.000 TL,40000
Torbalı,3+1,40.000 TL,40000
Bayraklı,3+1,40.000 TL,40000
Karşıyaka,2+1,40.000 TL,40000
Karşıyaka,3+1,42.000 TL,42000
Bornova,1+1,40.000 TL,40000
Karşıyaka,3+1,40.000 TL,40000
Karşıyaka,2+1,42.000 TL,42000
Aliağa,3+1,40.000 TL,40000
Narlıdere,3+1,40.000 TL,40000
Karabağlar,3+1,40.000 TL,40000
Balçova,3+1,40.000 TL,40000
Menderes,3+1,40.000 TL,40000
Menderes,3+1,40.000 TL,40000
Bayraklı,3+1,40.000 TL,40000
Çiğli,3+1,40.000 TL,40000
Karşıyaka,3+1,40.000 TL,40000
Foça,2+1,40.000 TL,40000
Bayraklı,3+1,40.000 TL,40000
Karşıyaka,1+1,40.000 TL,40000
Torbalı,3+1,40.000 TL,40000
Bornova,1+1,40.000 TL,40000
Karşıyaka,2+1,40.000 TL,40000
Bayraklı,3+1,40.000 TL,40000
Buca,2+1,41.000 TL,41000
Karabağlar,2+1,40.000 TL,40000
Çiğli,3+1,40.000 TL,40000
Çeşme,1+1,40.000 TL,40000
Karabağlar,2+1,40.000 TL,40000
Konak,1+1,40.000 TL,40000
Karşıyaka,1+1,42.000 TL,42000
Karabağlar,3+1,40.000 TL,40000
Bayraklı,3+1,40.000 TL,40000
Balçova,1+1,41.000 TL,41000
Karşıyaka,2+1,40.000 TL,40000
Seferihisar,2+1,40.000 TL,40000
Karşıyaka,3+1,40.000 TL,40000
Menemen,3+1,40.000 TL,40000
Menemen,3+1,42.000 TL,42000
Kemalpaşa,2+1,42.000 TL,42000
Karabağlar,3+1,40.000 TL,40000
Konak,1+1,40.000 TL,40000
Karşıyaka,3+1,40.000 TL,40000
Karşıyaka,1+1,40.000 TL,40000
Menemen,3+1,40.000 TL,40000
Bornova,3+1,42.000 TL,42000
Seferihisar,2+1,40.000 TL,40000
Karşıyaka,2+1,40.000 TL,40000
Buca,3+1,41.000 TL,41000
Foça,2+1,40.000 TL,40000
Karşıyaka,3+1,42.000 TL,42000
Çiğli,2+1,40.000 TL,40000
Menderes,3+1,40.000 TL,40000
Bayraklı,3+1,40.000 TL,40000
Bornova,2+1,40.000 TL,40000
Balçova,2+1,40.000 TL,40000
Bornova,1+1,40.000 TL,40000
Bayraklı,3+1,40.000 TL,40000
Bayraklı,2+1,40.000 TL,40000
Bornova,1+1,40.000 TL,40000
Bayraklı,4+1,40.000 TL,40000
Buca,3+1,40.000 TL,40000
Konak,2+1,42.000 TL,42000
Torbalı,2+1,40.000 TL,40000
Çeşme,2+1,40.000 TL,40000
Menderes,3+1,40.000 TL,40000
Gaziemir,3+1,40.000 TL,40000
Karşıyaka,3+1,40.000 TL,40000
Karşıyaka,3+1,40.000 TL,40000
Bayraklı,4+1,41.500 TL,41500
Buca,2+1,40.000 TL,40000
Çeşme,2+1,40.000 TL,40000
Güzelbahçe,2+1,40.000 TL,40000
Konak,3+1,40.000 TL,40000
Menemen,2+1,40.000 TL,40000
Karabağlar,3+1,40.000 TL,40000
Kemalpaşa,2+1,42.000 TL,42000
Karşıyaka,3+1,40.000 TL,40000
Seferihisar,2+1,40.000 TL,40000
Konak,2+1,40.000 TL,40000
Bayraklı,2+1,40.000 TL,40000
Çiğli,3+1,40.000 TL,40000
Güzelbahçe,1+1,40.000 TL,40000
Menderes,3+1,40.000 TL,40000
Bayraklı,3+1,40.000 TL,40000
Bornova,1+1,42.000 TL,42000
Karşıyaka,3+1,42.000 TL,42000
Balçova,3+1,40.000 TL,40000
Bayraklı,3+1,40.000 TL,40000
Konak,3+1,42.000 TL,42000
Konak,4+1,40.000 TL,40000
Bayraklı,3+1,41.000 TL,41000
Urla,3+1,40.000 TL,40000
Çiğli,1+1,40.000 TL,40000
Balçova,3+1,42.000 TL,42000
Bornova,2+1,40.000 TL,40000
Bornova,3+1,42.000 TL,42000
Torbalı,3+1,40.000 TL,40000
Gaziemir,3+1,40.000 TL,40000
Gaziemir,2+1,40.000 TL,40000
Karabağlar,4+1,40.000 TL,40000
Menemen,3+1,40.000 TL,40000
Çiğli,2+1,41.500 TL,41500
Menderes,2+1,40.000 TL,40000
Çiğli,2+1,40.000 TL,40000
Seferihisar,2+1,40.000 TL,40000
Urla,4+1,40.000 TL,40000
Bornova,3+1,42.000 TL,42000
Bornova,2+1,40.000 TL,40000
Seferihisar,3+1,40.000 TL,40000
Seferihisar,3+1,40.000 TL,40000
Urla,2.5+1,42.000 TL,42000
Bornova,2+1,40.000 TL,40000
Karşıyaka,2+1,40.000 TL,40000
Bayraklı,3+1,40.000 TL,40000
Karşıyaka,3+1,40.000 TL,40000
Torbalı,3+1,40.000 TL,40000
Buca,3+0,40.000 TL,40000
Balçova,1+1,42.000 TL,42000
Bayraklı,2+1,40.000 TL,40000
Foça,2+1,40.000 TL,40000
Bornova,2+1,42.000 TL,42000
Bayraklı,3+1,40.000 TL,40000
Karşıyaka,3+1,40.000 TL,40000
Buca,2+1,40.000 TL,40000
Karşıyaka,1+1,40.000 TL,40000
Çiğli,1+1,40.000 TL,40000
Konak,3+1,40.000 TL,40000
Seferihisar,3+1,40.000 TL,40000
Konak,1+1,40.000 TL,40000
Bayraklı,2+1,40.000 TL,40000
Urla,2+1,40.000 TL,40000
Konak,3+1,41.500 TL,41500
Karşıyaka,2+1,40.000 TL,40000
Karşıyaka,3+1,42.000 TL,42000
Bayraklı,2+1,40.000 TL,40000
Bayraklı,3+1,40.000 TL,40000
Konak,2+1,40.000 TL,40000
Bayraklı,3+1,40.000 TL,40000
Karşıyaka,1+1,42.000 TL,42000
Konak,3+1,40.000 TL,40000
Çiğli,2+1,40.000 TL,40000
Konak,3+1,40.000 TL,40000
Bornova,1+1,40.000 TL,40000
Karşıyaka,2+1,42.000 TL,42000
Buca,3+1,40.000 TL,40000
Karabağlar,3+1,40.000 TL,40000
Karabağlar,3+1,40.000 TL,40000
Dikili,4+1,40.000 TL,40000
Karşıyaka,1+1,41.500 TL,41500
Bornova,2+1,40.000 TL,40000
Foça,2+1,40.000 TL,40000
Çiğli,3+1,42.000 TL,42000
Bornova,2+1,40.000 TL,40000
Menemen,4+1,40.000 TL,40000
Karabağlar,3+1,40.000 TL,40000
Buca,2+1,40.000 TL,40000
Buca,4+1,40.000 TL,40000
Menemen,3+1,40.000 TL,40000
Bornova,1+1,41.000 TL,41000
Foça,2+1,40.000 TL,40000
Karşıyaka,3+1,40.000 TL,40000
Karabağlar,3+1,41.000 TL,41000
Menemen,3+1,41.500 TL,41500
Buca,3+1,40.000 TL,40000
Karabağlar,2+1,40.000 TL,40000
Konak,2+1,40.000 TL,40000
Karaburun,4+1,40.000 TL,40000
Bornova,2+1,42.000 TL,42000
Menderes,,40.000 TL,40000
Bornova,2+1,40.000 TL,40000
Bornova,2+1,40.000 TL,40000
Konak,1+1,40.000 TL,40000
Bornova,2+1,42.000 TL,42000
Balçova,2+1,40.000 TL,40000
Balçova,1+1,40.000 TL,40000
Karşıyaka,2+1,42.000 TL,42000
Aliağa,2+1,40.000 TL,40000
Bornova,1+1,40.000 TL,40000
Karabağlar,3+1,40.000 TL,40000
Bayraklı,2+1,42.000 TL,42000
Balçova,3+1,40.000 TL,40000
Karşıyaka,2+1,40.000 TL,40000
Karşıyaka,3+1,40.000 TL,40000
Karaburun,4+1,40.000 TL,40000
Konak,2+1,40.000 TL,40000
Seferihisar,3+1,40.000 TL,40000
Gaziemir,1+1,41.500 TL,41500
Karşıyaka,3+1,40.000 TL,40000
Çeşme,1+1,42.000 TL,42000
Konak,3+1,40.000 TL,40000
Aliağa,3+1,40.000 TL,40000
Bornova,1+1,40.000 TL,40000
Karşıyaka,3+1,40.000 TL,40000
Karabağlar,2+1,40.000 TL,40000
Gaziemir,3+1,40.000 TL,40000
Karşıyaka,2+1,40.000 TL,40000
Balçova,2+1,40.000 TL,40000
Konak,1+1,40.000 TL,40000
Konak,3+1,40.000 TL,40000
Menderes,3+1,41.000 TL,41000
Bornova,3+1,40.000 TL,40000
Karabağlar,3+1,42.000 TL,42000
Çiğli,3+1,40.000 TL,40000
Güzelbahçe,1+1,40.000 TL,40000
Kemalpaşa,3+1,40.000 TL,40000
Konak,2+1,42.000 TL,42000
Torbalı,4+1,42.000 TL,42000
Bayraklı,1+1,42.000 TL,42000
Güzelbahçe,3+1,40.000 TL,40000
Menemen,3+1,40.000 TL,40000
Karşıyaka,3+1,40.000 TL,40000
Çiğli,1+1,40.000 TL,40000
Karşıyaka,3+1,40.000 TL,40000
Aliağa,3+1,40.000 TL,40000
Karşıyaka,3+1,42.000 TL,42000
Konak,1+1,42.000 TL,42000
Menemen,2+1,42.000 TL,42000
Narlıdere,1+1,40.000 TL,40000
Balçova,3+1,41.000 TL,41000
Konak,3+1,40.000 TL,40000
Bayraklı,3+1,40.000 TL,40000
Bornova,2+1,42.000 TL,42000
Konak,2+1,40.000 TL,40000
Narlıdere,3+1,40.000 TL,40000
Urla,3+1,40.000 TL,40000
Menemen,3+1,40.000 TL,40000
Bornova,2+1,40.000 TL,40000
Konak,1+1,42.000 TL,42000
Konak,1+1,40.000 TL,40000
Bayraklı,2+1,40.000 TL,40000
Karşıyaka,3+1,40.000 TL,40000
Bornova,2+1,40.000 TL,40000
Foça,2+1,40.000 TL,40000
Karşıyaka,1+1,42.000 TL,42000
Balçova,2+1,40.000 TL,40000
Karabağlar,4+1,40.000 TL,40000
Karşıyaka,3+1,40.000 TL,40000
Konak,1+1,40.000 TL,40000
Karşıyaka,3+1,40.000 TL,40000
Çeşme,2+1,40.000 TL,40000
Konak,3+1,40.000 TL,40000
Karşıyaka,1+1,42.000 TL,42000
Menderes,3+1,42.000 TL,42000
Karabağlar,3+1,42.000 TL,42000
Menemen,3+1,42.000 TL,42000
Konak,2+1,40.000 TL,40000
Karşıyaka,3+1,42.000 TL,42000
Karabağlar,3+1,42.000 TL,42000
Çiğli,1+1,40.000 TL,40000
Bornova,1+1,40.000 TL,40000
Karşıyaka,2+1,40.000 TL,40000
Gaziemir,3+1,40.000 TL,40000
Aliağa,2+1,40.000 TL,40000
Karabağlar,3+1,40.000 TL,40000
Buca,2+1,40.000 TL,40000
Balçova,3+1,42.000 TL,42000
Karşıyaka,3+1,40.000 TL,40000
Karşıyaka,3+1,42.000 TL,42000
Bayraklı,3+1,40.000 TL,40000
Karşıyaka,2+1,40.000 TL,40000
Çeşme,2+1,40.000 TL,40000
Foça,3+1,40.000 TL,40000
Bornova,1+1,42.000 TL,42000
Dikili,3+1,40.000 TL,40000
Buca,2+1,40.000 TL,40000
Selçuk,3+1,40.000 TL,40000
Foça,2+1,40.000 TL,40000
Bornova,1+1,42.000 TL,42000
Karabağlar,3+1,40.000 TL,40000
Çiğli,3+1,40.000 TL,40000
Urla,2+1,40.000 TL,40000
Karaburun,4+1,40.000 TL,40000
Çiğli,2+1,42.000 TL,42000
Seferihisar,2+1,40.000 TL,40000
Seferihisar,2+1,40.000 TL,40000
Konak,1+1,40.000 TL,40000
Konak,3+1,40.000 TL,40000
Bornova,1+1,40.000 TL,40000
Foça,2+1,40.000 TL,40000
Karşıyaka,3+1,41.000 TL,41000
Karşıyaka,3+1,42.000 TL,42000
Bayraklı,3+1,40.000 TL,40000
Konak,2+1,40.000 TL,40000
Karşıyaka,3+1,40.000 TL,40000
Urla,2+1,42.000 TL,42000
Menderes,2+1,40.000 TL,40000
Karşıyaka,2+1,42.000 TL,42000
Urla,2+1,40.000 TL,40000
Balçova,3+1,42.000 TL,42000
Bornova,1+1,42.250 TL,42250
Karşıyaka,2+1,40.000 TL,40000
Çeşme,3+1,40.000 TL,40000
Karşıyaka,2+1,40.000 TL,40000
Karşıyaka,3+1,40.000 TL,40000
Konak,2+1,40.000 TL,40000
Konak,3+1,40.000 TL,40000
Buca,2+1,40.000 TL,40000
Bayraklı,2+1,40.000 TL,40000
Buca,3+1,42.000 TL,42000
Karşıyaka,2+1,40.000 TL,40000
Buca,3+1,40.000 TL,40000
Narlıdere,3+1,40.000 TL,40000
Balçova,4+1,40.000 TL,40000
Çiğli,3+1,40.000 TL,40000
Bornova,2+1,42.000 TL,42000
Kemalpaşa,2+1,40.000 TL,40000
Karşıyaka,3+1,41.500 TL,41500
Güzelbahçe,3+1,42.000 TL,42000
Seferihisar,3+1,40.000 TL,40000
Güzelbahçe,2+1,40.000 TL,40000
Karşıyaka,6+1,40.000 TL,40000
Konak,1+1,40.000 TL,40000
Konak,1+1,40.000 TL,40000
Buca,3+1,40.000 TL,40000
Gaziemir,3+1,40.000 TL,40000
Urla,1+1,40.000 TL,40000
Balçova,2+1,40.000 TL,40000
Karşıyaka,3+1,42.000 TL,42000
Balçova,3.5+1,40.000 TL,40000
Konak,1+1,40.000 TL,40000
Foça,2+1,42.000 TL,42000
Buca,3+1,40.000 TL,40000
Urla,2.5+1,42.000 TL,42000
Karşıyaka,3+1,42.000 TL,42000
Buca,3+1,40.000 TL,40000
Konak,1+1,40.000 TL,40000
Dikili,2+1,40.000 TL,40000
Menemen,3+1,40.000 TL,40000
Menderes,3+1,42.000 TL,42000
Foça,3+1,40.000 TL,40000
Bayraklı,3+1,41.000 TL,41000
Bornova,1+1,40.000 TL,40000
Çeşme,2+1,40.000 TL,40000
Konak,3+1,40.000 TL,40000
Güzelbahçe,2+1,40.000 TL,40000
Konak,3+1,42.000 TL,42000
Karabağlar,2+1,41.000 TL,41000
Karşıyaka,2+1,40.000 TL,40000
Gaziemir,2+1,40.000 TL,40000
Bayraklı,3+1,40.000 TL,40000
Bornova,3+1,40.000 TL,40000
Konak,3+1,40.000 TL,40000
Konak,4+1,40.000 TL,40000
Karşıyaka,2+1,40.000 TL,40000
Çiğli,1+1,40.000 TL,40000
Seferihisar,2+1,40.000 TL,40000
Foça,3+1,40.000 TL,40000
Aliağa,3+1,40.000 TL,40000
Urla,2+1,41.000 TL,41000
Bornova,1+1,41.000 TL,41000
Konak,1+1,42.000 TL,42000
Bornova,2+1,40.000 TL,40000
Çeşme,1+1,40.000 TL,40000
Buca,2+1,40.000 TL,40000
Aliağa,4+1,40.000 TL,40000
Bornova,2+1,40.000 TL,40000
Çeşme,1+1,40.000 TL,40000
Menderes,2+1,40.000 TL,40000
Narlıdere,3+1,42.000 TL,42000
Karşıyaka,2+1,40.000 TL,40000
Buca,2+1,40.000 TL,40000
Urla,1+1,42.000 TL,42000
Bornova,1+1,40.000 TL,40000
Torbalı,3+1,42.000 TL,42000
Konak,2+1,40.000 TL,40000
Çeşme,1+1,40.000 TL,40000
Karşıyaka,2+1,40.000 TL,40000
Çeşme,2+1,40.000 TL,40000
Karşıyaka,2+1,40.000 TL,40000
Güzelbahçe,3+1,40.000 TL,40000
Konak,3+1,40.000 TL,40000
Torbalı,3+1,40.000 TL,40000
Konak,1+1,42.000 TL,42000
Seferihisar,3+1,40.000 TL,40000
Karşıyaka,3+1,40.000 TL,40000
Karşıyaka,3+1,40.000 TL,40000
Bornova,2+1,40.000 TL,40000
Bornova,1+1,42.000 TL,42000
Gaziemir,3+1,41.000 TL,41000
Karşıyaka,3+1,40.000 TL,40000
Karşıyaka,3+1,40.000 TL,40000
Bornova,2+1,40.000 TL,40000
Bornova,1+1,40.000 TL,40000
Konak,1+1,42.000 TL,42000
Karşıyaka,3+1,40.000 TL,40000
Bornova,1+1,40.000 TL,40000
Karşıyaka,Stüdyo (1+0),40.000 TL,40000
Karşıyaka,2+1,40.000 TL,40000
Çeşme,1+1,40.000 TL,40000
Çeşme,1+1,40.000 TL,40000
Karabağlar,3+1,40.000 TL,40000
Karşıyaka,2+1,42.000 TL,42000
Bornova,2+1,40.000 TL,40000
Karabağlar,3+1,40.000 TL,40000
Karabağlar,2+1,40.000 TL,40000
Karabağlar,1+1,40.000 TL,40000
Bornova,3+1,40.000 TL,40000
Konak,3+1,40.000 TL,40000
Karşıyaka,2+1,40.000 TL,40000
Bornova,2+1,40.000 TL,40000
Bornova,3+1,42.000 TL,42000
Gaziemir,3+1,40.000 TL,40000
Bornova,3+1,40.000 TL,40000
Bornova,2+1,41.000 TL,41000
Balçova,3+1,40.000 TL,40000
Karşıyaka,3+1,40.000 TL,40000
Urla,3+1,40.000 TL,40000
Urla,3+1,41.000 TL,41000
Buca,3+1,40.000 TL,40000
Foça,3+1,42.000 TL,42000
Bornova,Stüdyo (1+0),40.000 TL,40000
Karşıyaka,3+1,40.000 TL,40000
Bornova,1+1,40.000 TL,40000
Buca,3+1,40.000 TL,40000
Selçuk,3+1,40.000 TL,40000
Bayraklı,3+1,40.000 TL,40000
Karabağlar,2+1,40.000 TL,40000
Bornova,1+1,40.000 TL,40000
Bayraklı,3+1,40.000 TL,40000
Bayraklı,3+1,40.000 TL,40000
Bornova,2+1,40.000 TL,40000
Balçova,3+1,40.000 TL,40000
Bayraklı,3+1,40.000 TL,40000
Çiğli,2+1,42.000 TL,42000
Karşıyaka,2+1,40.000 TL,40000
Karaburun,2+1,40.000 TL,40000
Bornova,2+1,40.000 TL,40000
Karşıyaka,2+1,40.000 TL,40000
Karşıyaka,3+1,42.000 TL,42000
Karşıyaka,2+1,40.000 TL,40000
Karabağlar,2+1,40.000 TL,40000
Karşıyaka,3+1,42.000 TL,42000
Bayraklı,2+1,40.000 TL,40000
Bergama,3+1,40.000 TL,40000
Karşıyaka,2+1,42.000 TL,42000
Karşıyaka,2+1,41.000 TL,41000
Bornova,2+1,40.000 TL,40000
Çeşme,1+1,40.000 TL,40000
Bayraklı,2+1,40.000 TL,40000
Buca,3+1,40.000 TL,40000
Çeşme,2+1,40.000 TL,40000
Menderes,3+1,40.000 TL,40000
Karşıyaka,3+1,41.500 TL,41500
Dikili,3+1,40.000 TL,40000
Bornova,2+1,40.000 TL,40000
Karşıyaka,3+1,40.000 TL,40000
Aliağa,2+1,40.000 TL,40000
Karşıyaka,1+1,40.000 TL,40000
Bayraklı,3+1,41.000 TL,41000
Karşıyaka,1+1,40.000 TL,40000
Konak,3+1,40.000 TL,40000
Karaburun,4+1,40.000 TL,40000
Narlıdere,3+1,40.000 TL,40000
Balçova,2+1,40.000 TL,40000
Karabağlar,3+1,40.000 TL,40000
Bornova,3+1,40.000 TL,40000
Karabağlar,4+0,40.000 TL,40000
Çiğli,2+1,42.000 TL,42000
Karşıyaka,2+1,40.500 TL,40500
Buca,3+1,40.000 TL,40000
Gaziemir,2+1,40.000 TL,40000
Konak,1+1,40.000 TL,40000
Bayraklı,3+1,40.000 TL,40000
Çeşme,1+1,40.000 TL,40000
Çeşme,2+1,40.000 TL,40000
Bornova,1+1,40.000 TL,40000
Güzelbahçe,3+1,40.000 TL,40000
Bornova,1+1,40.000 TL,40000
Karşıyaka,3+1,40.000 TL,40000
Narlıdere,2+1,41.000 TL,41000
Karşıyaka,3+1,42.000 TL,42000
Aliağa,3+1,40.000 TL,40000
Karabağlar,4+1,40.000 TL,40000
Karşıyaka,3+1,40.000 TL,40000
Gaziemir,3+1,41.000 TL,41000
Menemen,4+1,40.000 TL,40000
Karaburun,2+1,40.000 TL,40000
Menderes,2+1,40.000 TL,40000
Bornova,3+1,42.000 TL,42000
Bayraklı,3+1,40.000 TL,40000
Bayraklı,3+1,40.000 TL,40000
Foça,2+1,40.000 TL,40000
Karşıyaka,3+1,40.000 TL,40000
Çeşme,1+1,40.000 TL,40000
Menemen,4+1,40.000 TL,40000
Konak,3+1,40.000 TL,40000
Bornova,1+1,40.000 TL,40000
Karşıyaka,2+1,40.000 TL,40000
Balçova,3+1,42.000 TL,42000
Karşıyaka,3+1,40.000 TL,40000
Çeşme,3+2,42.000 TL,42000
Gaziemir,1+1,40.000 TL,40000
Bornova,2+1,40.000 TL,40000
Çeşme,1+1,40.000 TL,40000
Konak,3+1,40.000 TL,40000
Çeşme,2+1,40.000 TL,40000
Konak,2+1,40.000 TL,40000
Konak,3+1,40.000 TL,40000
Foça,3+1,40.000 TL,40000
Karabağlar,2+1,40.000 TL,40000
Dikili,3+1,40.000 TL,40000
Foça,2+1,40.000 TL,40000
Bornova,1+1,40.000 TL,40000
Foça,3+1,40.000 TL,40000
Bornova,3+1,40.000 TL,40000
Bornova,2+1,42.000 TL,42000
Konak,1+1,40.000 TL,40000
Bayraklı,3+1,40.000 TL,40000
Selçuk,2+1,40.000 TL,40000
Urla,2+1,40.000 TL,40000
Menderes,2+1,40.000 TL,40000
Bornova,3+1,40.000 TL,40000
Güzelbahçe,2+1,40.000 TL,40000
Karşıyaka,3+1,40.000 TL,40000
Karşıyaka,3+1,40.000 TL,40000
Balçova,1+1,41.000 TL,41000
Torbalı,3+1,41.000 TL,41000
Karşıyaka,1+1,40.000 TL,40000
Karşıyaka,2+1,41.000 TL,41000
Bayraklı,5+1,40.000 TL,40000
Balçova,3+1,42.000 TL,42000
Urla,2+1,40.000 TL,40000
Çeşme,2+1,42.000 TL,42000
Narlıdere,3+1,40.000 TL,40000
Menderes,4+1,40.000 TL,40000
Karşıyaka,2+1,42.000 TL,42000
Konak,1+1,40.000 TL,40000
Bornova,1+1,40.000 TL,40000
Foça,2+1,40.000 TL,40000
Menemen,3+1,40.000 TL,40000
Narlıdere,2+1,40.000 TL,40000
Bayraklı,3+1,40.000 TL,40000
Ödemiş,4+1,40.000 TL,40000
Bayraklı,1+1,40.000 TL,40000
Balçova,1+1,41.000 TL,41000
Buca,3+1,41.500 TL,41500
Seferihisar,1+1,40.000 TL,40000
Bornova,2+1,41.000 TL,41000
Konak,3+1,40.000 TL,40000
Karşıyaka,3+1,40.000 TL,40000
Bornova,2+1,42.000 TL,42000
Karşıyaka,2+1,41.000 TL,41000
Çeşme,2+1,40.000 TL,40000
Seferihisar,3+1,40.000 TL,40000
Aliağa,3+2,42.000 TL,42000
Çiğli,3+1,40.000 TL,40000
Çiğli,2+1,40.000 TL,40000
Karşıyaka,2+1,40.000 TL,40000
Bornova,2+1,40.000 TL,40000
Buca,3+1,40.000 TL,40000
Karşıyaka,2+1,40.000 TL,40000
Bornova,1+1,40.000 TL,40000
Konak,3+1,40.000 TL,40000
Bornova,1+1,40.000 TL,40000
Bornova,1+1,41.000 TL,41000
Bornova,1+1,42.000 TL,42000
Aliağa,2+1,40.000 TL,40000
Bornova,1+1,40.000 TL,40000
Bornova,1+1,40.000 TL,40000
Karabağlar,2+1,40.000 TL,40000
Balçova,2+1,40.000 TL,40000
Karşıyaka,3+1,40.000 TL,40000
Karşıyaka,2+1,42.500 TL,42500
Menemen,3+1,44.500 TL,44500
Karşıyaka,2+1,43.000 TL,43000
Bornova,2+1,43.500 TL,43500
Çiğli,3+1,43.000 TL,43000
Buca,2+1,44.000 TL,44000
Karşıyaka,2+1,44.000 TL,44000
Balçova,2+1,43.500 TL,43500
Konak,2+1,43.500 TL,43500
Karşıyaka,3+1,44.000 TL,44000
Karşıyaka,3+1,43.000 TL,43000
Çiğli,4+1,43.000 TL,43000
Balçova,2+1,42.500 TL,42500
Konak,1+1,44.500 TL,44500
Karşıyaka,3+1,42.500 TL,42500
Konak,1+1,43.000 TL,43000
Karşıyaka,3+1,43.000 TL,43000
Karşıyaka,3+1,43.000 TL,43000
Menemen,3+1,43.000 TL,43000
Karabağlar,3+1,43.000 TL,43000
Menemen,1+1,43.000 TL,43000
Karşıyaka,4+1,43.000 TL,43000
Karşıyaka,2+1,44.000 TL,44000
Bornova,1+1,43.000 TL,43000
Bornova,3+1,42.500 TL,42500
Bornova,3+1,43.000 TL,43000
Karşıyaka,1+1,43.000 TL,43000
Menderes,2+1,42.500 TL,42500
Karşıyaka,3+1,43.000 TL,43000
Karşıyaka,1+1,42.500 TL,42500
Narlıdere,1+1,43.000 TL,43000
Karşıyaka,3+1,43.000 TL,43000
Karşıyaka,3+1,44.000 TL,44000
Konak,1+1,42.500 TL,42500
Gaziemir,3+1,43.000 TL,43000
Konak,2+1,43.500 TL,43500
Aliağa,4+1,43.000 TL,43000
Bayraklı,2+1,42.500 TL,42500
Karaburun,2+1,43.000 TL,43000
Konak,2+1,44.500 TL,44500
Gaziemir,1+1,43.000 TL,43000
Bornova,2+1,43.000 TL,43000
Foça,3+1,43.000 TL,43000
Konak,2+1,43.000 TL,43000
Seferihisar,2+1,42.500 TL,42500
Seferihisar,2+1,42.500 TL,42500
Karşıyaka,2+1,42.500 TL,42500
Konak,1+1,42.500 TL,42500
Bornova,2+1,43.000 TL,43000
Karşıyaka,3+1,44.000 TL,44000
Karşıyaka,3+1,44.500 TL,44500
Kemalpaşa,4+1,43.000 TL,43000
Karşıyaka,2+1,42.500 TL,42500
Foça,3+1,44.000 TL,44000
Gaziemir,3+1,43.000 TL,43000
Bayraklı,3+1,43.000 TL,43000
Konak,1+1,43.000 TL,43000
Konak,4+1,43.000 TL,43000
Karşıyaka,2+1,43.000 TL,43000
Bornova,3+1,43.750 TL,43750
Karşıyaka,1+1,42.500 TL,42500
Çiğli,2+1,42.500 TL,42500
Bornova,2+1,44.000 TL,44000
Karşıyaka,3+1,43.000 TL,43000
Karşıyaka,3+1,43.000 TL,43000
Aliağa,3+1,42.800 TL,42800
Bornova,3+1,44.950 TL,44950
Bayraklı,3+1,44.000 TL,44000
Balçova,3+1,44.900 TL,44900
Konak,1+1,42.500 TL,42500
Bayraklı,1+1,43.500 TL,43500
Çeşme,2+1,43.000 TL,43000
Bornova,2+1,42.500 TL,42500
Konak,2+1,42.500 TL,42500
Konak,1+1,43.000 TL,43000
Karabağlar,3+1,43.000 TL,43000
Foça,1+1,44.000 TL,44000
Çiğli,3+1,43.000 TL,43000
Balçova,2+1,42.500 TL,42500
Bergama,3+1,43.000 TL,43000
Bornova,2+1,44.000 TL,44000
Konak,1+1,44.000 TL,44000
Karşıyaka,1+1,43.000 TL,43000
Narlıdere,1+1,43.000 TL,43000
Konak,1+1,44.000 TL,44000
Karşıyaka,1+1,43.000 TL,43000
Karabağlar,3+1,44.000 TL,44000
Karşıyaka,2+1,44.500 TL,44500
Karabağlar,3+1,44.000 TL,44000
Narlıdere,3+1,43.000 TL,43000
Karşıyaka,2+1,42.500 TL,42500
Karşıyaka,2+1,43.000 TL,43000
Karşıyaka,2+1,43.000 TL,43000
Konak,3+1,43.000 TL,43000
Seferihisar,2+1,43.000 TL,43000
Menemen,3+1,44.000 TL,44000
Bornova,1+1,44.000 TL,44000
Konak,2+1,43.000 TL,43000
Bayraklı,3+1,43.000 TL,43000
Menemen,4+2,42.500 TL,42500
Buca,3+1,43.000 TL,43000
Bornova,1+1,42.500 TL,42500
Karabağlar,3+1,44.500 TL,44500
Karşıyaka,2+1,42.500 TL,42500
Konak,3+1,42.500 TL,42500
Karşıyaka,3+1,44.000 TL,44000
Çiğli,3+1,43.000 TL,43000
Karşıyaka,3+1,43.000 TL,43000
Torbalı,3+1,43.000 TL,43000
Bayraklı,3+1,42.500 TL,42500
Bayraklı,3+1,42.500 TL,42500
Balçova,2+1,42.500 TL,42500
Gaziemir,3+1,43.000 TL,43000
Balçova,2+1,43.000 TL,43000
Bornova,3+1,43.500 TL,43500
Karşıyaka,2+1,43.000 TL,43000
Bornova,1+1,42.500 TL,42500
Bornova,1+1,42.500 TL,42500
Bornova,1+1,44.000 TL,44000
Menemen,3+1,43.000 TL,43000
Bornova,3+1,43.000 TL,43000
Bornova,1+1,44.000 TL,44000
Karşıyaka,3+1,43.000 TL,43000
Güzelbahçe,1+1,42.500 TL,42500
Bornova,1+1,43.000 TL,43000
Bornova,2+1,43.000 TL,43000
Balçova,1+1,43.000 TL,43000
Konak,1+1,43.000 TL,43000
Karşıyaka,2+1,43.000 TL,43000
Çiğli,3+1,42.500 TL,42500
Çeşme,2+1,42.500 TL,42500
Çiğli,3+1,42.500 TL,42500
Bornova,1+1,44.500 TL,44500
Karşıyaka,2+1,43.000 TL,43000
Karşıyaka,2+1,43.000 TL,43000
Konak,2+1,44.000 TL,44000
Karşıyaka,1+1,43.000 TL,43000
Aliağa,2+1,43.000 TL,43000
Bornova,2+1,43.000 TL,43000
Narlıdere,1+1,43.000 TL,43000
Bayraklı,3+1,43.000 TL,43000
Karabağlar,3+1,42.500 TL,42500
Dikili,4+1,42.500 TL,42500
Buca,1+1,42.500 TL,42500
Bornova,2+1,44.000 TL,44000
Çiğli,3+1,42.500 TL,42500
Torbalı,3+1,42.500 TL,42500
Bornova,2+1,44.000 TL,44000
Karşıyaka,1+1,43.000 TL,43000
Karşıyaka,2+1,42.500 TL,42500
Foça,3+1,42.500 TL,42500
Karşıyaka,1+1,43.000 TL,43000
Karşıyaka,3+1,43.000 TL,43000
Bornova,3+1,42.500 TL,42500
Karabağlar,3+1,43.000 TL,43000
Çiğli,3+1,43.000 TL,43000
Çeşme,2+1,42.500 TL,42500
Bayraklı,3+1,42.500 TL,42500
Karşıyaka,3+1,43.000 TL,43000
Menemen,3+1,43.500 TL,43500
Çeşme,3+1,44.000 TL,44000
Bornova,1+1,42.500 TL,42500
Konak,2+1,44.000 TL,44000
Menemen,3+1,43.500 TL,43500
Narlıdere,3+1,43.000 TL,43000
Karşıyaka,3+1,43.000 TL,43000
Karabağlar,3+1,44.000 TL,44000
Menemen,3+1,42.500 TL,42500
Konak,1+1,44.000 TL,44000
Karşıyaka,3+1,44.000 TL,44000
Bornova,3+1,43.000 TL,43000
Konak,3+1,42.500 TL,42500
Foça,2+1,42.500 TL,42500
Karşıyaka,3+1,42.500 TL,42500
Bayraklı,2+1,43.000 TL,43000
Aliağa,2+1,43.000 TL,43000
Karşıyaka,1+1,43.000 TL,43000
Gaziemir,1+1,43.000 TL,43000
Karşıyaka,4+1,44.000 TL,44000
Karşıyaka,3+1,43.500 TL,43500
Buca,3+1,43.000 TL,43000
Karşıyaka,2+1,43.000 TL,43000
Kemalpaşa,2+1,42.500 TL,42500
Karşıyaka,3+1,43.000 TL,43000
Güzelbahçe,3+1,43.000 TL,43000
Karşıyaka,2+1,42.500 TL,42500
Karşıyaka,3+1,44.500 TL,44500
Bayraklı,1+1,42.500 TL,42500
Çiğli,2+1,43.000 TL,43000
Karşıyaka,2+1,44.000 TL,44000
Konak,1+1,43.000 TL,43000
Konak,1+1,45.000 TL,45000
Urla,2+1,45.000 TL,45000
Bornova,3+1,48.000 TL,48000
Narlıdere,3+1,45.500 TL,45500
Bayraklı,1+1,45.000 TL,45000
Karşıyaka,2+1,45.000 TL,45000
Karşıyaka,2+1,45.000 TL,45000
Torbalı,3+1,45.000 TL,45000
Karşıyaka,3+1,45.000 TL,45000
Bayraklı,4+1,45.000 TL,45000
Dikili,7+1,47.000 TL,47000
Buca,2+1,45.000 TL,45000
Seferihisar,3+1,48.000 TL,48000
Balçova,3+1,45.000 TL,45000
Foça,2+1,45.000 TL,45000
Çiğli,1+1,45.000 TL,45000
Bornova,3+1,45.000 TL,45000
Bornova,3+1,46.000 TL,46000
Bornova,3+1,45.000 TL,45000
Konak,2+1,49.000 TL,49000
Urla,3+1,45.000 TL,45000
Çiğli,2+1,48.000 TL,48000
Karşıyaka,2+1,45.000 TL,45000
Gaziemir,3+1,45.000 TL,45000
Buca,3+1,46.000 TL,46000
Konak,1+1,45.000 TL,45000
Aliağa,3+1,45.000 TL,45000
Balçova,2+1,46.000 TL,46000
Bayraklı,2+1,45.000 TL,45000
Bornova,2+1,45.000 TL,45000
Buca,3+1,45.000 TL,45000
Bornova,2+1,45.000 TL,45000
Çiğli,2+1,45.000 TL,45000
Karşıyaka,1+1,45.000 TL,45000
Bayraklı,3+1,45.000 TL,45000
Gaziemir,3+1,46.500 TL,46500
Torbalı,3+1,46.000 TL,46000
Bornova,2+1,45.000 TL,45000
Konak,3+1,49.000 TL,49000
Aliağa,3+1,45.000 TL,45000
Bornova,1+1,47.500 TL,47500
Karşıyaka,3+1,45.000 TL,45000
Menderes,3+1,45.000 TL,45000
Buca,3+1,45.000 TL,45000
Çiğli,2+1,45.000 TL,45000
Çiğli,2+1,45.000 TL,45000
Konak,2+1,45.000 TL,45000
Menderes,3+1,45.000 TL,45000
Güzelbahçe,2+1,45.000 TL,45000
Gaziemir,3+1,47.000 TL,47000
Karşıyaka,1+1,46.000 TL,46000
Güzelbahçe,3+1,45.500 TL,45500
Gaziemir,3+1,45.000 TL,45000
Konak,2+1,45.000 TL,45000
Güzelbahçe,3+1,47.500 TL,47500
Bornova,4+1,45.000 TL,45000
Konak,3+1,46.000 TL,46000
Konak,1+1,45.000 TL,45000
Çiğli,3+1,45.000 TL,45000
Karşıyaka,3+1,45.000 TL,45000
Menderes,2+1,45.000 TL,45000
Çeşme,1+1,45.000 TL,45000
Menemen,3+1,45.000 TL,45000
Foça,3+1,47.500 TL,47500
Karşıyaka,3+1,45.000 TL,45000
Karabağlar,3+1,47.500 TL,47500
Karşıyaka,3+1,46.000 TL,46000
Foça,1+1,45.000 TL,45000
Menemen,3+1,45.000 TL,45000
Karşıyaka,4+1,45.000 TL,45000
Seferihisar,3+1,45.000 TL,45000
Çiğli,3+2,45.500 TL,45500
Konak,4+1,46.000 TL,46000
Bayraklı,1+1,45.000 TL,45000
Bornova,3+1,47.000 TL,47000
Menderes,3+1,47.500 TL,47500
Narlıdere,1+1,45.000 TL,45000
Karşıyaka,1+1,45.000 TL,45000
Gaziemir,3+1,45.000 TL,45000
Bayraklı,4+1,45.000 TL,45000
Bayraklı,4+1,45.000 TL,45000
Kemalpaşa,3+1,45.000 TL,45000
Karşıyaka,3+1,49.000 TL,49000
Bornova,2+1,45.000 TL,45000
Bornova,1+1,45.000 TL,45000
Karşıyaka,3+1,45.000 TL,45000
Karşıyaka,4+1,48.000 TL,48000
Bornova,2+1,46.000 TL,46000
Konak,3+1,46.000 TL,46000
Aliağa,3+1,46.500 TL,46500
Menderes,3+1,48.000 TL,48000
Bayraklı,3+1,49.000 TL,49000
Bayraklı,1+1,45.000 TL,45000
Karşıyaka,3+1,46.000 TL,46000
Gaziemir,3+1,48.000 TL,48000
Bornova,4+1,45.000 TL,45000
Gaziemir,2+1,45.000 TL,45000
Çiğli,3+1,45.000 TL,45000
Seferihisar,3+1,47.000 TL,47000
Menemen,3+1,45.000 TL,45000
Karşıyaka,3+1,49.000 TL,49000
Konak,1+1,45.000 TL,45000
Bayraklı,3+1,45.000 TL,45000
Karşıyaka,3+1,49.000 TL,49000
Karşıyaka,3+1,45.000 TL,45000
Seferihisar,3+1,48.000 TL,48000
Bayraklı,1+1,45.000 TL,45000
Bornova,3+1,46.000 TL,46000
Buca,3+1,48.000 TL,48000
Buca,2+1,45.000 TL,45000
Urla,2+1,45.000 TL,45000
Bornova,1+1,47.500 TL,47500
Bayraklı,3+1,46.200 TL,46200
Çiğli,3+1,45.000 TL,45000
Gaziemir,2+1,49.000 TL,49000
Karabağlar,3+1,47.500 TL,47500
Konak,1+1,45.000 TL,45000
Konak,1+1,45.000 TL,45000
Güzelbahçe,3+1,48.000 TL,48000
Bornova,1+1,48.000 TL,48000
Bayraklı,3+1,45.000 TL,45000
Güzelbahçe,3+1,45.000 TL,45000
Çeşme,2+1,45.000 TL,45000
Urla,3+1,45.000 TL,45000
Menderes,3+1,46.000 TL,46000
Güzelbahçe,3+1,46.000 TL,46000
Gaziemir,3+1,47.000 TL,47000
Bornova,3+1,45.000 TL,45000
Çeşme,2+1,45.000 TL,45000
Aliağa,4+1,45.000 TL,45000
Seferihisar,2+1,45.000 TL,45000
Aliağa,3+1,48.000 TL,48000
Dikili,4+2,45.000 TL,45000
Urla,2+1,45.000 TL,45000
Çiğli,3+1,49.500 TL,49500
Konak,4+1,47.500 TL,47500
Aliağa,3+1,45.000 TL,45000
Bayraklı,2+1,45.000 TL,45000
Karşıyaka,3+1,45.000 TL,45000
Karşıyaka,2+1,45.000 TL,45000
Karşıyaka,2+1,45.000 TL,45000
Bornova,2+1,45.000 TL,45000
Bornova,3+1,45.000 TL,45000
Urla,3+1,45.000 TL,45000
Çeşme,3+1,45.000 TL,45000
Balçova,1+1,45.000 TL,45000
Bornova,2+1,45.000 TL,45000
Balçova,2+1,47.500 TL,47500
Seferihisar,3+1,47.000 TL,47000
Bornova,2+1,49.000 TL,49000
Güzelbahçe,2+1,45.000 TL,45000
Konak,2+1,45.000 TL,45000
Karşıyaka,3+1,45.000 TL,45000
Konak,2.5+1,45.000 TL,45000
Konak,1+1,45.000 TL,45000
Karabağlar,3+1,47.000 TL,47000
Konak,1+1,49.500 TL,49500
Urla,2+1,48.500 TL,48500
Çeşme,2+1,45.000 TL,45000
Karşıyaka,3+1,45.000 TL,45000
Karşıyaka,2+1,45.000 TL,45000
Çiğli,1+1,48.000 TL,48000
Seferihisar,3+1,47.000 TL,47000
Dikili,4+1,48.000 TL,48000
Karşıyaka,2+1,45.000 TL,45000
Menemen,2+1,45.000 TL,45000
Karşıyaka,3+1,48.500 TL,48500
Balçova,3+1,47.000 TL,47000
Karşıyaka,3+1,45.000 TL,45000
Buca,3+1,45.000 TL,45000
Bornova,3+1,45.000 TL,45000
Bornova,4+1,47.000 TL,47000
Balçova,2+1,47.500 TL,47500
Narlıdere,3+1,45.000 TL,45000
Seferihisar,4+1,45.000 TL,45000
Çiğli,3+1,45.000 TL,45000
Karşıyaka,3+1,45.000 TL,45000
Menemen,2+1,47.000 TL,47000
Seferihisar,4+2,47.500 TL,47500
Karşıyaka,2+1,48.000 TL,48000
Bayraklı,2+1,45.000 TL,45000
Karşıyaka,3+1,45.000 TL,45000
Balçova,2+1,45.000 TL,45000
Karşıyaka,3+1,45.000 TL,45000
Bornova,1+1,48.500 TL,48500
Balçova,3+1,47.500 TL,47500
Karşıyaka,1+1,47.000 TL,47000
Balçova,3+1,47.000 TL,47000
Bornova,3+1,45.000 TL,45000
Karşıyaka,3+1,45.000 TL,45000
Karşıyaka,3+1,45.000 TL,45000
Bornova,1+1,47.000 TL,47000
Konak,1+1,45.000 TL,45000
Karşıyaka,3+1,47.500 TL,47500
Bornova,4+1,48.000 TL,48000
Karşıyaka,3+1,45.000 TL,45000
Urla,3+2,45.000 TL,45000
Karşıyaka,3+1,46.000 TL,46000
Karşıyaka,3+1,45.000 TL,45000
Urla,3+1,48.000 TL,48000
Karşıyaka,3+1,45.000 TL,45000
Balçova,3+1,45.000 TL,45000
Karşıyaka,3+1,45.000 TL,45000
Karşıyaka,3+1,48.000 TL,48000
Çiğli,3+1,47.500 TL,47500
Çiğli,2+1,45.000 TL,45000
Foça,4+1,47.500 TL,47500
Aliağa,2+1,45.000 TL,45000
Karşıyaka,3+1,48.000 TL,48000
Aliağa,3.5+1,48.000 TL,48000
Konak,3+1,45.000 TL,45000
Konak,2+1,45.000 TL,45000
Karşıyaka,2+1,45.000 TL,45000
Karşıyaka,2+1,45.000 TL,45000
Seferihisar,2+1,45.000 TL,45000
Konak,3+1,45.000 TL,45000
Karşıyaka,2+1,48.000 TL,48000
Konak,3+1,47.000 TL,47000
Foça,3+1,46.000 TL,46000
Bayraklı,3+1,47.000 TL,47000
Güzelbahçe,3+1,45.000 TL,45000
Konak,3+1,45.000 TL,45000
Karşıyaka,3+1,45.000 TL,45000
Konak,3+1,45.000 TL,45000
Karşıyaka,2+1,45.000 TL,45000
Menderes,1+1,45.000 TL,45000
Karşıyaka,4+1,45.000 TL,45000
Karabağlar,2+1,45.000 TL,45000
Gaziemir,2+1,45.000 TL,45000
Karabağlar,2+1,45.000 TL,45000
Gaziemir,3+1,45.000 TL,45000
Buca,3+1,45.000 TL,45000
Buca,3+1,45.000 TL,45000
Karşıyaka,3+1,46.500 TL,46500
Konak,4+1,45.000 TL,45000
Karaburun,3+1,47.000 TL,47000
Karşıyaka,2+1,49.000 TL,49000
Karşıyaka,2+1,45.000 TL,45000
Bayraklı,1+1,45.000 TL,45000
Karşıyaka,3+1,49.000 TL,49000
Bornova,1+1,45.000 TL,45000
Karşıyaka,3+1,45.000 TL,45000
Konak,3+1,49.000 TL,49000
Menderes,3+1,48.000 TL,48000
Bornova,2+1,47.500 TL,47500
Bayraklı,3+1,46.000 TL,46000
Bayraklı,1+1,45.000 TL,45000
Bornova,1+1,48.000 TL,48000
Bornova,1+1,45.000 TL,45000
Karşıyaka,3+1,48.000 TL,48000
Konak,3+1,45.000 TL,45000
Karşıyaka,2+1,45.000 TL,45000
Karşıyaka,3+1,48.000 TL,48000
Konak,3+1,45.000 TL,45000
Narlıdere,3+1,45.000 TL,45000
Karşıyaka,2+1,49.000 TL,49000
Karaburun,4+1,47.000 TL,47000
Balçova,3+1,45.000 TL,45000
Çiğli,3+1,49.500 TL,49500
Seferihisar,4+1,47.500 TL,47500
Seferihisar,3+1,47.500 TL,47500
Çiğli,2+1,49.000 TL,49000
Menderes,2+1,45.000 TL,45000
Karşıyaka,3+1,45.000 TL,45000
Aliağa,3+1,45.000 TL,45000
Karşıyaka,3+1,45.000 TL,45000
Karabağlar,3+1,45.000 TL,45000
Narlıdere,3+1,45.000 TL,45000
Dikili,3+1,45.000 TL,45000
Bayraklı,3+1,48.000 TL,48000
Bayraklı,3+1,48.000 TL,48000
Çeşme,1+1,45.000 TL,45000
Çiğli,4+1,45.000 TL,45000
Bayraklı,4+1,48.000 TL,48000
Bornova,2+1,45.000 TL,45000
Selçuk,1+1,45.000 TL,45000
Karşıyaka,3+1,45.000 TL,45000
Seferihisar,Stüdyo (1+0),45.000 TL,45000
Çiğli,2+1,45.000 TL,45000
Aliağa,4+1,48.000 TL,48000
Konak,1+1,45.000 TL,45000
Buca,4+1,45.000 TL,45000
Bayraklı,1+1,46.000 TL,46000
Narlıdere,3+1,45.000 TL,45000
Konak,2+1,45.000 TL,45000
Çiğli,2+1,45.000 TL,45000
Konak,4+2,48.000 TL,48000
Bayraklı,1+1,48.000 TL,48000
Güzelbahçe,1+1,45.000 TL,45000
Karabağlar,3+1,48.000 TL,48000
Konak,3+1,45.000 TL,45000
Bayraklı,1+1,45.000 TL,45000
Karşıyaka,3+1,45.000 TL,45000
Aliağa,3+1,46.000 TL,46000
Karşıyaka,3+1,45.000 TL,45000
Çeşme,1+1,45.000 TL,45000
Seferihisar,2+1,45.000 TL,45000
Karşıyaka,4+1,47.000 TL,47000
Menderes,3+1,45.000 TL,45000
Karşıyaka,2+1,45.000 TL,45000
Konak,3+1,45.000 TL,45000
Konak,2+1,47.000 TL,47000
Bornova,3+1,45.000 TL,45000
Karabağlar,3+1,45.000 TL,45000
Bayraklı,1+1,45.000 TL,45000
Bayraklı,1+1,45.000 TL,45000
Narlıdere,3+1,48.000 TL,48000
Bayraklı,3+1,45.000 TL,45000
Konak,4+1,47.000 TL,47000
Foça,3+1,48.500 TL,48500
Karşıyaka,1+1,47.500 TL,47500
Aliağa,4+1,45.000 TL,45000
Bornova,1+1,48.000 TL,48000
Çeşme,2+1,45.000 TL,45000
Bornova,1+1,45.000 TL,45000
Çeşme,1.5+1,45.000 TL,45000
Bayraklı,3+1,49.000 TL,49000
Karşıyaka,1+1,45.000 TL,45000
Bayraklı,1+1,45.000 TL,45000
Buca,3+1,45.000 TL,45000
Bornova,2+1,46.500 TL,46500
Balçova,3+1,49.000 TL,49000
Balçova,2+1,45.000 TL,45000
Aliağa,3+1,45.000 TL,45000
Bayraklı,3+1,45.000 TL,45000
Konak,3+1,45.000 TL,45000
Bornova,2+1,45.000 TL,45000
Bornova,3+1,48.000 TL,48000
Konak,1+1,49.000 TL,49000
Bornova,3+1,45.000 TL,45000
Karabağlar,3+1,45.000 TL,45000
Seferihisar,3+1,46.000 TL,46000
Konak,2+1,45.000 TL,45000
Karşıyaka,1+1,45.000 TL,45000
Konak,,48.000 TL,48000
Karşıyaka,3+1,45.500 TL,45500
Gaziemir,3+1,48.000 TL,48000
Konak,1+1,48.000 TL,48000
Karşıyaka,3+1,45.000 TL,45000
Buca,3+1,45.000 TL,45000
Bayraklı,1+1,45.000 TL,45000
Gaziemir,2+1,47.000 TL,47000
Karşıyaka,3+1,46.000 TL,46000
Karşıyaka,2+1,45.000 TL,45000
Konak,2+1,45.000 TL,45000
Konak,2+1,45.000 TL,45000
Konak,2+1,49.000 TL,49000
Buca,3+1,45.000 TL,45000
Karşıyaka,2+1,45.000 TL,45000
Menemen,3+1,45.000 TL,45000
Bornova,1+1,45.000 TL,45000
Bornova,3+1,45.000 TL,45000
Güzelbahçe,2+1,45.000 TL,45000
Çeşme,1+1,45.000 TL,45000
Bayraklı,1+1,49.000 TL,49000
Karşıyaka,1+1,45.000 TL,45000
Menderes,3+1,45.000 TL,45000
Buca,2+1,45.000 TL,45000
Aliağa,3+1,45.000 TL,45000
Bayraklı,2+1,45.000 TL,45000
Gaziemir,3+1,48.000 TL,48000
Güzelbahçe,2+1,45.000 TL,45000
Güzelbahçe,2+1,45.000 TL,45000
Balçova,3+1,45.000 TL,45000
Çiğli,3+1,45.000 TL,45000
Bayraklı,3+1,45.000 TL,45000
Karşıyaka,2+1,45.000 TL,45000
Bayraklı,1+1,45.000 TL,45000
Karşıyaka,3+1,45.000 TL,45000
Karşıyaka,1+1,45.000 TL,45000
Konak,3+1,45.000 TL,45000
Menemen,2+1,45.000 TL,45000
Güzelbahçe,2+1,46.000 TL,46000
Seferihisar,3+1,45.000 TL,45000
Güzelbahçe,3+1,49.000 TL,49000
Konak,1+1,45.000 TL,45000
Çeşme,3+1,45.000 TL,45000
Seferihisar,2+1,45.000 TL,45000
Karşıyaka,1+1,46.000 TL,46000
Gaziemir,3+1,47.000 TL,47000
Narlıdere,3+1,45.000 TL,45000
Karşıyaka,3+1,48.000 TL,48000
Menderes,2+1,45.000 TL,45000
Menemen,3+1,45.000 TL,45000
Karşıyaka,3+1,47.500 TL,47500
Gaziemir,2+1,45.000 TL,45000
Karşıyaka,3+1,45.000 TL,45000
Konak,3+1,45.000 TL,45000
Konak,1+1,45.000 TL,45000
Karabağlar,4+1,45.000 TL,45000
Karşıyaka,3+1,45.000 TL,45000
Karşıyaka,3+1,49.000 TL,49000
Foça,3+1,45.000 TL,45000
Bornova,3+1,45.000 TL,45000
Balçova,2+1,45.000 TL,45000
Aliağa,3+1,45.000 TL,45000
Karşıyaka,2+1,45.000 TL,45000
Bayraklı,2+1,48.000 TL,48000
Bornova,2+1,45.000 TL,45000
Çiğli,2+1,49.500 TL,49500
Çeşme,3+1,45.000 TL,45000
Çeşme,3+1,45.000 TL,45000
Narlıdere,2+1,45.000 TL,45000
Çiğli,2+1,48.500 TL,48500
Karşıyaka,3+1,45.000 TL,45000
Konak,1+1,49.000 TL,49000
Urla,2+1,45.000 TL,45000
Bayraklı,2+1,46.000 TL,46000
Çiğli,3+1,45.000 TL,45000
Bayraklı,1+1,45.000 TL,45000
Narlıdere,3+1,45.000 TL,45000
Buca,2+1,45.000 TL,45000
Balçova,3+1,48.000 TL,48000
Menderes,3+1,48.000 TL,48000
Aliağa,4+1,47.000 TL,47000
Buca,3+1,45.000 TL,45000
Konak,2+1,45.000 TL,45000
Konak,1+1,46.000 TL,46000
Buca,3+1,49.750 TL,49750
Konak,3+1,45.000 TL,45000
Karabağlar,2+1,45.000 TL,45000
Seferihisar,2+1,45.000 TL,45000
Bornova,2+1,47.500 TL,47500
Karşıyaka,3+1,45.000 TL,45000
Karşıyaka,4+2,45.000 TL,45000
Karşıyaka,1+1,45.000 TL,45000
Bayraklı,3+1,47.500 TL,47500
Urla,3+1,45.000 TL,45000
Seferihisar,2+1,45.000 TL,45000
Buca,2+1,47.000 TL,47000
Bornova,1+1,45.000 TL,45000
Karşıyaka,2+1,45.000 TL,45000
Çeşme,2+1,45.000 TL,45000
Karşıyaka,3+1,45.000 TL,45000
Konak,2+1,46.000 TL,46000
Bornova,1+1,48.500 TL,48500
Karşıyaka,2+1,45.000 TL,45000
Gaziemir,2+1,45.000 TL,45000
Güzelbahçe,3+1,48.000 TL,48000
Karabağlar,2+1,45.000 TL,45000
Karşıyaka,2+1,45.000 TL,45000
Çiğli,3+1,45.000 TL,45000
Güzelbahçe,2+1,45.000 TL,45000
Bayraklı,2+1,46.000 TL,46000
Menderes,2+1,47.000 TL,47000
Karşıyaka,4+1,45.000 TL,45000
Bornova,1+1,45.000 TL,45000
Çeşme,3+1,45.000 TL,45000
Urla,3+1,45.000 TL,45000
Konak,3+1,45.000 TL,45000
Karabağlar,2+1,45.000 TL,45000
Balçova,3+1,49.000 TL,49000
Bornova,1+1,45.000 TL,45000
Seferihisar,4+1,45.000 TL,45000
Gaziemir,3+1,45.000 TL,45000
Karşıyaka,2+1,45.000 TL,45000
Buca,3+1,45.000 TL,45000
Balçova,2+1,47.500 TL,47500
Çeşme,1+1,45.000 TL,45000
Seferihisar,3+1,45.000 TL,45000
Foça,4+1,45.000 TL,45000
Gaziemir,3+1,49.000 TL,49000
Konak,2+1,45.000 TL,45000
Karşıyaka,3+1,45.000 TL,45000
Bornova,2+1,45.000 TL,45000
Karşıyaka,2+1,48.000 TL,48000
Karşıyaka,3+1,45.000 TL,45000
Urla,3+1,48.000 TL,48000
Konak,3+1,45.000 TL,45000
Karşıyaka,2+1,45.000 TL,45000
Karşıyaka,3+1,49.000 TL,49000
Bayraklı,3+1,49.500 TL,49500
Karabağlar,3+1,45.000 TL,45000
Güzelbahçe,2+1,49.000 TL,49000
Bayraklı,2+1,48.000 TL,48000
Konak,1+1,45.000 TL,45000
Narlıdere,3+1,47.000 TL,47000
Bornova,2+1,47.000 TL,47000
Balçova,3+1,47.500 TL,47500
Karşıyaka,4+1,49.000 TL,49000
Balçova,1+1,45.000 TL,45000
Bornova,1+1,45.000 TL,45000
Karşıyaka,5+1,45.000 TL,45000
Torbalı,2+1,45.000 TL,45000
Çeşme,2+1,48.000 TL,48000
Çiğli,3+1,45.000 TL,45000
Karabağlar,3+1,45.000 TL,45000
Torbalı,4+1,45.000 TL,45000
Karşıyaka,3+1,45.000 TL,45000
Karşıyaka,1+1,45.000 TL,45000
Bornova,2+1,45.000 TL,45000
Seferihisar,2+1,45.000 TL,45000
Narlıdere,3+1,47.000 TL,47000
Gaziemir,3+1,47.000 TL,47000
Çiğli,2+1,45.000 TL,45000
Çeşme,1+1,45.000 TL,45000
Narlıdere,3+1,45.000 TL,45000
Karşıyaka,3+1,45.000 TL,45000
Konak,3+1,45.000 TL,45000
Konak,3+1,45.000 TL,45000
Gaziemir,3+1,45.000 TL,45000
Çeşme,3+1,45.000 TL,45000
Menderes,3+1,45.000 TL,45000
Narlıdere,3+1,47.500 TL,47500
Menemen,3+1,48.000 TL,48000
Karşıyaka,3+1,45.000 TL,45000
Bayraklı,3+1,45.000 TL,45000
Bayraklı,1+1,45.000 TL,45000
Bayraklı,1+1,45.000 TL,45000
Konak,3+1,46.000 TL,46000
Bayraklı,2+1,46.000 TL,46000
Çiğli,2+1,45.000 TL,45000
Gaziemir,3+1,48.000 TL,48000
Aliağa,3+1,45.000 TL,45000
Karabağlar,3+1,47.000 TL,47000
Karşıyaka,3+1,45.000 TL,45000
Gaziemir,3+1,49.000 TL,49000
Buca,3+1,45.000 TL,45000
Karabağlar,3+1,47.000 TL,47000
Çiğli,4+1,45.000 TL,45000
Karşıyaka,3+1,47.000 TL,47000
Bayraklı,3+1,45.000 TL,45000
Kemalpaşa,,45.000 TL,45000
Aliağa,8+2,45.000 TL,45000
Balçova,2+1,49.500 TL,49500
Konak,1+1,45.000 TL,45000
Çiğli,1+1,45.500 TL,45500
Karşıyaka,2+1,45.000 TL,45000
Bornova,3+1,47.000 TL,47000
Konak,1+1,45.000 TL,45000
Bayraklı,3+1,47.000 TL,47000
Karabağlar,3+1,45.000 TL,45000
Karşıyaka,2+1,45.000 TL,45000
Seferihisar,3+1,45.000 TL,45000
Bornova,1+1,45.000 TL,45000
Urla,2+1,48.000 TL,48000
Çeşme,1+1,47.000 TL,47000
Menderes,3+1,47.500 TL,47500
Karşıyaka,1+1,45.000 TL,45000
Bornova,3+1,45.000 TL,45000
Karşıyaka,1+1,45.000 TL,45000
Karşıyaka,2+1,47.000 TL,47000
Karşıyaka,3+1,49.000 TL,49000
Buca,3+1,47.000 TL,47000
Seferihisar,2+1,45.000 TL,45000
Seferihisar,3+1,46.000 TL,46000
Konak,2+1,48.000 TL,48000
Urla,3+1,45.000 TL,45000
Çeşme,2+1,45.000 TL,45000
Bayraklı,3+1,45.000 TL,45000
Karşıyaka,2+1,45.000 TL,45000
Karabağlar,3+1,46.000 TL,46000
Çeşme,1+1,45.000 TL,45000
Menemen,3+1,45.500 TL,45500
Bornova,3+1,45.000 TL,45000
Karşıyaka,3+1,45.000 TL,45000
Karşıyaka,2+1,45.000 TL,45000
Buca,3+1,47.500 TL,47500
Karşıyaka,3+1,45.000 TL,45000
Gaziemir,3+1,49.000 TL,49000
Karşıyaka,2+1,48.000 TL,48000
Karşıyaka,3+1,47.000 TL,47000
Bornova,1+1,45.000 TL,45000
Menemen,2+1,45.000 TL,45000
Karabağlar,3+1,45.000 TL,45000
Menemen,3+1,45.000 TL,45000
Bornova,2+1,45.000 TL,45000
Konak,3+1,49.000 TL,49000
Foça,3+1,48.000 TL,48000
Çeşme,1+1,45.000 TL,45000
Karşıyaka,2+1,45.000 TL,45000
Karşıyaka,3+1,45.000 TL,45000
Çeşme,2+1,45.000 TL,45000
Karşıyaka,3+1,45.000 TL,45000
Gaziemir,3+1,48.000 TL,48000
Menemen,3+1,45.000 TL,45000
Konak,1+1,45.000 TL,45000
Balçova,3+1,45.000 TL,45000
Urla,2+1,45.000 TL,45000
Karşıyaka,3+1,45.000 TL,45000
Karşıyaka,2+1,45.000 TL,45000
Karabağlar,3+1,45.000 TL,45000
Bornova,2+1,45.000 TL,45000
Balçova,3+1,47.500 TL,47500
Karşıyaka,3+1,49.000 TL,49000
Bornova,2+1,45.000 TL,45000
Menderes,2+1,45.000 TL,45000
Karşıyaka,3+1,47.000 TL,47000
Konak,1+1,45.000 TL,45000
Güzelbahçe,2+1,45.000 TL,45000
Bayraklı,4+1,45.000 TL,45000
Torbalı,3+1,45.000 TL,45000
Karşıyaka,3+1,45.000 TL,45000
Bayraklı,3+1,45.000 TL,45000
Karşıyaka,3+1,47.500 TL,47500
Karşıyaka,1+1,46.000 TL,46000
Konak,3+1,45.000 TL,45000
Çeşme,2+1,45.000 TL,45000
Konak,3+1,45.000 TL,45000
Bayraklı,3+1,45.000 TL,45000
Bornova,2+1,48.000 TL,48000
Buca,3+1,45.000 TL,45000
Bornova,2+1,45.000 TL,45000
Konak,1+1,45.000 TL,45000
Aliağa,5+2,45.000 TL,45000
Bornova,1+1,45.000 TL,45000
Bayraklı,2+1,48.000 TL,48000
Karşıyaka,3+1,48.000 TL,48000
Menemen,2+1,45.000 TL,45000
Karşıyaka,3+1,48.000 TL,48000
Bayraklı,3+1,48.000 TL,48000
Karşıyaka,2+1,45.000 TL,45000
Balçova,2+1,45.000 TL,45000
Çeşme,2+1,45.000 TL,45000
Bayraklı,1+1,45.000 TL,45000
Urla,2+1,48.000 TL,48000
Konak,2+1,48.500 TL,48500
Karşıyaka,3+1,45.000 TL,45000
Karaburun,5+1,45.000 TL,45000
Konak,3+1,48.500 TL,48500
Bornova,3+1,45.000 TL,45000
Buca,3+1,49.500 TL,49500
Karşıyaka,3+1,45.000 TL,45000
Karşıyaka,3+1,45.000 TL,45000
Menderes,3+2,45.000 TL,45000
Karşıyaka,3+1,45.000 TL,45000
Bayraklı,2+1,48.000 TL,48000
Gaziemir,3+1,45.000 TL,45000
Karşıyaka,4+1,45.000 TL,45000
Karabağlar,2+1,45.000 TL,45000
Aliağa,3+1,45.000 TL,45000
Karabağlar,3+1,45.000 TL,45000
Karabağlar,3+1,49.000 TL,49000
Menderes,2+1,47.000 TL,47000
Karşıyaka,3+1,45.000 TL,45000
Konak,1+1,45.000 TL,45000
Güzelbahçe,1+1,45.000 TL,45000
Konak,2+1,45.000 TL,45000
Gaziemir,2+1,45.000 TL,45000
Çiğli,2+1,45.000 TL,45000
Karşıyaka,4+1,48.000 TL,48000
Urla,2+1,45.000 TL,45000
Tire,4.5+1,45.000 TL,45000
Karşıyaka,2+1,48.000 TL,48000
Bayraklı,3+1,47.000 TL,47000
Urla,2+1,45.000 TL,45000
Balçova,4+1,45.000 TL,45000
Karşıyaka,3+1,45.000 TL,45000
Bornova,1+1,45.000 TL,45000
Menemen,1+1,47.000 TL,47000
Çeşme,2+1,45.000 TL,45000
Menemen,2+1,49.000 TL,49000
Konak,2+1,45.000 TL,45000
Bornova,1+1,46.000 TL,46000
Bornova,3+1,49.000 TL,49000
Konak,1+1,45.000 TL,45000
Karşıyaka,3+1,49.000 TL,49000
Narlıdere,3+1,45.000 TL,45000
Aliağa,2+1,45.000 TL,45000
Çiğli,3+1,45.000 TL,45000
Urla,2+1,45.000 TL,45000
Bornova,4+1,45.000 TL,45000
Çiğli,3+1,48.000 TL,48000
Çeşme,1+1,45.000 TL,45000
Karşıyaka,2+1,45.000 TL,45000
Çiğli,2+1,45.000 TL,45000
Konak,1+1,49.000 TL,49000
Çiğli,2+1,45.000 TL,45000
Menderes,3+1,45.000 TL,45000
Çeşme,1+1,47.500 TL,47500
Konak,2+1,45.000 TL,45000
Bornova,1+1,45.000 TL,45000
Menemen,3+1,45.000 TL,45000
Karabağlar,3+1,46.000 TL,46000
Bayraklı,1+1,45.000 TL,45000
Bornova,1+1,47.500 TL,47500
Bayraklı,1+1,45.000 TL,45000
Bornova,2+1,45.000 TL,45000
Bornova,2+1,46.500 TL,46500
Gaziemir,3+1,48.000 TL,48000
Torbalı,3+1,47.000 TL,47000
Urla,1+1,45.000 TL,45000
Bornova,2+1,45.000 TL,45000
Bornova,1+1,45.000 TL,45000
Konak,1+1,45.000 TL,45000
Balçova,3+1,45.000 TL,45000
Bornova,1+1,46.000 TL,46000
Bornova,1+1,45.000 TL,45000
Konak,1+1,45.000 TL,45000
Konak,1+1,46.000 TL,46000
Çeşme,3+1,45.000 TL,45000
Konak,1+1,49.000 TL,49000
Balçova,3+1,46.000 TL,46000
Bayraklı,3+1,48.500 TL,48500
Bayraklı,3+1,45.000 TL,45000
Menemen,4+2,45.000 TL,45000
Menemen,4+2,45.000 TL,45000
Bayraklı,3+1,45.000 TL,45000
Karabağlar,3+1,45.000 TL,45000
Urla,3+1,47.500 TL,47500
Narlıdere,3+1,50.000 TL,50000
Konak,3+1,52.000 TL,52000
Çiğli,2+1,50.000 TL,50000
Balçova,4+2,55.000 TL,55000
Karşıyaka,4+1,50.000 TL,50000
Menderes,3+1,55.000 TL,55000
Konak,1+1,50.000 TL,50000
Narlıdere,4+1,59.000 TL,59000
Narlıdere,3+1,58.000 TL,58000
Karşıyaka,2+1,53.000 TL,53000
Konak,1+1,55.000 TL,55000
Çiğli,1+1,50.000 TL,50000
Güzelbahçe,2+1,55.000 TL,55000
Karşıyaka,3+1,55.000 TL,55000
Buca,1+1,55.000 TL,55000
Konak,3+1,50.000 TL,50000
Konak,,52.000 TL,52000
Bornova,3+1,50.000 TL,50000
Menderes,3+1,50.000 TL,50000
Bayraklı,2+1,52.000 TL,52000
Seferihisar,3+1,55.000 TL,55000
Karabağlar,3+1,55.000 TL,55000
Karşıyaka,1+1,50.000 TL,50000
Foça,1+1,50.000 TL,50000
Karşıyaka,3+1,55.000 TL,55000
Dikili,3+1,55.000 TL,55000
Karşıyaka,3+1,57.000 TL,57000
Bornova,2+1,55.000 TL,55000
Konak,1+1,53.000 TL,53000
Bayraklı,3+1,52.000 TL,52000
Çiğli,3+1,50.000 TL,50000
Gaziemir,1+1,52.000 TL,52000
Karşıyaka,3+1,55.000 TL,55000
Urla,2+1,50.000 TL,50000
Karabağlar,3+1,50.000 TL,50000
Foça,1+1,50.000 TL,50000
Narlıdere,3+1,50.000 TL,50000
Bornova,3+1,55.000 TL,55000
Bayraklı,3+1,55.000 TL,55000
Çeşme,2+1,55.000 TL,55000
Karşıyaka,3+1,50.000 TL,50000
Karabağlar,2+1,50.000 TL,50000
Çiğli,2+1,50.000 TL,50000
Karşıyaka,4+1,50.000 TL,50000
Narlıdere,3+1,50.000 TL,50000
Konak,,55.000 TL,55000
Konak,3+1,50.000 TL,50000
Konak,3+1,55.000 TL,55000
Konak,1+1,57.000 TL,57000
Bornova,2+1,50.000 TL,50000
Karşıyaka,3+1,55.000 TL,55000
Foça,3+1,50.000 TL,50000
Konak,4+1,55.000 TL,55000
Bornova,1+1,55.000 TL,55000
Foça,3+1,55.000 TL,55000
Güzelbahçe,3+1,55.000 TL,55000
Karşıyaka,3+1,50.000 TL,50000
Buca,4+1,50.000 TL,50000
Balçova,3+1,52.500 TL,52500
Menemen,3+1,50.000 TL,50000
Konak,3+1,50.000 TL,50000
Menderes,3+1,50.000 TL,50000
Narlıdere,3+1,56.000 TL,56000
Buca,3+1,50.000 TL,50000
Foça,3+1,55.000 TL,55000
Aliağa,3+1,50.000 TL,50000
Karşıyaka,3+1,50.000 TL,50000
Bayraklı,3+1,54.000 TL,54000
Karşıyaka,2+1,55.000 TL,55000
Gaziemir,1+1,57.000 TL,57000
Çiğli,2+1,55.000 TL,55000
Bornova,3+1,54.000 TL,54000
Konak,3+1,55.000 TL,55000
Narlıdere,3+1,58.000 TL,58000
Konak,3+1,55.000 TL,55000
Balçova,2+1,50.000 TL,50000
Foça,4+1,55.000 TL,55000
Menderes,4+1,59.999 TL,59999
Konak,1+1,50.000 TL,50000
Gaziemir,4+1,55.000 TL,55000
Karabağlar,3+1,50.000 TL,50000
Karşıyaka,2+1,55.000 TL,55000
Urla,1+1,50.000 TL,50000
Karşıyaka,4+1,58.000 TL,58000
Çeşme,2+1,50.000 TL,50000
Çeşme,2+1,52.000 TL,52000
Karşıyaka,2+1,50.000 TL,50000
Gaziemir,3+1,55.000 TL,55000
Konak,3+1,55.000 TL,55000
Çiğli,2+1,50.000 TL,50000
Karşıyaka,2+1,55.000 TL,55000
Konak,2+1,55.000 TL,55000
Bornova,2+1,54.000 TL,54000
Konak,1+1,52.000 TL,52000
Balçova,2+1,55.000 TL,55000
Urla,2+1,50.000 TL,50000
Seferihisar,3+1,50.000 TL,50000
Karşıyaka,3+1,55.000 TL,55000
Menderes,5+1,52.000 TL,52000
Urla,2+1,55.000 TL,55000
Karşıyaka,3+1,58.000 TL,58000
Bornova,2+1,52.000 TL,52000
Bayraklı,3+1,50.000 TL,50000
Bayraklı,2+1,55.000 TL,55000
Urla,1+1,50.000 TL,50000
Karşıyaka,3+1,54.000 TL,54000
Menemen,3+2,50.000 TL,50000
Kemalpaşa,3+1,56.000 TL,56000
Narlıdere,3+1,55.000 TL,55000
Seferihisar,3+1,56.000 TL,56000
Bornova,2+1,55.000 TL,55000
Seferihisar,3+1,50.000 TL,50000
Karabağlar,3+1,56.000 TL,56000
Bornova,2+1,57.500 TL,57500
Dikili,4+1,50.000 TL,50000
Menemen,2+1,55.000 TL,55000
Konak,1+1,53.000 TL,53000
Narlıdere,3+1,50.000 TL,50000
Güzelbahçe,3+1,58.000 TL,58000
Çiğli,2+1,50.000 TL,50000
Karaburun,3+1,55.000 TL,55000
Bornova,2+1,52.500 TL,52500
Aliağa,4+1,50.000 TL,50000
Karşıyaka,4+1,50.000 TL,50000
Çeşme,1+1,55.000 TL,55000
Karaburun,2+1,50.000 TL,50000
Gaziemir,3+1,50.000 TL,50000
Konak,4+1,55.000 TL,55000
Bayraklı,3+1,50.000 TL,50000
Karaburun,4+1,50.000 TL,50000
Konak,1+1,50.000 TL,50000
Karşıyaka,4+1,57.500 TL,57500
Güzelbahçe,3+1,50.000 TL,50000
Çeşme,1+1,55.000 TL,55000
Karşıyaka,2+1,52.500 TL,52500
Narlıdere,4+1,55.000 TL,55000
Menderes,3+1,50.000 TL,50000
Menemen,3+1,58.000 TL,58000
Güzelbahçe,3+1,52.000 TL,52000
Karşıyaka,2+1,52.000 TL,52000
Urla,3+1,59.000 TL,59000
Bornova,2+1,50.000 TL,50000
Balçova,3+1,50.000 TL,50000
Karşıyaka,,50.000 TL,50000
Bornova,2+1,59.900 TL,59900
Konak,2+1,50.000 TL,50000
Urla,3+1,50.000 TL,50000
Menderes,3+1,50.000 TL,50000
Karşıyaka,3+1,50.000 TL,50000
Buca,2+1,50.000 TL,50000
Karşıyaka,3+1,55.000 TL,55000
Bayraklı,2+1,52.000 TL,52000
Konak,2+1,50.000 TL,50000
Dikili,3+1,50.000 TL,50000
Buca,3+1,55.000 TL,55000
Seferihisar,2+1,50.000 TL,50000
Karşıyaka,3+1,57.500 TL,57500
Çiğli,2+1,50.000 TL,50000
Urla,4+1,52.000 TL,52000
Karşıyaka,2+1,52.000 TL,52000
Konak,4+1,50.000 TL,50000
Karabağlar,3+1,55.000 TL,55000
Gaziemir,3+1,50.000 TL,50000
Bayraklı,3+1,55.000 TL,55000
Urla,3+1,50.000 TL,50000
Buca,3+1,52.000 TL,52000
Konak,3+0,58.000 TL,58000
Konak,1+1,50.000 TL,50000
Urla,2+1,56.000 TL,56000
Karşıyaka,3+1,57.500 TL,57500
Bayraklı,3+1,52.000 TL,52000
Güzelbahçe,3+1,55.000 TL,55000
Gaziemir,4+1,58.000 TL,58000
Karabağlar,3+1,57.500 TL,57500
Gaziemir,3+1,50.000 TL,50000
Karşıyaka,2+1,59.000 TL,59000
Menemen,3+1,55.000 TL,55000
Çeşme,1+1,50.000 TL,50000
Urla,2+1,55.000 TL,55000
Menemen,3+1,50.000 TL,50000
Karşıyaka,3+1,55.000 TL,55000
Foça,3+1,50.000 TL,50000
Konak,1+1,50.000 TL,50000
Karşıyaka,3+1,50.000 TL,50000
Karşıyaka,2+1,55.000 TL,55000
Çiğli,2+1,54.000 TL,54000
Karşıyaka,3+1,55.000 TL,55000
Menderes,3+1,56.000 TL,56000
Bornova,2+1,52.000 TL,52000
Urla,1+1,56.000 TL,56000
Urla,Stüdyo (1+0),50.000 TL,50000
Bayraklı,3+1,52.000 TL,52000
Karşıyaka,1+1,58.000 TL,58000
Çeşme,1+1,50.000 TL,50000
Gaziemir,3+1,50.000 TL,50000
Seferihisar,2+1,50.000 TL,50000
Konak,1+1,50.000 TL,50000
Konak,1+1,58.000 TL,58000
Karşıyaka,3+1,50.000 TL,50000
Karşıyaka,2+1,58.000 TL,58000
Karşıyaka,2+1,52.000 TL,52000
Seferihisar,3+1,50.000 TL,50000
Urla,3+1,55.000 TL,55000
Çeşme,1+1,50.000 TL,50000
Karşıyaka,3+1,55.000 TL,55000
Karşıyaka,2+1,50.000 TL,50000
Konak,2+1,55.000 TL,55000
Bayraklı,3+1,57.000 TL,57000
Bornova,3+1,55.000 TL,55000
Aliağa,3+1,50.000 TL,50000
Konak,2+1,55.000 TL,55000
Bayraklı,3+1,52.000 TL,52000
Seferihisar,3+1,51.000 TL,51000
Bornova,3+1,55.000 TL,55000
Seferihisar,2+1,55.000 TL,55000
Karşıyaka,3+1,55.000 TL,55000
Çeşme,3+1,50.000 TL,50000
Menemen,3+1,50.000 TL,50000
Torbalı,3+1,50.000 TL,50000
Karşıyaka,2+1,52.000 TL,52000
Gaziemir,3+1,57.500 TL,57500
Bayraklı,3+1,52.000 TL,52000
Bornova,2+1,55.000 TL,55000
Çeşme,3+1,50.000 TL,50000
Konak,3+1,52.500 TL,52500
Çiğli,2+1,55.000 TL,55000
Çiğli,2+1,57.000 TL,57000
Bornova,3+1,50.000 TL,50000
Konak,3+1,50.000 TL,50000
Bayraklı,3+1,56.000 TL,56000
Karşıyaka,3+1,50.000 TL,50000
Balçova,3+1,55.000 TL,55000
Seferihisar,3+1,50.000 TL,50000
Narlıdere,3+1,50.000 TL,50000
Karşıyaka,3+1,58.000 TL,58000
Karşıyaka,2+1,55.000 TL,55000
Konak,3+1,50.000 TL,50000
Menderes,3+1,55.000 TL,55000
Aliağa,3+1,50.000 TL,50000
Karabağlar,4+1,55.000 TL,55000
Urla,2+1,50.000 TL,50000
Bornova,2+1,51.000 TL,51000
Bornova,3+1,50.000 TL,50000
Foça,3+1,58.000 TL,58000
Bayraklı,2+1,55.000 TL,55000
Çiğli,3+1,50.000 TL,50000
Seferihisar,3+1,50.000 TL,50000
Aliağa,3+1,50.000 TL,50000
Gaziemir,3+1,50.000 TL,50000
Konak,1+1,53.000 TL,53000
Gaziemir,3+1,58.000 TL,58000
Konak,2+1,55.000 TL,55000
Güzelbahçe,3+1,50.000 TL,50000
Buca,3+1,52.500 TL,52500
Karşıyaka,2+1,50.000 TL,50000
Narlıdere,3+1,55.000 TL,55000
Menemen,3+1,50.000 TL,50000
Balçova,2+1,50.000 TL,50000
Konak,3+1,57.000 TL,57000
Gaziemir,3+1,50.000 TL,50000
Karşıyaka,3+1,55.000 TL,55000
Bornova,2+1,55.000 TL,55000
Konak,1+1,53.000 TL,53000
Gaziemir,3+1,52.000 TL,52000
Konak,3+1,52.000 TL,52000
Çiğli,3+1,55.000 TL,55000
Konak,1+1,59.000 TL,59000
Narlıdere,3+1,53.000 TL,53000
Gaziemir,3+1,50.000 TL,50000
Balçova,2+1,50.000 TL,50000
Karşıyaka,3+1,58.000 TL,58000
Konak,1+1,50.000 TL,50000
Çeşme,2+1,50.800 TL,50800
Çeşme,3+1,50.000 TL,50000
Menemen,3+1,55.000 TL,55000
Karşıyaka,3+1,56.000 TL,56000
Buca,4+1,50.000 TL,50000
Karşıyaka,2+1,50.000 TL,50000
Bayraklı,1+1,55.000 TL,55000
Konak,3+1,50.000 TL,50000
Bayraklı,3+1,55.000 TL,55000
Karşıyaka,3+1,54.500 TL,54500
Urla,2+1,55.000 TL,55000
Seferihisar,3+1,55.000 TL,55000
Karşıyaka,3+1,50.000 TL,50000
Konak,3+1,57.000 TL,57000
Konak,,53.000 TL,53000
Karşıyaka,3+1,57.000 TL,57000
Gaziemir,3+1,52.000 TL,52000
Karabağlar,3+1,50.000 TL,50000
Menderes,5+1,50.000 TL,50000
Narlıdere,1+1,50.000 TL,50000
Konak,2+1,55.000 TL,55000
Karşıyaka,2+1,55.000 TL,55000
Konak,1+1,50.000 TL,50000
Karşıyaka,3+1,55.000 TL,55000
Konak,1+1,55.000 TL,55000
Bayraklı,3+1,56.000 TL,56000
Bayraklı,3+1,50.000 TL,50000
Bornova,2+1,55.000 TL,55000
Foça,2+1,55.000 TL,55000
Karşıyaka,2+1,53.000 TL,53000
Karabağlar,3+1,55.000 TL,55000
Foça,3+1,55.000 TL,55000
Menemen,2+1,50.000 TL,50000
Çeşme,3+1,50.000 TL,50000
Konak,2+1,55.000 TL,55000
Karşıyaka,1+1,50.000 TL,50000
Bayraklı,3+1,55.000 TL,55000
Bayraklı,3+1,55.000 TL,55000
Foça,3+1,50.000 TL,50000
Foça,3+1,55.000 TL,55000
Narlıdere,3+1,55.000 TL,55000
Seferihisar,2+1,50.000 TL,50000
Narlıdere,4+1,59.000 TL,59000
Aliağa,3+1,50.000 TL,50000
Bornova,2+1,54.000 TL,54000
Buca,3+1,50.000 TL,50000
Narlıdere,3+1,55.000 TL,55000
Karşıyaka,,53.000 TL,53000
Karşıyaka,3+1,53.000 TL,53000
Karşıyaka,2+1,55.000 TL,55000
Konak,3+1,58.000 TL,58000
Çeşme,1+1,50.000 TL,50000
Aliağa,3+1,52.000 TL,52000
Konak,1+1,59.000 TL,59000
Bayraklı,3+1,50.000 TL,50000
Gaziemir,3+1,52.500 TL,52500
Karşıyaka,3+1,50.000 TL,50000
Buca,3+1,51.000 TL,51000
Bayraklı,3+1,52.000 TL,52000
Foça,2+1,50.000 TL,50000
Bayraklı,3+1,52.500 TL,52500
Dikili,2+1,50.000 TL,50000
Dikili,2+1,50.000 TL,50000
Karşıyaka,3+1,52.500 TL,52500
Karşıyaka,3+1,50.000 TL,50000
Konak,1+1,55.000 TL,55000
Bayraklı,3+1,50.000 TL,50000
Foça,3+1,55.000 TL,55000
Gaziemir,3+1,58.000 TL,58000
Karşıyaka,3+1,57.000 TL,57000
Bornova,4+1,50.000 TL,50000
Karşıyaka,2+1,53.000 TL,53000
Seferihisar,2+1,50.000 TL,50000
Seferihisar,3+1,55.000 TL,55000
Foça,3+1,53.000 TL,53000
Bornova,2+1,57.000 TL,57000
Çiğli,2+1,55.000 TL,55000
Bayraklı,3+1,59.000 TL,59000
Bayraklı,3+1,56.000 TL,56000
Konak,3+1,50.000 TL,50000
Güzelbahçe,3+1,50.000 TL,50000
Konak,2+1,52.000 TL,52000
Karşıyaka,3+1,55.000 TL,55000
Karşıyaka,3+1,55.000 TL,55000
Foça,3+1,55.000 TL,55000
Seferihisar,3+1,50.000 TL,50000
Bayraklı,3+1,58.000 TL,58000
Bayraklı,3+1,59.000 TL,59000
Menemen,3+2,55.000 TL,55000
Güzelbahçe,3+1,55.000 TL,55000
Torbalı,4.5+1,55.000 TL,55000
Karşıyaka,3+1,59.500 TL,59500
Çiğli,3+1,50.000 TL,50000
Karabağlar,2+1,50.000 TL,50000
Karşıyaka,3+1,50.000 TL,50000
Konak,3+1,50.000 TL,50000
Narlıdere,3+1,55.000 TL,55000
Urla,3+1,50.000 TL,50000
Karşıyaka,3+1,56.000 TL,56000
Karşıyaka,3+1,54.000 TL,54000
Aliağa,3+1,50.000 TL,50000
Seferihisar,4+1,55.000 TL,55000
Foça,3+1,50.000 TL,50000
Bornova,3+1,52.500 TL,52500
Bornova,2+1,58.000 TL,58000
Karşıyaka,3+1,52.500 TL,52500
Karşıyaka,1+1,50.000 TL,50000
Dikili,3+1,52.000 TL,52000
Bayraklı,1+1,50.000 TL,50000
Karşıyaka,3+1,52.000 TL,52000
Konak,3+1,50.000 TL,50000
Seferihisar,3+1,53.000 TL,53000
Karaburun,3+1,50.000 TL,50000
Karşıyaka,3+1,50.000 TL,50000
Bayraklı,3+1,50.000 TL,50000
Bayraklı,1+1,52.500 TL,52500
Urla,3+1,55.000 TL,55000
Karabağlar,3+1,57.500 TL,57500
Urla,3+1,56.000 TL,56000
Bayraklı,3+1,57.000 TL,57000
Karşıyaka,,50.000 TL,50000
Bornova,2+1,52.000 TL,52000
Karşıyaka,,55.000 TL,55000
Konak,3+1,50.000 TL,50000
Konak,1+1,52.000 TL,52000
Karşıyaka,2+1,50.000 TL,50000
Bornova,3+1,50.000 TL,50000
Karabağlar,3+1,50.000 TL,50000
Bayraklı,1+1,50.000 TL,50000
Aliağa,3+1,50.000 TL,50000
Menderes,2+1,50.000 TL,50000
Karşıyaka,2+1,52.000 TL,52000
Narlıdere,3+1,50.000 TL,50000
Gaziemir,3+1,54.000 TL,54000
Bayraklı,1+1,52.000 TL,52000
Güzelbahçe,2+1,55.000 TL,55000
Gaziemir,2+1,55.000 TL,55000
Foça,2+1,55.000 TL,55000
Konak,2+1,55.000 TL,55000
Gaziemir,3+1,52.000 TL,52000
Karşıyaka,3+1,59.000 TL,59000
Bayraklı,2+1,53.000 TL,53000
Menemen,3+1,50.000 TL,50000
Gaziemir,2+1,54.000 TL,54000
Karşıyaka,3+1,50.000 TL,50000
Menderes,3+1,50.000 TL,50000
Urla,2+1,50.000 TL,50000
Gaziemir,3+1,54.000 TL,54000
Aliağa,3+1,58.000 TL,58000
Buca,4+2,55.000 TL,55000
Karşıyaka,3+1,57.500 TL,57500
Çeşme,2.5+1,50.000 TL,50000
Çiğli,3+1,55.000 TL,55000
Çeşme,3+1,50.000 TL,50000
Karşıyaka,1+1,53.000 TL,53000
Konak,2+1,50.000 TL,50000
Gaziemir,3+1,54.000 TL,54000
Karabağlar,3+1,50.000 TL,50000
Çiğli,3+1,50.000 TL,50000
Çeşme,2+1,58.000 TL,58000
Bayraklı,2+1,50.000 TL,50000
Balçova,2+1,50.000 TL,50000
Karşıyaka,3+1,54.000 TL,54000
Konak,1+1,50.000 TL,50000
Konak,2+1,50.000 TL,50000
Çiğli,2+1,50.000 TL,50000
Çeşme,2+1,55.000 TL,55000
Menemen,3+1,50.000 TL,50000
Narlıdere,3+1,53.000 TL,53000
Karşıyaka,3+1,53.000 TL,53000
Karşıyaka,4+1,52.000 TL,52000
Menemen,3+1,50.000 TL,50000
Narlıdere,3+1,50.000 TL,50000
Konak,1+1,58.000 TL,58000
Konak,2+1,50.000 TL,50000
Karşıyaka,3+1,58.000 TL,58000
Balçova,3+1,50.000 TL,50000
Konak,Stüdyo (1+0),50.000 TL,50000
Bornova,6+1,52.500 TL,52500
Konak,2.5+1,50.000 TL,50000
Seferihisar,2+1,50.000 TL,50000
Konak,3+1,50.000 TL,50000
Menemen,3+1,55.000 TL,55000
Karşıyaka,2+1,52.000 TL,52000
Urla,3+1,55.000 TL,55000
Narlıdere,2+1,55.000 TL,55000
Konak,1+1,58.000 TL,58000
Karabağlar,3+1,50.000 TL,50000
Gaziemir,3+1,50.000 TL,50000
Bayraklı,3+1,52.000 TL,52000
Aliağa,3+1,52.000 TL,52000
Bayraklı,3+1,52.000 TL,52000
Menderes,3+1,57.000 TL,57000
Karşıyaka,3+1,55.000 TL,55000
Narlıdere,3+1,50.000 TL,50000
Karşıyaka,5+1,55.000 TL,55000
Narlıdere,2+1,55.000 TL,55000
Menderes,3+1,55.000 TL,55000
Menemen,4+1,57.500 TL,57500
Karşıyaka,3+1,55.000 TL,55000
Bornova,3+1,52.000 TL,52000
Çiğli,2+1,50.000 TL,50000
Buca,3+1,50.000 TL,50000
Karabağlar,3+1,55.000 TL,55000
Menemen,3+1,50.000 TL,50000
Karşıyaka,2+1,52.000 TL,52000
Karşıyaka,2+1,50.000 TL,50000
Torbalı,3+1,50.000 TL,50000
Bornova,2+1,50.000 TL,50000
Konak,3+1,55.000 TL,55000
Foça,3+1,52.500 TL,52500
Menderes,2+1,50.000 TL,50000
Urla,4+1,52.000 TL,52000
Bayraklı,3+1,50.000 TL,50000
Menderes,3+1,55.000 TL,55000
Konak,2+1,54.000 TL,54000
Konak,4+1,57.500 TL,57500
Menemen,3+1,51.000 TL,51000
Çiğli,2+1,55.000 TL,55000
Urla,2+1,59.000 TL,59000
Narlıdere,2+1,55.000 TL,55000
Konak,2+1,50.000 TL,50000
Seferihisar,2+1,50.000 TL,50000
Dikili,4+1,58.750 TL,58750
Çeşme,3+1,50.000 TL,50000
Karşıyaka,2+1,55.000 TL,55000
Konak,1+1,55.000 TL,55000
Karşıyaka,2+1,58.000 TL,58000
Konak,2+1,55.000 TL,55000
Çeşme,4+1,52.000 TL,52000
Urla,2+1,55.000 TL,55000
Menemen,3+1,58.000 TL,58000
Çiğli,2+1,55.000 TL,55000
Bornova,3+1,53.000 TL,53000
Urla,3+1,55.000 TL,55000
Foça,3+1,50.000 TL,50000
Gaziemir,3+1,55.000 TL,55000
Konak,1+1,53.000 TL,53000
Seferihisar,3+1,50.000 TL,50000
Balçova,2+1,55.000 TL,55000
Karabağlar,3+1,57.000 TL,57000
Balçova,3+1,54.000 TL,54000
Urla,2+1,55.000 TL,55000
Konak,1+1,55.000 TL,55000
Bornova,1+1,52.000 TL,52000
Konak,3+0,50.000 TL,50000
Buca,3+1,53.000 TL,53000
Bayraklı,3+1,50.000 TL,50000
Bayraklı,3+1,53.000 TL,53000
Menemen,3+1,50.000 TL,50000
Bornova,3+1,55.000 TL,55000
Gaziemir,3+1,59.000 TL,59000
Menemen,1+1,52.000 TL,52000
Bornova,2+1,50.000 TL,50000
Çeşme,1+1,55.000 TL,55000
Urla,1+1,55.000 TL,55000
Aliağa,3+1,51.000 TL,51000
Çeşme,1+1,50.000 TL,50000
Balçova,3+1,50.000 TL,50000
Menderes,4+1,51.000 TL,51000
Gaziemir,3+1,55.000 TL,55000
Konak,2+1,50.000 TL,50000
Seferihisar,4+1,55.000 TL,55000
Urla,2+1,58.000 TL,58000
Bornova,2+1,51.000 TL,51000
Çeşme,1+1,55.000 TL,55000
Karşıyaka,3+1,50.000 TL,50000
Bornova,2+1,52.500 TL,52500
Menderes,4+1,55.000 TL,55000
Aliağa,3+1,50.000 TL,50000
Urla,3+1,57.000 TL,57000
Karşıyaka,2+1,53.000 TL,53000
Urla,2+1,59.000 TL,59000
Bayraklı,3+1,55.000 TL,55000
Seferihisar,3+1,58.500 TL,58500
Çiğli,2+1,56.000 TL,56000
Karşıyaka,3+1,52.000 TL,52000
Konak,1+1,55.000 TL,55000
Karşıyaka,3+1,50.000 TL,50000
Bayraklı,3+1,50.000 TL,50000
Güzelbahçe,3+1,52.500 TL,52500
Çiğli,2+1,54.000 TL,54000
Bornova,3+1,58.000 TL,58000
Foça,2+1,50.000 TL,50000
Çiğli,2+1,55.000 TL,55000
Karşıyaka,2+1,55.000 TL,55000
Çiğli,2+1,50.000 TL,50000
Aliağa,3+1,51.000 TL,51000
Konak,3+1,55.000 TL,55000
Balçova,3+1,58.000 TL,58000
Konak,3+1,50.000 TL,50000
Bayraklı,3+1,50.000 TL,50000
Çiğli,2+1,54.000 TL,54000
Güzelbahçe,2+1,55.000 TL,55000
Buca,3+1,53.000 TL,53000
Güzelbahçe,3+1,50.000 TL,50000
Gaziemir,3+1,55.000 TL,55000
Karşıyaka,2+1,55.000 TL,55000
Seferihisar,3+1,50.000 TL,50000
Seferihisar,4+1,55.000 TL,55000
Çiğli,2+1,55.000 TL,55000
Bornova,3+1,50.000 TL,50000
Gaziemir,3+1,54.000 TL,54000
Karşıyaka,2+1,55.000 TL,55000
Balçova,1+1,50.000 TL,50000
Buca,3+1,50.000 TL,50000
Konak,3+1,50.000 TL,50000
Karşıyaka,3+1,50.000 TL,50000
Çiğli,2+1,55.000 TL,55000
Dikili,5+1,50.000 TL,50000
Bayraklı,2+1,52.500 TL,52500
Narlıdere,3+1,50.000 TL,50000
Urla,3+1,55.000 TL,55000
Seferihisar,3+1,50.000 TL,50000
Çeşme,2+1,50.000 TL,50000
Balçova,3+1,50.000 TL,50000
Seferihisar,3+1,55.000 TL,55000
Karşıyaka,2+1,53.000 TL,53000
Foça,4+1,52.500 TL,52500
Karşıyaka,3+1,56.000 TL,56000
Konak,1+1,55.000 TL,55000
Menemen,3+1,52.000 TL,52000
Karşıyaka,3+1,50.000 TL,50000
Gaziemir,3+1,50.000 TL,50000
Karşıyaka,3+1,50.000 TL,50000
Karşıyaka,3+1,50.000 TL,50000
Çiğli,4+1,52.000 TL,52000
Seferihisar,3+1,55.000 TL,55000
Konak,1+1,53.000 TL,53000
Gaziemir,3+1,52.000 TL,52000
Çeşme,1+1,52.000 TL,52000
Gaziemir,3+1,50.000 TL,50000
Gaziemir,3+1,50.000 TL,50000
Menemen,3+1,51.500 TL,51500
Kemalpaşa,3+1,55.000 TL,55000
Karşıyaka,3+1,55.000 TL,55000
Menderes,3+1,50.000 TL,50000
Karşıyaka,3+1,50.000 TL,50000
Seferihisar,3+1,55.000 TL,55000
Seferihisar,3+1,50.000 TL,50000
Karşıyaka,3+1,57.000 TL,57000
Buca,2+1,55.000 TL,55000
Karşıyaka,2+1,55.000 TL,55000
Urla,2+1,50.000 TL,50000
Menderes,4+1,55.000 TL,55000
Konak,1+1,55.000 TL,55000
Seferihisar,2+1,50.000 TL,50000
Buca,3+1,57.000 TL,57000
Balçova,3+1,52.000 TL,52000
Bornova,1+1,50.000 TL,50000
Urla,3+1,55.000 TL,55000
Gaziemir,3+1,54.000 TL,54000
Karşıyaka,2+1,50.000 TL,50000
Menderes,3+1,55.000 TL,55000
Konak,1+1,52.500 TL,52500
Bayraklı,3+1,52.500 TL,52500
Çeşme,3+1,55.000 TL,55000
Bayraklı,3+1,57.000 TL,57000
Narlıdere,3+1,50.000 TL,50000
Konak,2+1,50.000 TL,50000
Seferihisar,2+1,50.000 TL,50000
Bornova,2+1,55.000 TL,55000
Seferihisar,4+2,50.000 TL,50000
Karşıyaka,2+1,55.000 TL,55000
Bornova,3+1,55.000 TL,55000
Karşıyaka,2+1,50.000 TL,50000
Konak,1+1,55.000 TL,55000
Çiğli,2+1,56.000 TL,56000
Menderes,2+1,50.000 TL,50000
Narlıdere,3+1,50.000 TL,50000
Konak,1+1,50.000 TL,50000
Karabağlar,3+1,50.000 TL,50000
Dikili,4+1,50.000 TL,50000
Karşıyaka,4+1,52.000 TL,52000
Karşıyaka,3+1,55.000 TL,55000
Karşıyaka,3+1,55.000 TL,55000
Urla,3+1,52.000 TL,52000
Konak,1+1,55.000 TL,55000
Karşıyaka,3+1,55.000 TL,55000
Urla,3+1,50.000 TL,50000
Urla,2+1,55.000 TL,55000
Menderes,3+1,55.000 TL,55000
Çeşme,2+1,50.000 TL,50000
Karşıyaka,3+1,55.000 TL,55000
Buca,3+1,50.000 TL,50000
Gaziemir,2+1,55.000 TL,55000
Balçova,3+1,51.000 TL,51000
Dikili,3+1,55.000 TL,55000
Karşıyaka,4+1,50.000 TL,50000
Bayraklı,3+1,50.000 TL,50000
Konak,3+1,50.000 TL,50000
Konak,1+1,54.000 TL,54000
Konak,1+1,55.000 TL,55000
Karabağlar,3+1,50.000 TL,50000
Karşıyaka,2+1,52.000 TL,52000
Karşıyaka,3+1,56.000 TL,56000
Çiğli,3+1,50.000 TL,50000
Urla,3+1,50.000 TL,50000
Güzelbahçe,3+1,50.000 TL,50000
Güzelbahçe,3+1,55.000 TL,55000
Bornova,3+1,55.000 TL,55000
Balçova,4+1,50.000 TL,50000
Dikili,3+1,50.000 TL,50000
Karşıyaka,3+1,50.000 TL,50000
Balçova,1+1,50.000 TL,50000
Bornova,2+1,53.500 TL,53500
Bornova,3+1,54.500 TL,54500
Güzelbahçe,3+1,52.500 TL,52500
Narlıdere,3+1,55.000 TL,55000
Çeşme,5+2,55.000 TL,55000
Çiğli,3+1,50.000 TL,50000
Güzelbahçe,3+1,55.000 TL,55000
Bornova,3+1,55.000 TL,55000
Karşıyaka,3+1,55.000 TL,55000
Aliağa,2+1,50.000 TL,50000
Menemen,3+2,55.000 TL,55000
Karşıyaka,4+1,52.000 TL,52000
Karşıyaka,3+1,58.000 TL,58000
Buca,3+1,50.000 TL,50000
Karabağlar,3+1,55.000 TL,55000
Çeşme,1+1,55.000 TL,55000
Gaziemir,3+1,55.000 TL,55000
Seferihisar,2+1,55.000 TL,55000
Bayraklı,2+1,50.000 TL,50000
Aliağa,3+1,55.000 TL,55000
Konak,2+1,53.000 TL,53000
Menemen,4+1,57.500 TL,57500
Narlıdere,3+1,55.000 TL,55000
Gaziemir,3+1,55.000 TL,55000
Karabağlar,4+1,55.000 TL,55000
Narlıdere,3+1,55.000 TL,55000
Bornova,3+1,53.000 TL,53000
Bornova,2+1,50.000 TL,50000
Urla,3+1,55.000 TL,55000
Bayraklı,1+1,50.000 TL,50000
Bayraklı,1+1,50.000 TL,50000
Karşıyaka,3+1,56.000 TL,56000
Karşıyaka,3+1,57.000 TL,57000
Foça,1+1,50.000 TL,50000
Seferihisar,3+1,54.000 TL,54000
Karşıyaka,3+1,58.000 TL,58000
Bayraklı,1+1,50.000 TL,50000
Gaziemir,3+1,52.500 TL,52500
Bayraklı,3+1,50.000 TL,50000
Güzelbahçe,3+1,52.000 TL,52000
Bayraklı,3+1,50.000 TL,50000
Karşıyaka,3+1,50.000 TL,50000
Buca,3+1,55.000 TL,55000
Güzelbahçe,2+1,50.000 TL,50000
Karabağlar,2+1,50.000 TL,50000
Karşıyaka,2+1,50.000 TL,50000
Menemen,3+1,58.900 TL,58900
Bornova,3+1,55.000 TL,55000
Bornova,4+1,52.000 TL,52000
Karaburun,4+1,54.000 TL,54000
Bayraklı,3+1,50.000 TL,50000
Seferihisar,2+1,59.000 TL,59000
Karşıyaka,2+1,57.000 TL,57000
Bayraklı,3+1,55.000 TL,55000
Çiğli,5+1,55.000 TL,55000
Gaziemir,4+1,50.000 TL,50000
Karşıyaka,3+1,52.000 TL,52000
Karşıyaka,3+1,55.000 TL,55000
Bayraklı,3+1,50.000 TL,50000
Urla,3+1,55.000 TL,55000
Seferihisar,3+1,55.000 TL,55000
Konak,3+1,55.000 TL,55000
Karşıyaka,2+1,52.500 TL,52500
Karşıyaka,3+1,50.000 TL,50000
Karşıyaka,2+1,50.000 TL,50000
Kemalpaşa,3+1,55.000 TL,55000
Çeşme,1+1,50.000 TL,50000
Karşıyaka,2+1,52.000 TL,52000
Karşıyaka,2+1,50.000 TL,50000
Menemen,4+1,55.000 TL,55000
Karşıyaka,2+1,52.000 TL,52000
Narlıdere,3+1,50.000 TL,50000
Foça,3+1,50.000 TL,50000
Bayraklı,1+1,50.000 TL,50000
Çiğli,2+1,50.000 TL,50000
Konak,1+1,53.000 TL,53000
Konak,,55.000 TL,55000
Urla,2+1,50.000 TL,50000
Konak,1+1,52.500 TL,52500
Konak,3+1,55.000 TL,55000
Buca,3+1,50.000 TL,50000
Foça,3+1,50.000 TL,50000
Bornova,2+1,57.000 TL,57000
Konak,3+1,52.000 TL,52000
Menderes,4+1,50.000 TL,50000
Urla,2+1,51.000 TL,51000
Bayraklı,3+1,55.000 TL,55000
Karabağlar,3+1,50.000 TL,50000
Aliağa,3+1,50.000 TL,50000
Konak,3+1,50.000 TL,50000
Seferihisar,3+1,55.000 TL,55000
Çiğli,2+1,57.000 TL,57000
Bayraklı,2+1,50.000 TL,50000
Dikili,3+1,55.000 TL,55000
Karşıyaka,2+1,50.000 TL,50000
Bornova,2+1,52.000 TL,52000
Menderes,4+1,59.999 TL,59999
Konak,3+1,55.000 TL,55000
Konak,4+1,55.000 TL,55000
Balçova,3+1,50.000 TL,50000
Bornova,2+1,50.000 TL,50000
Foça,2+2,57.500 TL,57500
Urla,3+1,57.000 TL,57000
Seferihisar,3+1,55.000 TL,55000
Konak,3+1,50.000 TL,50000
Aliağa,3+1,51.000 TL,51000
Konak,3+1,50.000 TL,50000
Çiğli,2+1,50.000 TL,50000
Buca,3+1,50.000 TL,50000
Bornova,2+1,55.000 TL,55000
Güzelbahçe,3+1,50.000 TL,50000
Konak,2+1,55.000 TL,55000
Foça,2+1,50.000 TL,50000
Konak,3+1,50.000 TL,50000
Konak,2+1,55.000 TL,55000
Karşıyaka,3+1,57.000 TL,57000
Urla,3+1,55.000 TL,55000
Güzelbahçe,3+1,55.000 TL,55000
Karşıyaka,3+1,52.000 TL,52000
Bornova,2+1,55.000 TL,55000
Karşıyaka,2+1,55.000 TL,55000
Bornova,2+1,55.000 TL,55000
Konak,1+1,55.000 TL,55000
Karşıyaka,3+1,57.000 TL,57000
Konak,1+1,52.000 TL,52000
Karşıyaka,4+1,55.000 TL,55000
Dikili,2+1,50.000 TL,50000
Bornova,3+1,54.000 TL,54000
Bornova,3+1,55.000 TL,55000
Menemen,2+1,58.000 TL,58000
Konak,1+1,55.000 TL,55000
Çeşme,3+1,50.000 TL,50000
Çeşme,5+1,75.000 TL,75000
Bornova,3+1,70.000 TL,70000
Narlıdere,2+1,65.000 TL,65000
Dikili,3+1,75.000 TL,75000
Gaziemir,4+1,75.000 TL,75000
Karşıyaka,3+1,60.000 TL,60000
Bornova,2+1,76.000 TL,76000
Karşıyaka,3+1,68.000 TL,68000
Konak,3+1,65.000 TL,65000
Narlıdere,2+1,60.000 TL,60000
Menemen,4+1,61.000 TL,61000
Çeşme,2+1,75.000 TL,75000
Karşıyaka,3+1,75.000 TL,75000
Konak,1+1,62.000 TL,62000
Çiğli,2+1,70.000 TL,70000
Gaziemir,1+1,72.000 TL,72000
Balçova,3+1,70.000 TL,70000
Foça,3+1,75.000 TL,75000
Narlıdere,3+1,62.000 TL,62000
Konak,2+1,75.000 TL,75000
Bayraklı,2+1,69.000 TL,69000
Aliağa,4+1,60.000 TL,60000
Bornova,2+1,75.000 TL,75000
Konak,4+1,70.000 TL,70000
Karşıyaka,2+1,60.000 TL,60000
Torbalı,2+1,60.000 TL,60000
Karaburun,3+1,60.000 TL,60000
Karşıyaka,3+1,68.000 TL,68000
Karşıyaka,4+1,65.000 TL,65000
Gaziemir,4+1,65.000 TL,65000
Konak,2+1,70.000 TL,70000
Konak,2+1,70.000 TL,70000
Konak,3+1,65.000 TL,65000
Menemen,3+1,63.000 TL,63000
Karşıyaka,3+1,65.000 TL,65000
Konak,3+1,70.000 TL,70000
Bayraklı,3+1,62.500 TL,62500
Güzelbahçe,2+1,60.000 TL,60000
Narlıdere,2+1,67.000 TL,67000
Kemalpaşa,3+1,75.000 TL,75000
Konak,3+1,65.000 TL,65000
Karşıyaka,3+1,62.500 TL,62500
Konak,,70.000 TL,70000
Çeşme,3+1,65.000 TL,65000
Urla,5+1,75.000 TL,75000
Gaziemir,3+1,60.000 TL,60000
Güzelbahçe,3+1,72.000 TL,72000
Karşıyaka,3+1,60.000 TL,60000
Karşıyaka,3+1,70.000 TL,70000
Çeşme,3+1,62.000 TL,62000
Menderes,4+1,60.000 TL,60000
Güzelbahçe,3+1,63.000 TL,63000
Gaziemir,5+1,70.000 TL,70000
Bayraklı,3+1,70.000 TL,70000
Çeşme,4+1,60.000 TL,60000
Gaziemir,3+1,63.000 TL,63000
Karşıyaka,2+1,65.000 TL,65000
Konak,2+1,71.500 TL,71500
Kemalpaşa,3+1,65.000 TL,65000
Konak,2+1,60.000 TL,60000
Seferihisar,4+1,60.000 TL,60000
Karşıyaka,2+1,65.000 TL,65000
Çiğli,3+1,60.000 TL,60000
Karşıyaka,2+1,60.000 TL,60000
Karşıyaka,3+1,60.000 TL,60000
Konak,3+1,70.000 TL,70000
Konak,4+1,75.000 TL,75000
Seferihisar,3+1,70.000 TL,70000
Konak,2+1,65.000 TL,65000
Çeşme,2+1,60.000 TL,60000
Çeşme,2+1,75.000 TL,75000
Foça,4+1,60.000 TL,60000
Konak,2+1,72.000 TL,72000
Çeşme,3+1,75.000 TL,75000
Konak,2+1,60.000 TL,60000
Çiğli,2+1,65.000 TL,65000
Bornova,5+1,65.000 TL,65000
Karşıyaka,2+1,62.000 TL,62000
Urla,4+1,77.500 TL,77500
Güzelbahçe,3+1,72.000 TL,72000
Konak,2+1,65.000 TL,65000
Urla,3+1,65.000 TL,65000
Karşıyaka,3+1,62.000 TL,62000
Konak,3+1,60.000 TL,60000
Konak,3+1,60.000 TL,60000
Konak,3+1,70.000 TL,70000
Balçova,3+1,79.000 TL,79000
Çiğli,3+1,75.000 TL,75000
Karşıyaka,5+1,67.000 TL,67000
Urla,4+1,70.000 TL,70000
Konak,2+1,75.000 TL,75000
Menderes,3+1,60.000 TL,60000
Bornova,2+1,75.000 TL,75000
Urla,1+1,70.000 TL,70000
Seferihisar,3+1,76.000 TL,76000
Seferihisar,4+1,75.000 TL,75000
Çeşme,3+1,65.000 TL,65000
Konak,3+1,70.000 TL,70000
Karşıyaka,3+1,75.000 TL,75000
Urla,2+1,60.000 TL,60000
Selçuk,,75.000 TL,75000
Karşıyaka,2+1,65.000 TL,65000
Aliağa,4.5+1,60.000 TL,60000
Konak,2+1,70.000 TL,70000
Karşıyaka,2+1,60.000 TL,60000
Konak,1+1,70.000 TL,70000
Gaziemir,4+1,65.000 TL,65000
Bornova,2+1,60.000 TL,60000
Urla,3+1,65.000 TL,65000
Karşıyaka,3+1,70.000 TL,70000
Urla,3+1,75.000 TL,75000
Bornova,3+1,63.000 TL,63000
Karşıyaka,2+1,60.000 TL,60000
Bornova,4+1,75.000 TL,75000
Konak,3+1,65.000 TL,65000
Seferihisar,3+1,72.500 TL,72500
Güzelbahçe,3+1,63.000 TL,63000
Seferihisar,4+1,60.000 TL,60000
Urla,3+1,63.500 TL,63500
Urla,2+1,70.000 TL,70000
Konak,3+1,65.000 TL,65000
Narlıdere,3+1,77.000 TL,77000
Konak,3+1,65.000 TL,65000
Bornova,3+1,70.000 TL,70000
Konak,3+1,60.000 TL,60000
Konak,3+1,71.000 TL,71000
Seferihisar,3+1,60.000 TL,60000
Kemalpaşa,4+1,65.000 TL,65000
Urla,2+1,60.000 TL,60000
Karşıyaka,4+1,65.000 TL,65000
Menderes,3+1,65.000 TL,65000
Urla,1+1,60.000 TL,60000
Urla,2+1,65.000 TL,65000
Karşıyaka,3+1,65.000 TL,65000
Konak,1+1,70.000 TL,70000
Seferihisar,4+1,60.000 TL,60000
Seferihisar,3+1,60.000 TL,60000
Menderes,5+1,70.000 TL,70000
Gaziemir,3+1,60.000 TL,60000
Konak,3+1,60.000 TL,60000
Bornova,2+1,65.000 TL,65000
Çiğli,3+1,77.000 TL,77000
Konak,2+1,75.000 TL,75000
Konak,2+1,67.000 TL,67000
Çiğli,2+1,75.000 TL,75000
Seferihisar,3+1,78.000 TL,78000
Urla,3+1,63.000 TL,63000
Menemen,3+1,65.000 TL,65000
Narlıdere,2+1,61.250 TL,61250
Konak,2+1,70.000 TL,70000
Narlıdere,2+1,61.250 TL,61250
Konak,2+1,70.000 TL,70000
Çeşme,3+1,65.000 TL,65000
Çeşme,3+1,60.000 TL,60000
Balçova,4+1,70.000 TL,70000
Gaziemir,4+1,65.000 TL,65000
Güzelbahçe,2+1,74.000 TL,74000
Foça,2+1,60.000 TL,60000
Menderes,3+1,65.000 TL,65000
Çeşme,4+1,70.000 TL,70000
Karşıyaka,3+1,65.000 TL,65000
Buca,3+1,60.000 TL,60000
Urla,3+1,66.500 TL,66500
Bornova,2+1,65.000 TL,65000
Konak,1+1,62.000 TL,62000
Menemen,4+1,70.000 TL,70000
Menemen,3+1,60.000 TL,60000
Çeşme,3+1,65.000 TL,65000
Urla,3+1,62.000 TL,62000
Karşıyaka,2+1,60.000 TL,60000
Bayraklı,3+1,70.000 TL,70000
Karşıyaka,3+1,65.000 TL,65000
Urla,4+1,70.000 TL,70000
Konak,3+1,60.000 TL,60000
Konak,2+1,75.000 TL,75000
Karşıyaka,2+1,60.000 TL,60000
Dikili,4+2,75.000 TL,75000
Seferihisar,5+1,60.000 TL,60000
Çiğli,2+1,62.000 TL,62000
Konak,3+1,70.000 TL,70000
Konak,3+1,73.000 TL,73000
Bornova,2+1,60.000 TL,60000
Bornova,2+1,65.000 TL,65000
Gaziemir,3+1,60.000 TL,60000
Çiğli,3+1,70.000 TL,70000
Konak,3+1,70.000 TL,70000
Gaziemir,4+1,60.500 TL,60500
Seferihisar,4+1,70.000 TL,70000
Çeşme,3+1,65.000 TL,65000
Seferihisar,3+1,76.000 TL,76000
Seferihisar,4+1,62.000 TL,62000
Narlıdere,2+1,62.000 TL,62000
Güzelbahçe,3+1,65.000 TL,65000
Konak,2+1,60.000 TL,60000
Urla,4+2,65.000 TL,65000
Foça,3+2,75.000 TL,75000
Narlıdere,2+1,62.000 TL,62000
Kemalpaşa,2+1,60.000 TL,60000
Konak,3+1,70.000 TL,70000
Karşıyaka,3+1,60.000 TL,60000
Seferihisar,4+1,60.000 TL,60000
Seferihisar,3+1,60.000 TL,60000
Narlıdere,3+1,77.000 TL,77000
Çiğli,2+1,70.000 TL,70000
Konak,1+1,65.000 TL,65000
Menderes,5+2,78.000 TL,78000
Menderes,5+1,70.000 TL,70000
Çeşme,3+1,70.000 TL,70000
Karabağlar,4+1,70.000 TL,70000
Foça,2+1,65.000 TL,65000
Gaziemir,3+1,65.000 TL,65000
Bayraklı,3+1,60.000 TL,60000
Çeşme,1+1,60.000 TL,60000
Çeşme,2+1,75.000 TL,75000
Konak,1+1,60.000 TL,60000
Karşıyaka,3+1,77.500 TL,77500
Çeşme,3+1,62.500 TL,62500
Karşıyaka,3+1,66.500 TL,66500
Menemen,5+1,67.500 TL,67500
Menderes,4+1,69.000 TL,69000
Buca,3+1,70.000 TL,70000
Karşıyaka,4+1,65.000 TL,65000
Menderes,4+1,60.000 TL,60000
Bornova,2+1,65.000 TL,65000
Konak,3+1,65.000 TL,65000
Bayraklı,3+1,75.000 TL,75000
Konak,2+1,68.000 TL,68000
Foça,5+1,75.000 TL,75000
Çeşme,3+1,60.000 TL,60000
Bayraklı,3+1,60.000 TL,60000
Konak,3+1,60.000 TL,60000
Karşıyaka,4+1,65.000 TL,65000
Karşıyaka,3+1,65.000 TL,65000
Narlıdere,2+1,68.000 TL,68000
Urla,2+1,60.000 TL,60000
Çeşme,2+1,60.000 TL,60000
Konak,1+1,60.000 TL,60000
Konak,2+1,75.000 TL,75000
Narlıdere,2+1,65.000 TL,65000
Foça,6+1,65.000 TL,65000
Urla,4+1,75.000 TL,75000
Narlıdere,3+1,60.000 TL,60000
Karşıyaka,3+1,70.000 TL,70000
Karşıyaka,3+1,60.000 TL,60000
Bayraklı,3+1,60.000 TL,60000
Gaziemir,4+1,75.000 TL,75000
Bornova,2+1,70.000 TL,70000
Dikili,3+1,65.000 TL,65000
Karşıyaka,3+1,65.000 TL,65000
Bornova,3+1,60.000 TL,60000
Urla,2+1,65.000 TL,65000
Foça,3+1,60.000 TL,60000
Seferihisar,5+1,70.000 TL,70000
Karabağlar,4+1,60.000 TL,60000
Karşıyaka,3+1,60.000 TL,60000
Güzelbahçe,1+1,65.000 TL,65000
Menemen,4+1,65.000 TL,65000
Bornova,2+1,60.000 TL,60000
Çeşme,1+1,70.000 TL,70000
Urla,4+1,70.000 TL,70000
Karaburun,3+1,60.000 TL,60000
Çeşme,1+1,75.000 TL,75000
Çiğli,2+1,75.000 TL,75000
Menderes,4+1,60.000 TL,60000
Bayraklı,4+1,75.000 TL,75000
Menemen,6+2,65.000 TL,65000
Menderes,3+1,60.000 TL,60000
Konak,3.5+1,65.000 TL,65000
Karşıyaka,3+1,63.000 TL,63000
Narlıdere,3+1,65.000 TL,65000
Güzelbahçe,2+1,65.000 TL,65000
Karşıyaka,4+1,62.000 TL,62000
Bayraklı,4+1,70.000 TL,70000
Bayraklı,4+1,60.000 TL,60000
Balçova,3+1,60.000 TL,60000
Çeşme,2+1,70.000 TL,70000
Gaziemir,3+1,73.500 TL,73500
Çiğli,3+1,75.000 TL,75000
Güzelbahçe,3+1,60.000 TL,60000
Urla,2+1,64.000 TL,64000
Karabağlar,3+1,65.000 TL,65000
Konak,2+1,75.000 TL,75000
Kemalpaşa,3+1,75.000 TL,75000
Karşıyaka,4+1,75.000 TL,75000
Çeşme,3+1,70.000 TL,70000
Seferihisar,4+1,66.000 TL,66000
Güzelbahçe,3+1,61.000 TL,61000
Seferihisar,2+1,60.000 TL,60000
Karşıyaka,3+1,78.000 TL,78000
Konak,2+1,75.000 TL,75000
Menderes,3+1,65.000 TL,65000
Kemalpaşa,5+1,60.000 TL,60000
Bornova,2+1,70.000 TL,70000
Çeşme,3+1,60.000 TL,60000
Çeşme,3+1,75.000 TL,75000
Konak,2+1,65.000 TL,65000
Menemen,3+1,70.000 TL,70000
Karşıyaka,3+1,75.000 TL,75000
Menemen,3+1,60.000 TL,60000
Çeşme,3+1,60.000 TL,60000
Karşıyaka,2+1,60.000 TL,60000
Karşıyaka,2+1,70.000 TL,70000
Bornova,4+1,75.000 TL,75000
Güzelbahçe,2+1,70.000 TL,70000
Seferihisar,3+1,65.000 TL,65000
Güzelbahçe,2+1,65.000 TL,65000
Karşıyaka,2+1,77.000 TL,77000
Bayraklı,3+1,62.000 TL,62000
Urla,2+1,60.000 TL,60000
Karşıyaka,2+1,65.000 TL,65000
Bornova,2+1,65.000 TL,65000
Buca,3+1,62.000 TL,62000
Çiğli,3+1,75.000 TL,75000
Konak,3+1,75.000 TL,75000
Foça,2+1,65.000 TL,65000
Gaziemir,5+1,60.000 TL,60000
Karşıyaka,2+1,62.000 TL,62000
Güzelbahçe,3+1,63.000 TL,63000
Çeşme,1.5+1,60.000 TL,60000
Foça,2+1,75.000 TL,75000
Bayraklı,2+1,60.000 TL,60000
Urla,3+1,69.000 TL,69000
Bornova,4+1,75.000 TL,75000
Seferihisar,4+1,60.000 TL,60000
Karşıyaka,2+1,60.000 TL,60000
Foça,3+1,70.000 TL,70000
Karşıyaka,3+1,60.000 TL,60000
Konak,1+1,79.000 TL,79000
Çeşme,3+1,70.000 TL,70000
Kemalpaşa,3+1,60.000 TL,60000
Konak,3+1,60.000 TL,60000
Çiğli,3+1,67.000 TL,67000
Çiğli,2+1,70.000 TL,70000
Konak,3+1,62.000 TL,62000
Gaziemir,4+1,67.500 TL,67500
Konak,3+1,70.000 TL,70000
Foça,4+1,65.000 TL,65000
Menderes,4+1,60.000 TL,60000
Seferihisar,4+1,75.000 TL,75000
Torbalı,4+1,62.000 TL,62000
Bayraklı,3+1,70.000 TL,70000
Bayraklı,3+1,60.000 TL,60000
Gaziemir,3+1,70.000 TL,70000
Çiğli,3+1,60.000 TL,60000
Bornova,4+1,61.000 TL,61000
Çiğli,3+1,65.000 TL,65000
Karşıyaka,3+1,62.000 TL,62000
Karşıyaka,3+1,65.000 TL,65000
Urla,4+1,65.000 TL,65000
Karşıyaka,3+1,60.000 TL,60000
Karşıyaka,4+1,70.000 TL,70000
Karşıyaka,3+1,68.000 TL,68000
Urla,2+1,75.000 TL,75000
Karabağlar,3+1,62.000 TL,62000
Buca,4+1,60.000 TL,60000
Foça,3+1,69.000 TL,69000
Konak,3+1,70.000 TL,70000
Çeşme,4+1,75.000 TL,75000
Gaziemir,2+1,70.000 TL,70000
Bayraklı,3+1,75.000 TL,75000
Menemen,4+1,60.000 TL,60000
Bornova,2+1,60.000 TL,60000
Konak,3+1,75.000 TL,75000
Bayraklı,3+1,60.000 TL,60000
Menderes,3+1,65.000 TL,65000
Karabağlar,3+1,73.000 TL,73000
Konak,3+1,65.000 TL,65000
Çeşme,3+1,60.000 TL,60000
Güzelbahçe,5+1,75.000 TL,75000
Torbalı,3+2,65.000 TL,65000
Urla,5+1,75.000 TL,75000
Çeşme,1+1,60.000 TL,60000
Konak,2+1,60.000 TL,60000
Dikili,3+1,60.000 TL,60000
Bayraklı,2+1,75.000 TL,75000
Karabağlar,3+1,68.500 TL,68500
Konak,1+1,66.000 TL,66000
Urla,3+1,60.000 TL,60000
Konak,2+1,73.000 TL,73000
Narlıdere,3+1,60.000 TL,60000
Konak,2+1,60.000 TL,60000
Konak,2+1,67.500 TL,67500
Narlıdere,3+1,60.000 TL,60000
Menemen,3+1,65.000 TL,65000
Urla,3+1,66.900 TL,66900
Seferihisar,4+1,65.000 TL,65000
Bayraklı,3+1,60.000 TL,60000
Gaziemir,3+1,60.000 TL,60000
Gaziemir,4+1,60.000 TL,60000
Çeşme,2+1,70.000 TL,70000
Çiğli,2+1,60.000 TL,60000
Urla,3+2,67.000 TL,67000
Buca,4+1,70.000 TL,70000
Foça,4+1,60.000 TL,60000
Karşıyaka,3+1,68.000 TL,68000
Karşıyaka,3+1,75.000 TL,75000
Güzelbahçe,3+1,75.000 TL,75000
Bornova,2+1,70.000 TL,70000
Çeşme,2+1,60.000 TL,60000
Karşıyaka,4.5+1,65.000 TL,65000
Güzelbahçe,3+1,60.000 TL,60000
Karşıyaka,2+1,67.000 TL,67000
Karşıyaka,3+1,75.000 TL,75000
Menderes,3+1,70.000 TL,70000
Narlıdere,3+1,77.000 TL,77000
Menderes,5+1,70.000 TL,70000
Karabağlar,4+1,75.000 TL,75000
Karşıyaka,3+1,60.000 TL,60000
Foça,4+1,70.000 TL,70000
Karşıyaka,2+1,60.000 TL,60000
Seferihisar,4+1,75.000 TL,75000
Menemen,3+1,65.000 TL,65000
Bornova,2+1,60.000 TL,60000
Konak,2+1,62.000 TL,62000
Bayraklı,2+1,65.000 TL,65000
Bayraklı,2+1,70.000 TL,70000
Menderes,2+1,75.000 TL,75000
Bornova,3.5+1,75.000 TL,75000
Urla,2+1,60.000 TL,60000
Çeşme,4+1,65.000 TL,65000
Çiğli,2+1,63.000 TL,63000
Çeşme,3+1,75.000 TL,75000
Konak,2+1,60.000 TL,60000
Bayraklı,1+1,62.500 TL,62500
Güzelbahçe,3+1,72.000 TL,72000
Gaziemir,5+1,65.000 TL,65000
Konak,,75.000 TL,75000
Karşıyaka,3+1,62.000 TL,62000
Karşıyaka,2+1,65.000 TL,65000
Konak,,70.000 TL,70000
Çiğli,3+1,72.500 TL,72500
Foça,4+1,70.000 TL,70000
Urla,4.5+1,72.000 TL,72000
Güzelbahçe,3+1,72.000 TL,72000
Konak,3+1,60.000 TL,60000
Karşıyaka,3+1,70.000 TL,70000
Menemen,5+1,64.500 TL,64500
Bornova,3+1,60.000 TL,60000
Güzelbahçe,4+1,60.000 TL,60000
Gaziemir,3+1,65.000 TL,65000
Urla,1+1,60.000 TL,60000
Karşıyaka,3+1,66.500 TL,66500
Urla,3+1,68.000 TL,68000
Narlıdere,3+1,63.000 TL,63000
Konak,2+1,73.000 TL,73000
Bornova,3+1,60.000 TL,60000
Menemen,4+1,60.000 TL,60000
Seferihisar,3+1,65.000 TL,65000
Urla,3+1,60.000 TL,60000
Karşıyaka,3+1,70.000 TL,70000
Seferihisar,3+1,65.000 TL,65000
Çeşme,1+1,60.000 TL,60000
Çeşme,1+1,60.000 TL,60000
Çiğli,2+1,70.000 TL,70000
Urla,4+1,70.000 TL,70000
Karşıyaka,2+1,62.000 TL,62000
Narlıdere,3+1,65.000 TL,65000
Bornova,3+1,75.000 TL,75000
Güzelbahçe,2+1,70.000 TL,70000
Çiğli,3+1,60.000 TL,60000
Çiğli,3+1,65.000 TL,65000
Karşıyaka,3+1,70.000 TL,70000
Gaziemir,4+1,75.000 TL,75000
Çeşme,2+1,70.000 TL,70000
Urla,4+1,60.000 TL,60000
Karşıyaka,2+1,65.000 TL,65000
Çiğli,3+1,65.000 TL,65000
Güzelbahçe,3+1,77.500 TL,77500
Güzelbahçe,4+1,65.000 TL,65000
Urla,4+1,70.000 TL,70000
Gaziemir,4+1,60.000 TL,60000
Çeşme,Stüdyo (1+0),60.000 TL,60000
Bayraklı,3+1,65.000 TL,65000
Karşıyaka,3+1,65.000 TL,65000
Gaziemir,8+1,70.000 TL,70000
Çiğli,3+1,65.000 TL,65000
Foça,4+1,60.000 TL,60000
Seferihisar,3+1,70.000 TL,70000
Konak,3+1,70.000 TL,70000
Foça,1+1,70.000 TL,70000
Bornova,3+1,65.000 TL,65000
Çeşme,2.5+1,60.000 TL,60000
Konak,2+1,75.000 TL,75000
Narlıdere,3+1,70.000 TL,70000
Seferihisar,4+1,75.000 TL,75000
Seferihisar,4+1,65.000 TL,65000
Menderes,3+1,60.000 TL,60000
Dikili,4+1,60.000 TL,60000
Konak,2+1,70.000 TL,70000
Gaziemir,4+1,65.000 TL,65000
Konak,3+1,75.000 TL,75000
Karşıyaka,3+1,79.000 TL,79000
Urla,3+1,79.000 TL,79000
Konak,2+1,73.000 TL,73000
Foça,2+1,65.000 TL,65000
Konak,3+1,60.000 TL,60000
Karşıyaka,2+1,70.000 TL,70000
Çeşme,2+1,70.000 TL,70000
Kemalpaşa,4+1,65.000 TL,65000
Seferihisar,1+1,75.000 TL,75000
Çiğli,3+1,65.000 TL,65000
Urla,2+2,70.000 TL,70000
Seferihisar,3+1,68.000 TL,68000
Bornova,3+1,60.000 TL,60000
Seferihisar,3+1,70.000 TL,70000
Urla,3+1,70.000 TL,70000
Karabağlar,4+1,62.000 TL,62000
Çiğli,3+1,75.000 TL,75000
Bornova,3+1,75.000 TL,75000
Foça,3+1,75.000 TL,75000
Çiğli,2+1,60.000 TL,60000
Bornova,3+1,60.000 TL,60000
Bornova,3+1,64.000 TL,64000
Çeşme,1+1,60.000 TL,60000
Çeşme,3+1,62.000 TL,62000
Urla,2+1,75.000 TL,75000
Konak,2+1,75.000 TL,75000
Seferihisar,2+1,60.000 TL,60000
Konak,,65.000 TL,65000
Konak,3+1,65.000 TL,65000
Urla,3+1,72.000 TL,72000
Çeşme,1+1,70.000 TL,70000
Urla,3+1,62.000 TL,62000
Konak,3+1,75.000 TL,75000
Urla,3+1,65.000 TL,65000
Konak,2.5+1,65.000 TL,65000
Konak,2+1,68.000 TL,68000
Seferihisar,3+1,62.000 TL,62000
Çiğli,2+1,70.000 TL,70000
Urla,2+1,60.000 TL,60000
Menemen,2+1,60.000 TL,60000
Menemen,5+1,65.000 TL,65000
Urla,3+1,70.000 TL,70000
Foça,5+2,65.000 TL,65000
Urla,3+1,60.000 TL,60000
Dikili,2+1,60.000 TL,60000
Çiğli,2+1,68.000 TL,68000
Bayraklı,3+1,67.000 TL,67000
Karşıyaka,3+1,60.000 TL,60000
Narlıdere,3+1,71.000 TL,71000
Balçova,3+1,79.000 TL,79000
Karşıyaka,2+1,75.000 TL,75000
Urla,3+1,78.000 TL,78000
Seferihisar,3+1,70.000 TL,70000
Urla,3+1,70.000 TL,70000
Urla,3+1,65.000 TL,65000
Seferihisar,4+1,65.000 TL,65000
Konak,4+1,65.000 TL,65000
Narlıdere,3+1,60.000 TL,60000
Karabağlar,4+1,62.000 TL,62000
Urla,3+1,60.000 TL,60000
Urla,3+1,60.000 TL,60000
Çeşme,1+1,65.000 TL,65000
Narlıdere,2+1,68.000 TL,68000
Bayraklı,3+1,60.000 TL,60000
Konak,2+1,75.000 TL,75000
Gaziemir,4+1,78.000 TL,78000
Karabağlar,3+1,68.500 TL,68500
Konak,3+1,70.000 TL,70000
Urla,2+1,65.000 TL,65000
Çeşme,3+1,70.000 TL,70000
Buca,3+1,60.000 TL,60000
Konak,3+1,75.000 TL,75000
Karabağlar,4+1,77.500 TL,77500
Konak,4+1,70.000 TL,70000
Konak,3+1,70.000 TL,70000
Foça,3+1,65.000 TL,65000
Menemen,2+1,60.000 TL,60000
Konak,2+1,75.000 TL,75000
Narlıdere,3+1,65.000 TL,65000
Bornova,3+1,75.000 TL,75000
Urla,3+1,63.000 TL,63000
Konak,1+1,62.500 TL,62500
Bornova,3+1,65.000 TL,65000
Çiğli,2+1,60.000 TL,60000
Güzelbahçe,2+1,60.000 TL,60000
Seferihisar,3+1,76.000 TL,76000
Urla,4+1,72.000 TL,72000
Karşıyaka,2+1,60.000 TL,60000
Torbalı,4+1,60.000 TL,60000
Karabağlar,4+1,70.000 TL,70000
Konak,3+1,70.000 TL,70000
Urla,2+1,75.000 TL,75000
Bayraklı,3+1,77.500 TL,77500
Konak,3+1,65.000 TL,65000
Bornova,2+1,75.000 TL,75000
Urla,3+1,62.800 TL,62800
Aliağa,2+1,75.000 TL,75000
Çeşme,2+1,65.000 TL,65000
Karşıyaka,2+1,60.000 TL,60000
Çeşme,1+1,62.500 TL,62500
Konak,3+1,60.000 TL,60000
Urla,3+1,75.000 TL,75000
Menderes,3+1,60.000 TL,60000
Konak,3+1,62.000 TL,62000
Seferihisar,3+1,65.000 TL,65000
Urla,2+1,69.000 TL,69000
Konak,2+1,65.000 TL,65000
Çiğli,2+1,60.000 TL,60000
Konak,3+1,60.000 TL,60000
Seferihisar,3+1,76.000 TL,76000
Menemen,4+1,60.000 TL,60000
Güzelbahçe,3+1,70.000 TL,70000
Dikili,3+1,75.000 TL,75000
Seferihisar,3+1,65.000 TL,65000
Konak,3+1,70.000 TL,70000
Menderes,5+1,75.000 TL,75000
Gaziemir,3+1,62.500 TL,62500
Kemalpaşa,4+1,65.000 TL,65000
Güzelbahçe,2.5+1,70.000 TL,70000
Konak,3+1,70.000 TL,70000
Kemalpaşa,3+2,65.000 TL,65000
Güzelbahçe,2+1,75.000 TL,75000
Karşıyaka,3+1,65.000 TL,65000
Karşıyaka,3+1,60.000 TL,60000
Çiğli,4+1,60.000 TL,60000
Çiğli,3+1,67.000 TL,67000
Karşıyaka,3+1,60.000 TL,60000
Çiğli,2+1,60.000 TL,60000
Çiğli,3+1,75.000 TL,75000
Bornova,Stüdyo (1+0),65.000 TL,65000
Bornova,3+1,65.000 TL,65000
Konak,4+1,60.000 TL,60000
Karşıyaka,3+1,66.500 TL,66500
Gaziemir,4+1,65.000 TL,65000
Çeşme,1+1,60.000 TL,60000
Karşıyaka,2+1,62.500 TL,62500
Bornova,2+1,60.000 TL,60000
Aliağa,3+1,75.000 TL,75000
Çeşme,3+1,60.000 TL,60000
Güzelbahçe,2.5+1,60.000 TL,60000
Konak,1+1,65.000 TL,65000
Urla,2+1,65.000 TL,65000
Konak,3+1,65.000 TL,65000
Seferihisar,3+1,62.500 TL,62500
Konak,2+1,75.000 TL,75000
Kemalpaşa,3+1,62.000 TL,62000
Bayraklı,2+1,66.000 TL,66000
Karşıyaka,3+1,60.000 TL,60000
Karşıyaka,4+1,78.000 TL,78000
Çeşme,3+1,70.000 TL,70000
Karşıyaka,2+1,62.500 TL,62500
Urla,1+1,75.000 TL,75000
Urla,3+1,60.000 TL,60000
Çeşme,3+1,60.000 TL,60000
Balçova,3+1,79.000 TL,79000
Kemalpaşa,5+1,65.000 TL,65000
Konak,2+1,70.000 TL,70000
Buca,5+1,70.000 TL,70000
Foça,3+1,60.000 TL,60000
Gaziemir,3+1,60.000 TL,60000
Urla,3+1,72.000 TL,72000
Narlıdere,3+1,60.000 TL,60000
Karşıyaka,3+1,65.000 TL,65000
Çeşme,3+1,60.000 TL,60000
Gaziemir,4+1,63.000 TL,63000
Foça,6+1,65.000 TL,65000
Bayraklı,3+1,62.500 TL,62500
Karşıyaka,2+1,60.000 TL,60000
Konak,4+1,62.500 TL,62500
Urla,3+1,75.000 TL,75000
Güzelbahçe,3+1,72.000 TL,72000
Konak,4+1,78.000 TL,78000
Karşıyaka,3+1,63.000 TL,63000
Karşıyaka,2+1,60.000 TL,60000
Konak,3+1,63.000 TL,63000
Bayraklı,2+1,75.000 TL,75000
Konak,1+1,64.000 TL,64000
Foça,6+1,75.000 TL,75000
Bornova,2+1,65.000 TL,65000
Narlıdere,3+1,79.000 TL,79000
Konak,3+1,60.000 TL,60000
Bayraklı,3+1,65.000 TL,65000
Seferihisar,4+1,65.000 TL,65000
Çiğli,3+1,75.000 TL,75000
Çeşme,2+1,60.000 TL,60000
Çeşme,3+1,75.000 TL,75000
Urla,2+1,60.000 TL,60000
Karşıyaka,3+1,65.000 TL,65000
Urla,4+2,76.000 TL,76000
Çiğli,2+1,70.000 TL,70000
Çiğli,2+1,65.000 TL,65000
Konak,2+1,72.500 TL,72500
Seferihisar,1+1,71.150 TL,71150
Konak,1+1,60.000 TL,60000
Konak,3+1,65.000 TL,65000
Bornova,2+1,65.000 TL,65000
Gaziemir,3+1,75.000 TL,75000
Konak,2+1,75.000 TL,75000
Çiğli,4+1,60.000 TL,60000
Seferihisar,3+1,75.000 TL,75000
Konak,2+1,60.000 TL,60000
Konak,1+1,60.000 TL,60000
Konak,2+1,72.000 TL,72000
Konak,,75.000 TL,75000
Aliağa,3+1,60.000 TL,60000
Karşıyaka,3+1,64.000 TL,64000
Konak,2+1,75.000 TL,75000
Karabağlar,3+1,60.000 TL,60000
Narlıdere,3+1,70.000 TL,70000
Balçova,3+1,68.000 TL,68000
Bornova,4+1,74.000 TL,74000
Karşıyaka,4+1,75.000 TL,75000
Gaziemir,4+1,70.000 TL,70000
Konak,3+1,62.000 TL,62000
Güzelbahçe,3+1,70.000 TL,70000
Karşıyaka,3+1,65.000 TL,65000
Selçuk,3+1,65.000 TL,65000
Urla,3+1,65.000 TL,65000
Foça,2+1,65.000 TL,65000
Dikili,2+1,70.000 TL,70000
Seferihisar,3+1,62.000 TL,62000
Çiğli,2+1,70.000 TL,70000
Karşıyaka,3+1,66.000 TL,66000
Foça,3+1,75.000 TL,75000
Menemen,2+1,60.000 TL,60000
Çeşme,3+1,60.000 TL,60000
Bornova,2+1,65.000 TL,65000
Bornova,3+1,70.000 TL,70000
Çeşme,3+1,75.000 TL,75000
Urla,3+1,75.000 TL,75000
Konak,4+1,60.000 TL,60000
Bayraklı,3+1,60.000 TL,60000
Konak,,68.000 TL,68000
Güzelbahçe,3+1,65.000 TL,65000
Karşıyaka,3+1,67.500 TL,67500
Urla,3+1,77.000 TL,77000
Karaburun,Stüdyo (1+0),70.000 TL,70000
Foça,2+1,65.000 TL,65000
Dikili,3+1,70.000 TL,70000
Güzelbahçe,2+1,62.000 TL,62000
Karşıyaka,3+1,60.000 TL,60000
Bayraklı,2+1,68.000 TL,68000
Konak,3+1,70.000 TL,70000
Foça,1+1,60.000 TL,60000
Bayraklı,2+1,62.000 TL,62000
Urla,2+1,75.000 TL,75000
Karşıyaka,4+1,65.000 TL,65000
Menemen,5+2,65.000 TL,65000
Gaziemir,3+1,60.000 TL,60000
Urla,3+1,60.000 TL,60000
Karşıyaka,2+1,60.000 TL,60000
Gaziemir,2+1,70.000 TL,70000
Dikili,3+1,70.000 TL,70000
Menderes,5+1,70.000 TL,70000
Bayraklı,2+1,75.000 TL,75000
Karaburun,3+1,60.000 TL,60000
Konak,2+1,74.000 TL,74000
Bayraklı,3+1,78.000 TL,78000
Bornova,3+1,75.000 TL,75000
Gaziemir,3+1,60.000 TL,60000
Konak,2+1,60.000 TL,60000
Gaziemir,3+1,70.000 TL,70000
Konak,,68.000 TL,68000
Menderes,5+1,69.000 TL,69000
Çiğli,3+1,62.500 TL,62500
Çeşme,2+1,75.000 TL,75000
Çeşme,2+1,75.000 TL,75000
Seferihisar,2+1,60.000 TL,60000
Güzelbahçe,1+1,70.000 TL,70000
Menderes,3+1,65.000 TL,65000
Bornova,2+1,73.000 TL,73000
Urla,3+1,62.000 TL,62000
Karşıyaka,2+1,60.000 TL,60000
Seferihisar,2+1,65.000 TL,65000
Urla,3+1,75.000 TL,75000
Gaziemir,3+1,70.000 TL,70000
Konak,2+1,65.000 TL,65000
Gaziemir,3+1,65.000 TL,65000
Urla,1+1,60.000 TL,60000
Menderes,3+1,75.000 TL,75000
Karşıyaka,3+1,60.000 TL,60000
Seferihisar,4+1,75.000 TL,75000
Karşıyaka,3+1,60.000 TL,60000
Bornova,3+1,62.000 TL,62000
Kemalpaşa,4+0,60.000 TL,60000
Konak,4+1,75.000 TL,75000
Karşıyaka,4+1,75.000 TL,75000
Karşıyaka,2+1,70.000 TL,70000
Konak,3+1,75.000 TL,75000
Konak,3+1,62.000 TL,62000
Konak,3+1,65.000 TL,65000
Narlıdere,3+1,68.000 TL,68000
Urla,2+1,60.000 TL,60000
Konak,2+1,60.000 TL,60000
Karşıyaka,2+1,60.000 TL,60000
Konak,1+1,60.000 TL,60000
Karabağlar,4+1,70.000 TL,70000
Dikili,2+1,60.000 TL,60000
Karşıyaka,3+1,65.000 TL,65000
Karşıyaka,2+1,60.000 TL,60000
Urla,3+1,70.000 TL,70000
Karşıyaka,2+1,65.000 TL,65000
Balçova,6+1,75.000 TL,75000
Karşıyaka,4+1,70.000 TL,70000
Urla,3+1,75.000 TL,75000
Bayraklı,3+1,75.000 TL,75000
Karabağlar,4+1,65.000 TL,65000
Bayraklı,2+1,68.000 TL,68000
Güzelbahçe,3+1,70.000 TL,70000
Konak,4+1,60.000 TL,60000
Karşıyaka,3+1,60.000 TL,60000
Narlıdere,1+1,70.000 TL,70000
Narlıdere,3+1,71.000 TL,71000
Seferihisar,3+1,60.000 TL,60000
Güzelbahçe,2+1,65.000 TL,65000
Çeşme,1+1,60.000 TL,60000
Güzelbahçe,3+1,75.000 TL,75000
Urla,4+1,72.000 TL,72000
Konak,2+1,76.000 TL,76000
Karşıyaka,3+1,75.000 TL,75000
Gaziemir,3+1,65.000 TL,65000
Urla,1+1,70.000 TL,70000
Bayraklı,2+1,62.000 TL,62000
Seferihisar,3+1,60.000 TL,60000
Karabağlar,3+1,60.000 TL,60000
Karşıyaka,2+1,63.000 TL,63000
Gaziemir,3+1,70.000 TL,70000
Narlıdere,3+1,77.000 TL,77000
Çiğli,3+1,75.000 TL,75000
Gaziemir,3+1,65.000 TL,65000
Karşıyaka,3+1,60.000 TL,60000
Konak,2+1,79.000 TL,79000
Karşıyaka,3+1,73.000 TL,73000
Urla,2+1,75.000 TL,75000
Balçova,3+1,60.000 TL,60000
Karşıyaka,3+1,60.000 TL,60000
Konak,1+1,60.000 TL,60000
Konak,2+1,75.000 TL,75000
Konak,2+1,70.000 TL,70000
Çiğli,4+1,60.000 TL,60000
Konak,2+1,67.000 TL,67000
Konak,3+1,95.000 TL,95000
Urla,3+1,82.500 TL,82500
Seferihisar,4+1,90.000 TL,90000
Urla,7+1,90.000 TL,90000
Çiğli,3+1,96.000 TL,96000
Güzelbahçe,4+1,80.000 TL,80000
Karşıyaka,2+1,80.000 TL,80000
Konak,2+1,80.000 TL,80000
Seferihisar,4+2,80.000 TL,80000
Bornova,3+1,85.000 TL,85000
Güzelbahçe,3+1,80.000 TL,80000
Narlıdere,4+1,85.000 TL,85000
Dikili,2+1,90.000 TL,90000
Çeşme,1+1,85.000 TL,85000
Güzelbahçe,3.5+1,85.000 TL,85000
Konak,3+1,85.000 TL,85000
Konak,2+1,88.000 TL,88000
Konak,4+1,80.000 TL,80000
Urla,3+1,80.000 TL,80000
Narlıdere,3+1,85.000 TL,85000
Karşıyaka,4+1,90.000 TL,90000
Konak,3+1,85.000 TL,85000
Çeşme,1+1,85.000 TL,85000
Urla,5+2,85.000 TL,85000
Narlıdere,2+1,85.000 TL,85000
Karşıyaka,4+1,98.000 TL,98000
Karaburun,2+1,85.000 TL,85000
Güzelbahçe,4+1,80.000 TL,80000
Urla,2+1,90.000 TL,90000
Urla,4+1,92.000 TL,92000
Konak,4+1,90.000 TL,90000
Karşıyaka,3+1,83.000 TL,83000
Karşıyaka,3+1,85.000 TL,85000
Konak,2+1,90.000 TL,90000
Bornova,3+1,80.000 TL,80000
Çeşme,2+1,80.000 TL,80000
Buca,5+2,99.000 TL,99000
Seferihisar,3+1,80.000 TL,80000
Menderes,3+1,92.000 TL,92000
Güzelbahçe,3+1,95.000 TL,95000
Karşıyaka,3+1,82.000 TL,82000
Gaziemir,4+1,80.000 TL,80000
Bornova,3+1,95.000 TL,95000
Konak,4+1,95.000 TL,95000
Seferihisar,3+1,80.000 TL,80000
Urla,5+1,90.000 TL,90000
Konak,1.5+1,88.000 TL,88000
Urla,4+1,90.000 TL,90000
Konak,2+1,95.000 TL,95000
Karşıyaka,3+1,90.000 TL,90000
Balçova,5+1,85.000 TL,85000
Foça,4+1,80.000 TL,80000
Urla,3+1,85.000 TL,85000
Konak,1+1,85.000 TL,85000
Çeşme,2+1,89.000 TL,89000
Urla,2+1,80.000 TL,80000
Çiğli,3+1,80.000 TL,80000
Konak,1+1,85.000 TL,85000
Karşıyaka,4+1,88.000 TL,88000
Karşıyaka,3+1,80.000 TL,80000
Konak,3+1,88.000 TL,88000
Karaburun,1+1,80.000 TL,80000
Menemen,4+1,80.000 TL,80000
Çiğli,3+1,82.000 TL,82000
Güzelbahçe,3+1,92.000 TL,92000
Konak,3+1,90.000 TL,90000
Konak,2+1,80.000 TL,80000
Karşıyaka,2+1,85.000 TL,85000
Bornova,3+1,90.000 TL,90000
Gaziemir,4+1,85.000 TL,85000
Gaziemir,1+1,95.000 TL,95000
Gaziemir,1+1,85.000 TL,85000
Konak,3+1,80.000 TL,80000
Narlıdere,3+1,93.000 TL,93000
Çeşme,4+1,95.000 TL,95000
Konak,2+1,90.000 TL,90000
Foça,3+1,80.000 TL,80000
Gaziemir,5+2,82.000 TL,82000
Kemalpaşa,5+1,85.000 TL,85000
Seferihisar,3+1,80.000 TL,80000
Konak,3+1,80.000 TL,80000
Selçuk,4+1,80.000 TL,80000
Narlıdere,3+1,93.000 TL,93000
Karaburun,3+1,85.000 TL,85000
Karşıyaka,2+1,80.000 TL,80000
Konak,3+1,85.000 TL,85000
Konak,4+1,80.000 TL,80000
Urla,3+1,89.000 TL,89000
Bornova,3+1,80.000 TL,80000
Urla,3.5+1,95.000 TL,95000
Karşıyaka,4+1,82.000 TL,82000
Karşıyaka,3+1,95.000 TL,95000
Bornova,3+1,90.000 TL,90000
Gaziemir,4+1,85.000 TL,85000
Karşıyaka,3+1,85.000 TL,85000
Konak,3+1,90.000 TL,90000
Çeşme,2+1,80.000 TL,80000
Çiğli,3+1,85.000 TL,85000
Konak,2.5+1,95.000 TL,95000
Karaburun,2+1,85.000 TL,85000
Çiğli,3+1,90.000 TL,90000
Çeşme,3+1,80.000 TL,80000
Bayraklı,3+1,80.000 TL,80000
Bornova,5+1,95.000 TL,95000
Konak,3+1,82.000 TL,82000
Bornova,3+1,95.000 TL,95000
Konak,2+1,95.000 TL,95000
Konak,3+1,83.000 TL,83000
Konak,3+1,80.000 TL,80000
Karşıyaka,4+1,80.000 TL,80000
Güzelbahçe,5+1,95.000 TL,95000
Bornova,4+1,87.000 TL,87000
Karşıyaka,2+1,85.000 TL,85000
Seferihisar,3+1,80.000 TL,80000
Foça,4+1,80.000 TL,80000
Menderes,2+1,85.000 TL,85000
Balçova,5+1,90.000 TL,90000
Güzelbahçe,4+2,90.000 TL,90000
Karşıyaka,3+1,80.000 TL,80000
Güzelbahçe,3+2,95.000 TL,95000
Konak,3+1,90.000 TL,90000
Konak,2+1,85.000 TL,85000
Çeşme,4+1,90.000 TL,90000
Urla,4+1,95.000 TL,95000
Urla,4+1,99.000 TL,99000
Çeşme,2+1,80.000 TL,80000
Bayraklı,2+1,85.000 TL,85000
Urla,3.5+1,82.000 TL,82000
Karaburun,2+1,90.000 TL,90000
Bornova,3+1,99.500 TL,99500
Karşıyaka,3+1,84.000 TL,84000
Seferihisar,4+1,90.000 TL,90000
Çiğli,2+1,90.000 TL,90000
Aliağa,8+1,80.000 TL,80000
Karşıyaka,3+1,95.000 TL,95000
Konak,3+1,90.000 TL,90000
Çeşme,2+1,89.000 TL,89000
Karaburun,3+1,80.000 TL,80000
Konak,4+1,80.000 TL,80000
Urla,3+1,80.000 TL,80000
Foça,3+1,90.000 TL,90000
Urla,3+1,82.000 TL,82000
Karabağlar,5+1,80.000 TL,80000
Menderes,5+1,95.000 TL,95000
Karabağlar,4+1,82.500 TL,82500
Çiğli,3+1,85.000 TL,85000
Karşıyaka,4+1,95.000 TL,95000
Konak,2+1,85.000 TL,85000
Urla,4+1,98.000 TL,98000
Güzelbahçe,3+1,85.000 TL,85000
Aliağa,5+1,82.000 TL,82000
Narlıdere,3+1,80.000 TL,80000
Foça,4+2,80.000 TL,80000
Çeşme,3+1,95.000 TL,95000
Karşıyaka,3+1,85.000 TL,85000
Güzelbahçe,3+1,80.000 TL,80000
Güzelbahçe,2+1,85.000 TL,85000
Bornova,3+1,90.000 TL,90000
Urla,3.5+1,80.000 TL,80000
Seferihisar,4+1,80.000 TL,80000
Menderes,3+1,80.000 TL,80000
Menderes,4+1,86.000 TL,86000
Foça,1+1,90.000 TL,90000
Konak,2+1,81.000 TL,81000
Kemalpaşa,3+1,80.000 TL,80000
Urla,5+1,95.000 TL,95000
Seferihisar,3+1,80.000 TL,80000
Konak,3+1,80.000 TL,80000
Menemen,3+1,95.000 TL,95000
Konak,3+1,90.000 TL,90000
Bornova,4+1,95.000 TL,95000
Çeşme,3+1,80.000 TL,80000
Narlıdere,4+1,81.000 TL,81000
Konak,1+1,85.000 TL,85000
Karşıyaka,3+1,80.000 TL,80000
Güzelbahçe,4+2,90.000 TL,90000
Karşıyaka,3+1,95.000 TL,95000
Konak,2+1,82.000 TL,82000
Balçova,4+1,85.000 TL,85000
Urla,3+1,85.000 TL,85000
Bornova,6+1,85.000 TL,85000
Bornova,4+1,95.000 TL,95000
Çeşme,1+1,85.000 TL,85000
Dikili,3+1,80.000 TL,80000
Bornova,4+2,85.000 TL,85000
Konak,4+1,90.000 TL,90000
Konak,3+1,80.000 TL,80000
Karşıyaka,3+1,85.000 TL,85000
Kemalpaşa,6+1,87.500 TL,87500
Urla,4+1,80.000 TL,80000
Bornova,6+2,90.000 TL,90000
Konak,3+1,92.000 TL,92000
Konak,3+1,80.000 TL,80000
Karaburun,3+1,90.000 TL,90000
Gaziemir,3+1,95.000 TL,95000
Urla,5+1,90.000 TL,90000
Urla,5+1,93.000 TL,93000
Konak,4+1,90.000 TL,90000
Menemen,5+1,80.000 TL,80000
Karşıyaka,3+1,90.000 TL,90000
Güzelbahçe,3+1,99.000 TL,99000
Bayraklı,2+1,80.000 TL,80000
Çeşme,2+1,90.000 TL,90000
Konak,3+1,80.000 TL,80000
Güzelbahçe,4+1,80.000 TL,80000
Çiğli,3+1,90.000 TL,90000
Konak,4+1,90.000 TL,90000
Seferihisar,1+1,90.000 TL,90000
Konak,3+1,90.000 TL,90000
Gaziemir,3+1,95.000 TL,95000
Menemen,3+1,95.000 TL,95000
Urla,5+1,80.000 TL,80000
Bornova,4+1,85.000 TL,85000
Konak,3+1,90.000 TL,90000
Balçova,5+1,85.000 TL,85000
Urla,3+1,85.000 TL,85000
Karşıyaka,3+1,95.000 TL,95000
Karşıyaka,4+1,95.000 TL,95000
Aliağa,5+1,80.000 TL,80000
Urla,3+1,90.000 TL,90000
Bornova,4+1,91.000 TL,91000
Karşıyaka,3+1,80.000 TL,80000
Bornova,4+1,95.000 TL,95000
Narlıdere,3+1,92.500 TL,92500
Karşıyaka,3+1,80.000 TL,80000
Kemalpaşa,4+1,95.000 TL,95000
Foça,3+1,85.000 TL,85000
Balçova,6+1,82.000 TL,82000
Seferihisar,3+1,80.000 TL,80000
Çeşme,3+1,80.000 TL,80000
Urla,3+1,90.000 TL,90000
Konak,3+1,90.000 TL,90000
Güzelbahçe,3+2,80.000 TL,80000
Konak,3+1,90.000 TL,90000
Konak,2+1,90.000 TL,90000
Gaziemir,3+1,90.000 TL,90000
Konak,3+1,95.000 TL,95000
Karşıyaka,4+1,95.000 TL,95000
Bayraklı,2+1,85.000 TL,85000
Urla,3+1,80.000 TL,80000
Çeşme,3+1,85.000 TL,85000
Konak,3+1,90.000 TL,90000
Seferihisar,3+1,80.000 TL,80000
Urla,4+2,95.000 TL,95000
Karşıyaka,4+1,80.000 TL,80000
Urla,3+1,80.000 TL,80000
Çiğli,3+1,80.000 TL,80000
Çeşme,1+1,90.000 TL,90000
Karşıyaka,3+1,85.000 TL,85000
Menemen,4+1,90.000 TL,90000
Konak,,90.000 TL,90000
Konak,4+0,80.000 TL,80000
Kemalpaşa,,80.000 TL,80000
Urla,3+1,85.000 TL,85000
Karşıyaka,2+1,82.000 TL,82000
Konak,2+1,80.000 TL,80000
Narlıdere,3+1,85.000 TL,85000
Bayraklı,2+1,80.000 TL,80000
Bornova,3+1,80.000 TL,80000
Bornova,4+1,85.000 TL,85000
Konak,3+1,90.000 TL,90000
Dikili,3+1,80.000 TL,80000
Bayraklı,4+1,87.500 TL,87500
Urla,3+1,85.000 TL,85000
Karşıyaka,3+1,90.000 TL,90000
Konak,3+1,90.000 TL,90000
Urla,3+1,95.000 TL,95000
Bayraklı,3+1,90.000 TL,90000
Urla,3+1,95.000 TL,95000
Urla,3+1,85.000 TL,85000
Bornova,3+1,90.000 TL,90000
Konak,3+1,85.000 TL,85000
Konak,2+1,88.000 TL,88000
Konak,4+1,82.500 TL,82500
Karşıyaka,4+1,85.000 TL,85000
Konak,5+1,90.000 TL,90000
Urla,4+1,85.000 TL,85000
Konak,2+1,80.000 TL,80000
Konak,3+1,85.000 TL,85000
Bornova,3+1,95.000 TL,95000
Çeşme,3+1,85.000 TL,85000
Konak,3+1,90.000 TL,90000
Aliağa,4+2,80.000 TL,80000
Foça,3+1,80.000 TL,80000
Kemalpaşa,6+1,95.000 TL,95000
Konak,3+1,88.500 TL,88500
Seferihisar,3+1,95.000 TL,95000
Çeşme,3+1,80.000 TL,80000
Çiğli,3+1,80.000 TL,80000
Urla,2+1,80.000 TL,80000
Karşıyaka,3+1,95.000 TL,95000
Çeşme,2+1,90.000 TL,90000
Narlıdere,5+1,86.000 TL,86000
Konak,2+1,95.000 TL,95000
Konak,3+1,80.000 TL,80000
Urla,4+1,95.000 TL,95000
Menemen,5+1,80.000 TL,80000
Kemalpaşa,5+2,85.000 TL,85000
Kemalpaşa,6+1,85.000 TL,85000
Karşıyaka,3+1,97.000 TL,97000
Aliağa,4+2,96.000 TL,96000
Narlıdere,3+1,83.000 TL,83000
Karşıyaka,3+1,87.000 TL,87000
Konak,2+1,82.500 TL,82500
Güzelbahçe,4+2,85.000 TL,85000
Urla,3+1,85.000 TL,85000
Konak,3+1,85.000 TL,85000
Menderes,4+1,80.000 TL,80000
Çiğli,4+1,85.000 TL,85000
Bornova,4+1,90.000 TL,90000
Çeşme,1+1,80.000 TL,80000
Kemalpaşa,4+1,80.000 TL,80000
Çeşme,4+1,80.000 TL,80000
Seferihisar,4+1,80.000 TL,80000
Çeşme,2+1,90.000 TL,90000
Urla,4+1,80.000 TL,80000
Gaziemir,3+1,80.000 TL,80000
Narlıdere,3+1,85.000 TL,85000
Bornova,4+1,80.000 TL,80000
Urla,2+1,80.000 TL,80000
Karşıyaka,3+1,83.000 TL,83000
Çeşme,3+1,85.000 TL,85000
Karşıyaka,3+1,85.000 TL,85000
Konak,3+1,85.000 TL,85000
Güzelbahçe,3+1,84.000 TL,84000
Urla,3+1,80.000 TL,80000
Konak,3+1,85.000 TL,85000
Konak,3+1,80.000 TL,80000
Konak,2+1,85.000 TL,85000
Konak,2+1,80.000 TL,80000
Konak,2+1,84.000 TL,84000
Urla,2+1,82.500 TL,82500
Konak,,95.000 TL,95000
Urla,4+2,95.000 TL,95000
Urla,2+1,85.000 TL,85000
Kemalpaşa,4+1,80.000 TL,80000
Çiğli,3+1,80.000 TL,80000
Güzelbahçe,3+1,85.000 TL,85000
Menemen,3+1,85.000 TL,85000
Çiğli,3+1,80.000 TL,80000
Konak,2+1,80.000 TL,80000
Kemalpaşa,4+1,85.000 TL,85000
Çiğli,2+1,85.000 TL,85000
Çiğli,3+1,80.000 TL,80000
Çiğli,3+1,85.000 TL,85000
Konak,2+1,82.500 TL,82500
Güzelbahçe,2+1,85.000 TL,85000
Konak,3+1,90.000 TL,90000
Konak,3+1,88.000 TL,88000
Konak,3+1,90.000 TL,90000
Bornova,3+1,80.000 TL,80000
Bornova,4+1,95.000 TL,95000
Foça,1+1,80.000 TL,80000
Konak,2+1,100.000 TL,100000
Güzelbahçe,3+1,145.000 TL,145000
Çeşme,3+1,250.000 TL,250000
Çeşme,4+1,250.000 TL,250000
Çeşme,3+1,250.000 TL,250000
Karşıyaka,3+1,110.000 TL,110000
Kemalpaşa,5+2,150.000 TL,150000
Bornova,2+1,100.000 TL,100000
Çeşme,3+1,100.000 TL,100000
Kemalpaşa,4+2,115.000 TL,115000
Karşıyaka,3+1,100.000 TL,100000
Narlıdere,4+1,155.000 TL,155000
Çeşme,3+1,400.000 TL,400000
Urla,4+1,110.000 TL,110000
Güzelbahçe,5+1,120.000 TL,120000
Urla,5+1,175.000 TL,175000
Foça,2+1,170.000 TL,170000
Çeşme,4+1,250.000 TL,250000
Çeşme,3+1,110.000 TL,110000
Urla,3+1,200.000 TL,200000
Seferihisar,3+1,165.000 TL,165000
Güzelbahçe,5+1,125.000 TL,125000
Gaziemir,3+1,105.000 TL,105000
Urla,3+1,100.000 TL,100000
Çeşme,3+1,400.000 TL,400000
Aliağa,4+0,120.000 TL,120000
Çeşme,3+1,100.000 TL,100000
Konak,,105.000 TL,105000
Karşıyaka,2+1,150.000 TL,150000
Menderes,4+1,100.000 TL,100000
Konak,4+1,175.000 TL,175000
Urla,4+1,140.000 TL,140000
Çeşme,1+1,200.000 TL,200000
Karşıyaka,4+1,120.000 TL,120000
Bornova,4+1,250.000 TL,250000
Çeşme,4+1,250.000 TL,250000
Urla,3+1,140.000 TL,140000
Karaburun,3+1,100.000 TL,100000
Gaziemir,4+1,150.000 TL,150000
Çeşme,3+1,170.000 TL,170000
Çeşme,4+1,170.000 TL,170000
Konak,3+1,130.000 TL,130000
Foça,2+1,200.000 TL,200000
Çeşme,7+1,380.000 TL,380000
Urla,4+1,105.000 TL,105000
Çeşme,3+2,100.000 TL,100000
Çeşme,3+1,250.000 TL,250000
Çeşme,3+1,330.000 TL,330000
Güzelbahçe,6+2,130.000 TL,130000
Çeşme,4+1,350.000 TL,350000
Çeşme,2+1,270.000 TL,270000
Çiğli,5+1,160.000 TL,160000
Urla,3+1,100.000 TL,100000
Urla,5+2,195.000 TL,195000
Konak,5+1,200.000 TL,200000
Çeşme,8+1,275.000 TL,275000
Çeşme,2+1,300.000 TL,300000
Konak,4+1,120.000 TL,120000
Urla,4+1,400.000 TL,400000
Çiğli,3+1,105.000 TL,105000
Çiğli,5+1,230.000 TL,230000
Güzelbahçe,4+1,130.000 TL,130000
Narlıdere,4+2,140.000 TL,140000
Çeşme,1+1,138.000 TL,138000
Çeşme,2+1,260.000 TL,260000
Urla,5+2,245.000 TL,245000
Bornova,3+1,185.000 TL,185000
Çeşme,3+1,300.000 TL,300000
Çeşme,3+1,400.000 TL,400000
Dikili,3+1,160.000 TL,160000
Narlıdere,3+1,130.000 TL,130000
Narlıdere,8+1,100.000 TL,100000
Çeşme,3+1,190.000 TL,190000
Urla,3+1,230.000 TL,230000
Narlıdere,6+1,225.000 TL,225000
Güzelbahçe,3+1,140.000 TL,140000
Çeşme,1+1,300.000 TL,300000
Bornova,3+2,130.000 TL,130000
Narlıdere,4+2,120.000 TL,120000
Güzelbahçe,5+2,130.000 TL,130000
Bornova,4+1,110.000 TL,110000
Dikili,2+1,125.000 TL,125000
Bornova,4+1,230.000 TL,230000
Çeşme,3+1,400.000 TL,400000
Gaziemir,3+1,140.000 TL,140000
Bornova,6+2,400.000 TL,400000
Urla,3+1,150.000 TL,150000
Gaziemir,3+1,185.000 TL,185000
Urla,2+1,100.000 TL,100000
Güzelbahçe,5+1,130.000 TL,130000
Konak,2+1,110.000 TL,110000
Urla,3+1,100.000 TL,100000
Foça,6+1,140.000 TL,140000
Çeşme,4+1,300.000 TL,300000
Güzelbahçe,5+2,180.000 TL,180000
Dikili,2+1,120.000 TL,120000
Urla,5+2,170.000 TL,170000
Çeşme,4+1,350.000 TL,350000
Menderes,3+1,250.000 TL,250000
Çeşme,1+1,250.000 TL,250000
Narlıdere,4+1,150.000 TL,150000
Güzelbahçe,3+1,125.000 TL,125000
Çiğli,3+1,100.000 TL,100000
Bornova,4+1,117.000 TL,117000
Çeşme,3+1,230.000 TL,230000
Güzelbahçe,5+1,100.000 TL,100000
Dikili,3+1,250.000 TL,250000
Çeşme,1+1,400.000 TL,400000
Urla,4+1,200.000 TL,200000
Çeşme,4+1,270.000 TL,270000
Urla,5+1,200.000 TL,200000
Urla,4+1,120.000 TL,120000
Bornova,4+1,120.000 TL,120000
Dikili,4+1,250.000 TL,250000
Foça,3+1,100.000 TL,100000
Çeşme,2+1,150.000 TL,150000
Çeşme,1+1,180.000 TL,180000
Çeşme,4+1,100.000 TL,100000
Bornova,3+1,145.000 TL,145000
Konak,4+1,100.000 TL,100000
Çeşme,4+1,200.000 TL,200000
Urla,4+1,147.500 TL,147500
Balçova,4+1,125.000 TL,125000
Dikili,1+1,100.000 TL,100000
Urla,4+1,150.000 TL,150000
Urla,5+2,245.000 TL,245000
Karşıyaka,4+1,160.000 TL,160000
Urla,5+1,120.000 TL,120000
Çeşme,5+1,400.000 TL,400000
Çeşme,1+1,400.000 TL,400000
Urla,4+1,200.000 TL,200000
Çeşme,1+1,110.000 TL,110000
Çeşme,3+1,280.000 TL,280000
Çeşme,4+1,135.000 TL,135000
Çeşme,3+1,350.000 TL,350000
Güzelbahçe,6+1,200.000 TL,200000
Karşıyaka,2+1,142.000 TL,142000
Güzelbahçe,5.5+1,230.000 TL,230000
Urla,3+1,175.000 TL,175000
Güzelbahçe,4+1,210.000 TL,210000
Güzelbahçe,5+2,180.000 TL,180000
Urla,5+1,200.000 TL,200000
Foça,3+1,400.000 TL,400000
Bornova,5+1,275.000 TL,275000
Konak,4+1,100.000 TL,100000
Urla,5+1,249.000 TL,249000
Çeşme,3+1,290.000 TL,290000
Konak,3+1,150.000 TL,150000
Urla,5+2,175.000 TL,175000
Çeşme,4+2,400.000 TL,400000
Güzelbahçe,3+1,120.000 TL,120000
Çeşme,3+1,260.000 TL,260000
Konak,3+1,120.000 TL,120000
Menderes,4+1,175.000 TL,175000
Dikili,2+1,150.000 TL,150000
Çeşme,3+2,315.000 TL,315000
Çeşme,2+1,100.000 TL,100000
Çeşme,2+1,375.000 TL,375000
Seferihisar,3+1,200.000 TL,200000
Çeşme,4+2,180.000 TL,180000
Güzelbahçe,4+1,108.000 TL,108000
Çeşme,4+1,120.000 TL,120000
Güzelbahçe,3+1,145.000 TL,145000
Gaziemir,3+1,125.000 TL,125000
Çeşme,4+1,188.000 TL,188000
Foça,4+1,100.000 TL,100000
Karşıyaka,2+1,140.000 TL,140000
Gaziemir,2+1,105.000 TL,105000
Karaburun,3+1,100.000 TL,100000
Narlıdere,5+2,210.000 TL,210000
Karşıyaka,4+1,350.000 TL,350000
Gaziemir,4+1,160.000 TL,160000
Foça,Stüdyo (1+0),300.000 TL,300000
Çeşme,2.5+1,350.000 TL,350000
Seferihisar,3+1,100.000 TL,100000
Karşıyaka,3+1,120.000 TL,120000
Güzelbahçe,3+1,100.000 TL,100000
Urla,2+1,115.000 TL,115000
Urla,4+1,175.000 TL,175000
Menderes,2+1,100.000 TL,100000
Konak,,300.000 TL,300000
Bornova,4+1,130.000 TL,130000
Urla,5+1,180.000 TL,180000
Güzelbahçe,5+2,170.000 TL,170000
Çeşme,3+1,215.000 TL,215000
Seferihisar,4+1,280.000 TL,280000
Çiğli,5+2,120.000 TL,120000
Konak,3+1,120.000 TL,120000
Konak,3+1,139.000 TL,139000
Bayraklı,3+1,125.000 TL,125000
Bornova,4+1,165.000 TL,165000
Çeşme,2+1,125.000 TL,125000
Urla,4+1,200.000 TL,200000
Narlıdere,3+1,300.000 TL,300000
Karşıyaka,3+1,100.000 TL,100000
Karaburun,6+1,100.000 TL,100000
Karaburun,2+1,170.000 TL,170000
Çeşme,2+1,350.000 TL,350000
Çiğli,4+2,150.000 TL,150000
Çeşme,4+1,250.000 TL,250000
Güzelbahçe,4+1,230.000 TL,230000
Urla,5+2,250.000 TL,250000
Karaburun,3+1,140.000 TL,140000
Bayraklı,3+1,110.000 TL,110000
Karşıyaka,3+1,170.000 TL,170000
Güzelbahçe,5+2,148.500 TL,148500
Seferihisar,1+1,120.000 TL,120000
Çeşme,3+1,250.000 TL,250000
Bornova,4+1,250.000 TL,250000
Çeşme,1+1,380.000 TL,380000
Güzelbahçe,4+1,150.000 TL,150000
Karaburun,5+3,190.000 TL,190000
Urla,4+1,165.000 TL,165000
Urla,3+1,100.000 TL,100000
Çeşme,4+2,200.000 TL,200000
Menderes,4+1,350.000 TL,350000
Urla,5+1,100.000 TL,100000
Foça,1+1,375.000 TL,375000
Foça,3+1,120.000 TL,120000
Urla,4+1,120.000 TL,120000
Kemalpaşa,4+1,100.000 TL,100000
Çeşme,1+1,370.000 TL,370000
Seferihisar,2+1,250.000 TL,250000
Urla,3+1,300.000 TL,300000
Urla,8+2,300.000 TL,300000
Çeşme,3+1,200.000 TL,200000
Karşıyaka,2+1,100.000 TL,100000
Çeşme,4+1,150.000 TL,150000
Karaburun,4+1,100.000 TL,100000
Karaburun,2+1,100.000 TL,100000
Konak,3+1,175.000 TL,175000
Çeşme,4+1,300.000 TL,300000
Çeşme,2+1,100.000 TL,100000
Güzelbahçe,4+1,120.000 TL,120000
Konak,4+1,220.000 TL,220000
Çeşme,3+1,150.000 TL,150000
Çeşme,4+1,120.000 TL,120000
Güzelbahçe,4+2,110.000 TL,110000
Balçova,6+1,200.000 TL,200000
Çeşme,3+1,125.000 TL,125000
Çeşme,2+1,125.000 TL,125000
Çeşme,1+1,350.000 TL,350000
Karşıyaka,3+1,195.000 TL,195000
Çeşme,3+1,120.000 TL,120000
Güzelbahçe,4+1,125.000 TL,125000
Çeşme,3+1,170.000 TL,170000
Çeşme,2+1,200.000 TL,200000
Çeşme,1+1,250.000 TL,250000
Selçuk,Stüdyo (1+0),200.000 TL,200000
Güzelbahçe,3+1,150.000 TL,150000
Urla,6+1,360.000 TL,360000
Bornova,5+1,150.000 TL,150000
Çeşme,2.5+1,150.000 TL,150000
Balçova,4+1,110.000 TL,110000
Seferihisar,4+1,140.000 TL,140000
Çeşme,1+1,162.500 TL,162500
Çeşme,3+1,250.000 TL,250000
Bornova,4+1,125.000 TL,125000
Çeşme,5+1,250.000 TL,250000
Çeşme,1+1,270.000 TL,270000
Urla,2+1,165.000 TL,165000
Konak,3+1,120.000 TL,120000
Narlıdere,6+1,310.000 TL,310000
Çeşme,2+1,300.000 TL,300000
Çeşme,2+1,350.000 TL,350000
Çeşme,3+1,380.000 TL,380000
Çiğli,5+1,225.000 TL,225000
Urla,3+1,160.000 TL,160000
Konak,2+1,120.000 TL,120000
Güzelbahçe,3+1,110.000 TL,110000
Çeşme,2+1,225.000 TL,225000
Güzelbahçe,4+2,155.000 TL,155000
Foça,2+1,100.000 TL,100000
Çeşme,3+1,300.000 TL,300000
Urla,4+2,225.000 TL,225000
Çeşme,2+1,320.000 TL,320000
Güzelbahçe,4+1,110.000 TL,110000
Karşıyaka,3+1,110.000 TL,110000
Seferihisar,4+1,120.000 TL,120000
Çeşme,2+1,350.000 TL,350000
Bornova,4+1,180.000 TL,180000
Bornova,7+2,160.000 TL,160000
Gaziemir,5+1,125.000 TL,125000
Çeşme,3+1,400.000 TL,400000
Çiğli,6+1,150.000 TL,150000
Güzelbahçe,5+1,220.000 TL,220000
Urla,4+1,175.000 TL,175000
Urla,3+1,400.000 TL,400000
Menderes,4+2,340.000 TL,340000
Çeşme,3+1,390.000 TL,390000
Güzelbahçe,3+1,140.000 TL,140000
Karşıyaka,5+1,275.000 TL,275000
Menderes,6+1,150.000 TL,150000
Foça,1+1,220.000 TL,220000
Çeşme,3+1,170.000 TL,170000
Çeşme,3+1,200.000 TL,200000
Çeşme,2+1,400.000 TL,400000
Menderes,2+1,395.000 TL,395000
Karşıyaka,3+1,100.000 TL,100000
Çeşme,1+1,175.000 TL,175000
Çeşme,2+1,400.000 TL,400000
Foça,5+1,175.000 TL,175000
Çeşme,4+1,250.000 TL,250000
Çeşme,1+1,150.000 TL,150000
Dikili,3+1,170.000 TL,170000
Çeşme,3+1,375.000 TL,375000
Çeşme,2+1,220.000 TL,220000
Bornova,3+1,140.000 TL,140000
Çeşme,3+1,400.000 TL,400000
Çiğli,4+1,160.000 TL,160000
Çeşme,3+1,350.000 TL,350000
Karşıyaka,4+1,200.000 TL,200000
Menderes,5+1,190.000 TL,190000
Karaburun,4+1,115.000 TL,115000
Çeşme,5+1,220.000 TL,220000
Foça,5+1,150.000 TL,150000
Çeşme,4+1,300.000 TL,300000
Urla,3+1,135.000 TL,135000
Güzelbahçe,5+2,230.000 TL,230000
Çeşme,Stüdyo (1+0),275.000 TL,275000
Urla,6+1,250.000 TL,250000
Çeşme,4+2,250.000 TL,250000
Çeşme,2+1,120.000 TL,120000
Çeşme,1+1,350.000 TL,350000
Bornova,4+1,100.000 TL,100000
Seferihisar,5+2,160.000 TL,160000
Çeşme,1+1,350.000 TL,350000
Bornova,4+1,120.000 TL,120000
Çeşme,1+1,230.000 TL,230000
Foça,3+1,150.000 TL,150000
Güzelbahçe,4+1,210.000 TL,210000
Narlıdere,4+2,275.000 TL,275000
Çeşme,4+1,190.000 TL,190000
Konak,2+1,100.000 TL,100000
Urla,3+1,135.000 TL,135000
Çiğli,5+1,225.000 TL,225000
Çeşme,4+1,250.000 TL,250000
Konak,2+1,110.000 TL,110000
Urla,3+2,140.000 TL,140000
Çeşme,4+1,120.000 TL,120000
Konak,5+1,100.000 TL,100000
Karşıyaka,3+1,110.000 TL,110000
Güzelbahçe,5+2,180.000 TL,180000
Urla,4+1,245.000 TL,245000
Çeşme,2+1,230.000 TL,230000
Çeşme,3+1,400.000 TL,400000
Konak,,107.000 TL,107000
Güzelbahçe,3+1,145.000 TL,145000
Çeşme,2+1,250.000 TL,250000
Çeşme,3+1,190.000 TL,190000
Çeşme,2+1,180.000 TL,180000
Urla,6+2,335.000 TL,335000
Menderes,2+1,270.000 TL,270000
Çeşme,2+1,400.000 TL,400000
Çeşme,2+1,175.000 TL,175000
Narlıdere,3+1,110.000 TL,110000
Seferihisar,2+1,250.000 TL,250000
Bornova,2+1,250.000 TL,250000
Bornova,4+1,120.000 TL,120000
Çeşme,1+1,135.000 TL,135000
Balçova,4+1,100.000 TL,100000
Balçova,5+1,100.000 TL,100000
Konak,3+1,150.000 TL,150000
Güzelbahçe,5+2,220.000 TL,220000
Karaburun,3+1,120.000 TL,120000
Konak,3+1,195.000 TL,195000
Buca,3+1,125.000 TL,125000
Çeşme,3+1,300.000 TL,300000
Torbalı,6+1,120.000 TL,120000
Çiğli,3+1,165.000 TL,165000
Çeşme,3+1,400.000 TL,400000
Çeşme,4+1,250.000 TL,250000
Dikili,2+1,200.000 TL,200000
Çeşme,2.5+1,350.000 TL,350000
Konak,3+1,165.000 TL,165000
Narlıdere,5+1,165.000 TL,165000
Narlıdere,6+1,165.000 TL,165000
Karşıyaka,3+1,135.000 TL,135000
Çeşme,3+1,350.000 TL,350000
Karaburun,3+1,150.000 TL,150000
Karaburun,3+1,110.000 TL,110000
Çeşme,4+1,120.000 TL,120000
Konak,8+2,240.000 TL,240000
Çeşme,2+1,375.000 TL,375000
Çiğli,6+1,225.000 TL,225000
Karşıyaka,4+1,165.000 TL,165000
Urla,1+1,295.000 TL,295000
Güzelbahçe,3+1,100.000 TL,100000
Çeşme,2+1,400.000 TL,400000
Konak,3+1,100.000 TL,100000
Güzelbahçe,5+2,125.000 TL,125000
Dikili,3+1,150.000 TL,150000
Karaburun,4+1,125.000 TL,125000
Karaburun,2+1,100.000 TL,100000
Güzelbahçe,6+2,140.000 TL,140000
Foça,4+1,120.000 TL,120000
Karşıyaka,3+1,105.000 TL,105000
Bornova,3+1,100.000 TL,100000
Çeşme,2+1,200.000 TL,200000
Urla,6+1,250.000 TL,250000
Konak,4+1,125.000 TL,125000
Çeşme,2+1,200.000 TL,200000
Konak,3+1,150.000 TL,150000
Bornova,4+1,130.000 TL,130000
Güzelbahçe,4+1,135.000 TL,135000
Urla,4+1,150.000 TL,150000
Çeşme,6+1,125.000 TL,125000
Narlıdere,1+1,105.000 TL,105000
Çeşme,3+1,185.000 TL,185000
Menemen,6+2,110.000 TL,110000
Çeşme,3+1,400.000 TL,400000
Seferihisar,3+1,119.000 TL,119000
Dikili,4+1,400.000 TL,400000
Çeşme,3+1,208.333 TL,208333
Karşıyaka,3+1,100.000 TL,100000
Çeşme,2+1,300.000 TL,300000
Karaburun,4+1,110.000 TL,110000
Çeşme,4+1,135.000 TL,135000
Bornova,3+2,170.000 TL,170000
Urla,4+1,130.000 TL,130000
Güzelbahçe,5+1,100.000 TL,100000
Seferihisar,5+1,120.000 TL,120000
Güzelbahçe,4+1,170.000 TL,170000
Konak,4+1,120.000 TL,120000
Urla,4+1,120.000 TL,120000
Güzelbahçe,3+1,123.000 TL,123000
Bayraklı,3+1,105.000 TL,105000
Konak,3+1,100.000 TL,100000
Menderes,4+1,200.000 TL,200000
Çeşme,3+2,150.000 TL,150000
Konak,3+1,115.000 TL,115000
Urla,3+1,200.000 TL,200000
Urla,3+1,155.000 TL,155000
Urla,4+1,150.000 TL,150000
Karşıyaka,3+1,380.000 TL,380000
Çeşme,3+1,100.000 TL,100000
Karşıyaka,4+1,200.000 TL,200000
Konak,2+1,110.000 TL,110000
Çeşme,2+1,200.000 TL,200000
Konak,3+1,130.000 TL,130000
Urla,6+2,350.000 TL,350000
Güzelbahçe,3+1,135.000 TL,135000
Dikili,3+1,350.000 TL,350000
Foça,2+1,300.000 TL,300000
Çeşme,1+1,100.000 TL,100000
Güzelbahçe,4+1,155.000 TL,155000
Urla,3+1,140.000 TL,140000
Çeşme,2+1,350.000 TL,350000
Konak,3+1,110.000 TL,110000
Güzelbahçe,4+1,125.000 TL,125000
Çeşme,3+1,275.000 TL,275000
Güzelbahçe,5+2,130.000 TL,130000
Çeşme,3+1,275.000 TL,275000
Çeşme,4+1,200.000 TL,200000
Güzelbahçe,4+1,210.000 TL,210000
Çeşme,1+1,270.000 TL,270000
Urla,4+1,220.000 TL,220000
Güzelbahçe,6+1,180.000 TL,180000
Güzelbahçe,4+2,155.000 TL,155000
Çeşme,5+2,400.000 TL,400000
Karşıyaka,3+1,120.000 TL,120000
Çeşme,4+1,350.000 TL,350000
Çeşme,3+1,370.000 TL,370000
Urla,4+1,225.000 TL,225000
Dikili,2+1,125.000 TL,125000
Dikili,2+1,200.000 TL,200000
Çeşme,3+1,400.000 TL,400000
Urla,3+1,120.000 TL,120000
Konak,4+1,150.000 TL,150000
Güzelbahçe,4+2,180.000 TL,180000
Çeşme,4+1,100.000 TL,100000
Güzelbahçe,4+2,125.000 TL,125000
Güzelbahçe,4+1,115.000 TL,115000
Çeşme,2+1,200.000 TL,200000
Urla,7+1,250.000 TL,250000
Dikili,3+1,150.000 TL,150000
Urla,6+2,215.000 TL,215000
Güzelbahçe,3+1,110.000 TL,110000
Güzelbahçe,4+1,140.000 TL,140000
Çeşme,4+1,350.000 TL,350000
Urla,3.5+1,150.000 TL,150000
Çeşme,2+1,320.000 TL,320000
Çeşme,2+1,200.000 TL,200000
Narlıdere,4+1,185.000 TL,185000
Narlıdere,6+2,350.000 TL,350000
Foça,3+1,125.000 TL,125000
Karşıyaka,4+1,100.000 TL,100000
Çeşme,3+1,350.000 TL,350000
Çeşme,1+1,125.000 TL,125000
Karşıyaka,4+1,160.000 TL,160000
Bayraklı,3+1,100.000 TL,100000
Aliağa,3+1,110.000 TL,110000
Çeşme,1+1,375.000 TL,375000
Çiğli,4+2,185.000 TL,185000
Karşıyaka,2+1,133.000 TL,133000
Ödemiş,6+2,160.000 TL,160000
Çeşme,1+1,350.000 TL,350000
Çeşme,6+1,150.000 TL,150000
Narlıdere,6+1,400.000 TL,400000
Çeşme,2+1,360.000 TL,360000
Urla,4+1,120.000 TL,120000
Seferihisar,3+1,150.000 TL,150000
Çeşme,3+1,275.000 TL,275000
Çeşme,4+1,275.000 TL,275000
Çeşme,3+1,190.000 TL,190000
Çeşme,4+1,330.000 TL,330000
Çeşme,2+1,350.000 TL,350000
Konak,2+1,130.000 TL,130000
Çeşme,3+1,400.000 TL,400000
Çeşme,2+1,200.000 TL,200000
Konak,4+1,120.000 TL,120000
Çeşme,3+1,320.000 TL,320000
Bornova,6+2,300.000 TL,300000
Çeşme,1+1,150.000 TL,150000
Menderes,3+1,240.000 TL,240000
Konak,2+1,105.000 TL,105000
Çeşme,1+1,400.000 TL,400000
Çeşme,2+1,325.000 TL,325000
Çeşme,3+1,385.000 TL,385000
Karaburun,3+1,220.000 TL,220000
Güzelbahçe,6+1,175.000 TL,175000
Konak,4+1,100.000 TL,100000
Çeşme,2+1,400.000 TL,400000
Çeşme,1+1,400.000 TL,400000
Karşıyaka,3+1,100.000 TL,100000
Çeşme,3+1,390.000 TL,390000
Çeşme,Stüdyo (1+0),260.000 TL,260000
Çeşme,3+1,360.000 TL,360000
Karşıyaka,4+1,110.000 TL,110000
Urla,5+1,185.000 TL,185000
Çeşme,1+1,140.000 TL,140000
Urla,5+1,190.000 TL,190000
Çeşme,3+1,300.000 TL,300000
Urla,2+1,140.000 TL,140000
Karaburun,1+1,400.000 TL,400000
Bornova,5+2,245.000 TL,245000
Çeşme,3+1,200.000 TL,200000
Urla,4+1,190.000 TL,190000
Urla,3+1,220.000 TL,220000
Balçova,4+1,110.000 TL,110000
Güzelbahçe,4+2,180.000 TL,180000
Urla,4+1,130.000 TL,130000
Urla,6+1,245.000 TL,245000
Urla,4+1,150.000 TL,150000
Bornova,4+1,100.000 TL,100000
Çeşme,3+1,400.000 TL,400000
Çeşme,3+1,400.000 TL,400000
Bayraklı,3+1,100.000 TL,100000
Çeşme,2+1,350.000 TL,350000
Urla,4+2,115.000 TL,115000
Konak,3+1,125.000 TL,125000
Karşıyaka,3+1,200.000 TL,200000
Konak,3+1,100.000 TL,100000
Çeşme,3+1,150.000 TL,150000
Bornova,6+2,175.000 TL,175000
Ödemiş,2+1,175.000 TL,175000
Güzelbahçe,3+1,125.000 TL,125000
Aliağa,4+1,100.000 TL,100000
Çeşme,2+1,350.000 TL,350000
Çeşme,1+1,300.000 TL,300000
Menemen,4+1,115.000 TL,115000
Çeşme,2+1,350.000 TL,350000
Karşıyaka,3+1,120.000 TL,120000
Güzelbahçe,4+1,125.000 TL,125000
Güzelbahçe,4+2,115.000 TL,115000
Çeşme,3+1,400.000 TL,400000
Konak,3+1,160.000 TL,160000
Bornova,6+2,320.000 TL,320000
Dikili,2+1,100.000 TL,100000
Narlıdere,4+1,300.000 TL,300000
Konak,2+1,102.000 TL,102000
Urla,4+1,105.000 TL,105000
Çeşme,1+1,275.000 TL,275000
Çeşme,3+1,350.000 TL,350000
Kemalpaşa,5+1,135.000 TL,135000
Karşıyaka,3+1,120.000 TL,120000
Çeşme,3+1,350.000 TL,350000
Konak,3+1,115.000 TL,115000
Çeşme,1+1,280.000 TL,280000
Urla,3+1,110.000 TL,110000
Urla,3+1,145.000 TL,145000
Karşıyaka,4+1,180.000 TL,180000
Çiğli,3+1,100.000 TL,100000
Konak,3+1,155.000 TL,155000
Çeşme,5+1,360.000 TL,360000
Narlıdere,3+1,100.000 TL,100000
Bornova,4+1,200.000 TL,200000
Seferihisar,6+1,150.000 TL,150000
Menderes,3+1,110.000 TL,110000
Konak,3+1,105.000 TL,105000
Kemalpaşa,4+1,125.000 TL,125000
Foça,2+1,100.000 TL,100000
Menderes,3+1,210.000 TL,210000
Çeşme,3+1,110.000 TL,110000
Urla,2+1,150.000 TL,150000
Urla,5+1,200.000 TL,200000
Urla,4+1,120.000 TL,120000
Çeşme,3+2,300.000 TL,300000
Çeşme,4+2,200.000 TL,200000
Çeşme,4+1,350.000 TL,350000
Urla,4+1,150.000 TL,150000
Çeşme,3+1,160.000 TL,160000
Çeşme,2+1,400.000 TL,400000
Seferihisar,5+1,180.000 TL,180000
Urla,3+1,100.000 TL,100000
Çeşme,3.5+1,340.000 TL,340000
Urla,4+1,100.000 TL,100000
Çiğli,4+1,130.000 TL,130000
Karaburun,2+1,220.000 TL,220000
Narlıdere,3+2,135.000 TL,135000
Çeşme,3+1,320.000 TL,320000
Konak,3+1,115.000 TL,115000
Çiğli,3+1,110.000 TL,110000
Güzelbahçe,3+1,110.000 TL,110000
Seferihisar,3+2,100.000 TL,100000
Çeşme,1+1,350.000 TL,350000
Konak,2+1,135.000 TL,135000
Urla,4+1,150.000 TL,150000
Urla,4+1,150.000 TL,150000
Çeşme,3+1,225.000 TL,225000
Balçova,5+1,140.000 TL,140000
Güzelbahçe,5+2,165.000 TL,165000
Urla,5+1,150.000 TL,150000
Bornova,6+1,220.000 TL,220000
Karaburun,4+1,145.000 TL,145000
Konak,3+1,130.000 TL,130000
Karşıyaka,3+1,120.000 TL,120000
Konak,2+1,105.000 TL,105000
Güzelbahçe,4+1,125.000 TL,125000
Karşıyaka,3+1,100.000 TL,100000
Çeşme,3+1,400.000 TL,400000
Konak,2+1,120.000 TL,120000
Bornova,3+1,180.000 TL,180000
Balçova,4+1,120.000 TL,120000
Güzelbahçe,3+1,130.000 TL,130000
Çeşme,1+1,400.000 TL,400000
Çiğli,3+1,115.000 TL,115000
Çeşme,2+1,225.000 TL,225000
Çeşme,1+1,390.000 TL,390000
Çeşme,3+1,400.000 TL,400000
Çeşme,3+1,400.000 TL,400000
Seferihisar,3+1,100.000 TL,100000
Bornova,3+1,112.000 TL,112000
Bornova,6+2,300.000 TL,300000
Urla,5+1,200.000 TL,200000
Güzelbahçe,6+1,115.000 TL,115000
Bornova,4+1,200.000 TL,200000
Torbalı,5+2,115.000 TL,115000
Narlıdere,3+1,135.000 TL,135000
Çeşme,1+1,400.000 TL,400000
Konak,5+1,200.000 TL,200000
Kemalpaşa,3+2,120.000 TL,120000
Bornova,6+1,110.000 TL,110000
Çeşme,3+1,300.000 TL,300000
Çeşme,3+1,350.000 TL,350000
Çeşme,3+1,200.000 TL,200000
Çeşme,3+1,350.000 TL,350000
Konak,3+1,162.500 TL,162500
Urla,4+1,185.000 TL,185000
Konak,3+1,115.000 TL,115000
Güzelbahçe,5+2,200.000 TL,200000
Güzelbahçe,4+1,225.000 TL,225000
Çiğli,5+1,230.000 TL,230000
Çeşme,1+1,335.000 TL,335000
Urla,5+2,225.000 TL,225000
Bornova,5+1,200.000 TL,200000
Urla,5+1,200.000 TL,200000
Foça,4+1,110.000 TL,110000
Çeşme,2+1,350.000 TL,350000
Bayraklı,3+1,175.000 TL,175000
Çeşme,2+1,400.000 TL,400000
Çeşme,3+1,280.000 TL,280000
Çeşme,2+1,200.000 TL,200000
Konak,3+1,110.000 TL,110000
Narlıdere,7+1,275.000 TL,275000
Dikili,2+1,120.000 TL,120000
Karşıyaka,3+1,185.000 TL,185000
Foça,4+1,300.000 TL,300000
Çeşme,3.5+1,115.000 TL,115000
Bornova,4+1,125.000 TL,125000
Urla,6+1,125.000 TL,125000
Çeşme,2+1,400.000 TL,400000
Güzelbahçe,4+2,175.000 TL,175000
Narlıdere,6+1,120.000 TL,120000
Seferihisar,3+2,110.000 TL,110000
Çeşme,3+1,250.000 TL,250000
Çeşme,2+1,160.000 TL,160000
Çeşme,4+1,160.000 TL,160000
Güzelbahçe,3+1,100.000 TL,100000
Konak,1+1,200.000 TL,200000
Güzelbahçe,5+1,100.000 TL,100000
Urla,5+1,200.000 TL,200000
Çeşme,3+1,158.000 TL,158000
Güzelbahçe,4+2,200.000 TL,200000
Güzelbahçe,5+1,235.000 TL,235000
Çeşme,1+1,350.000 TL,350000
Gaziemir,5+1,100.000 TL,100000
Urla,3+1,165.000 TL,165000
Çeşme,2+1,325.000 TL,325000
Çeşme,1+1,300.000 TL,300000
Urla,5+1,100.000 TL,100000
Urla,7+2,180.000 TL,180000
Çeşme,3+1,180.000 TL,180000
Foça,3+1,100.000 TL,100000
Çeşme,2+1,100.000 TL,100000
Çeşme,3+1,158.000 TL,158000
Urla,3+1,200.000 TL,200000
Menderes,2+1,140.000 TL,140000
Urla,4+1,130.000 TL,130000
Güzelbahçe,5+2,155.000 TL,155000
Bayraklı,2+1,100.000 TL,100000
Çeşme,1+1,300.000 TL,300000
Çeşme,Stüdyo (1+0),250.000 TL,250000
Kemalpaşa,5+1,110.000 TL,110000
Çeşme,2+1,300.000 TL,300000
Karşıyaka,3+1,115.000 TL,115000
Çeşme,4+1,200.000 TL,200000
Çeşme,3+1,180.000 TL,180000
Çeşme,2+1,300.000 TL,300000
Güzelbahçe,4+2,145.000 TL,145000
Dikili,3+1,175.000 TL,175000
Çeşme,3+1,300.000 TL,300000
Bornova,5+1,225.000 TL,225000
Çeşme,4+1,200.000 TL,200000
Çeşme,2+1,160.000 TL,160000
Çeşme,2+1,350.000 TL,350000
Seferihisar,5+1,150.000 TL,150000
Güzelbahçe,4+2,180.000 TL,180000
Karşıyaka,4+1,140.000 TL,140000
Balçova,5+1,140.000 TL,140000
Foça,2+1,390.000 TL,390000
Urla,3+2,125.000 TL,125000
Dikili,3+1,100.000 TL,100000
Menderes,2+1,250.000 TL,250000
Çeşme,3+1,350.000 TL,350000
Urla,4+1,150.000 TL,150000
Çeşme,3+1,250.000 TL,250000
Çeşme,4+1,150.000 TL,150000
Kemalpaşa,6+1,125.000 TL,125000
Urla,7+2,200.000 TL,200000
Çeşme,3+1,350.000 TL,350000
Çeşme,3+1,158.000 TL,158000
Urla,3+2,170.000 TL,170000
Çeşme,1+1,320.000 TL,320000
Konak,4+1,120.000 TL,120000
Çeşme,3+1,300.000 TL,300000
Selçuk,3+1,100.000 TL,100000
Dikili,2+1,165.000 TL,165000
Güzelbahçe,4+1,125.000 TL,125000
Çeşme,3+1,165.000 TL,165000
Urla,3+1,100.000 TL,100000
Urla,5+2,298.000 TL,298000
Konak,3+1,117.000 TL,117000
Çeşme,3+1,120.000 TL,120000
Urla,5+2,230.000 TL,230000
Urla,4+1,120.000 TL,120000
Urla,2+1,110.000 TL,110000
Urla,4+1,120.000 TL,120000
Urla,3+1,185.000 TL,185000
Çeşme,3.5+1,380.000 TL,380000
Karşıyaka,4+1,110.000 TL,110000
Güzelbahçe,5+2,180.000 TL,180000
Karaburun,4+1,180.000 TL,180000
Çeşme,1+1,250.000 TL,250000
Konak,3+1,100.000 TL,100000
Konak,4+1,150.000 TL,150000
Çeşme,3+1,330.000 TL,330000
Karşıyaka,3+1,125.000 TL,125000
Urla,3+1,175.000 TL,175000
Karşıyaka,2+1,160.000 TL,160000
Urla,4+1,145.000 TL,145000
Çeşme,3+1,200.000 TL,200000
Güzelbahçe,4+1,100.000 TL,100000
Foça,3+1,100.000 TL,100000
Urla,4+1,150.000 TL,150000
Narlıdere,4+1,130.000 TL,130000
Bayraklı,3+1,100.000 TL,100000
Çeşme,3+1,250.000 TL,250000
Buca,5+2,100.000 TL,100000
Çeşme,1+1,200.000 TL,200000
Güzelbahçe,4+1,140.000 TL,140000
Çeşme,2+1,390.000 TL,390000
Urla,4+1,120.000 TL,120000
Çeşme,1+1,240.000 TL,240000
Çeşme,3+1,300.000 TL,300000
Foça,4+2,100.000 TL,100000
Çeşme,3+1,225.000 TL,225000
Güzelbahçe,4+2,160.000 TL,160000
Urla,4+1,150.000 TL,150000
Seferihisar,5+1,105.000 TL,105000
Çeşme,3+1,225.000 TL,225000
Narlıdere,3+1,150.000 TL,150000
Kemalpaşa,4+1,100.000 TL,100000
Narlıdere,2+1,250.000 TL,250000
Foça,2+1,150.000 TL,150000
Bornova,4+1,185.000 TL,185000
Urla,3+1,100.000 TL,100000
Bayraklı,3+1,100.000 TL,100000
Bornova,4+1,250.000 TL,250000
Çiğli,4+1,160.000 TL,160000
Seferihisar,3+1,115.000 TL,115000
Bornova,6+1,250.000 TL,250000
Çeşme,3+1,290.000 TL,290000
Çiğli,6+1,119.997 TL,119997
Menderes,2+1,100.000 TL,100000
Çeşme,1+1,290.000 TL,290000
Urla,4+1,150.000 TL,150000
Narlıdere,5+1,175.000 TL,175000
Çeşme,4+1,250.000 TL,250000
Çeşme,3+1,350.000 TL,350000
Çeşme,1.5+1,125.000 TL,125000
Konak,4+1,180.000 TL,180000
Bornova,4+1,100.000 TL,100000
Çeşme,4+1,190.000 TL,190000
Dikili,3+1,165.000 TL,165000
Dikili,3+1,350.000 TL,350000
Çeşme,1+1,130.000 TL,130000
Çeşme,1+1,220.000 TL,220000
Güzelbahçe,3+1,100.000 TL,100000
Çeşme,3+1,210.000 TL,210000
Çeşme,3+1,300.000 TL,300000
Çeşme,1+1,150.000 TL,150000
Karşıyaka,4+1,100.000 TL,100000
Çiğli,5+1,225.000 TL,225000
Güzelbahçe,5+1,100.000 TL,100000
Çeşme,4+2,120.000 TL,120000
Balçova,4+1,122.000 TL,122000
Dikili,2+1,150.000 TL,150000
Bornova,3+1,105.000 TL,105000
Çeşme,3+1,110.000 TL,110000
Çeşme,4+1,400.000 TL,400000
Narlıdere,4+1,130.000 TL,130000
Güzelbahçe,5+2,180.000 TL,180000
Karşıyaka,4+1,105.000 TL,105000
Çeşme,3+1,150.000 TL,150000
Çeşme,3+1,245.000 TL,245000
Urla,2+1,150.000 TL,150000
Balçova,5+2,125.000 TL,125000
Çeşme,2+1,250.000 TL,250000
Urla,3+1,125.000 TL,125000
Çeşme,4+1,150.000 TL,150000
Bornova,4+1,225.000 TL,225000
Karşıyaka,3+1,185.000 TL,185000
Foça,2+1,300.000 TL,300000
Buca,,225.000 TL,225000
Karaburun,5+1,250.000 TL,250000
Çeşme,3+1,200.000 TL,200000
Konak,2+1,105.000 TL,105000
Çeşme,2+1,100.000 TL,100000
Foça,3+1,400.000 TL,400000
Narlıdere,4+1,150.000 TL,150000
Güzelbahçe,4+1,150.000 TL,150000
Çeşme,2+1,250.000 TL,250000
Çeşme,3+1,150.000 TL,150000
Konak,4+1,250.000 TL,250000
Narlıdere,5+1,300.000 TL,300000
Çeşme,1+1,275.000 TL,275000
Çeşme,2+1,220.000 TL,220000
Çeşme,5+1,400.000 TL,400000
Urla,4.5+1,120.000 TL,120000
Çeşme,3+1,300.000 TL,300000
Çeşme,4+1,350.000 TL,350000
Çiğli,4+1,130.000 TL,130000
Konak,3+1,115.000 TL,115000
Seferihisar,2+1,125.000 TL,125000
Çeşme,4+1,400.000 TL,400000
Narlıdere,7+1,150.000 TL,150000
Urla,5+1,110.000 TL,110000
Çeşme,2+1,350.000 TL,350000
Urla,5+2,280.000 TL,280000
Çeşme,4+1,400.000 TL,400000
Çeşme,1+1,130.000 TL,130000
Güzelbahçe,3+1,180.000 TL,180000
Urla,3+2,175.000 TL,175000
Çeşme,4+1,325.000 TL,325000
Konak,2+1,200.000 TL,200000
Seferihisar,3+2,110.000 TL,110000
Çeşme,3+1,250.000 TL,250000
Çeşme,2+1,125.000 TL,125000
Çeşme,3+1,150.000 TL,150000
Çeşme,2+1,160.000 TL,160000
Karaburun,3+1,275.000 TL,275000
Çeşme,2+1,350.000 TL,350000
Konak,2+1,175.000 TL,175000
Bornova,3+1,130.000 TL,130000
Çeşme,1+1,250.000 TL,250000
Çeşme,2+1,260.000 TL,260000
Çeşme,6+2,300.000 TL,300000
Urla,6+2,250.000 TL,250000
Çeşme,1+1,400.000 TL,400000
Çeşme,1+1,200.000 TL,200000
Dikili,3+1,180.000 TL,180000
Konak,5+1,385.000 TL,385000
Çeşme,2+1,150.000 TL,150000
Konak,3+1,116.000 TL,116000
Çeşme,2+1,250.000 TL,250000
Çiğli,3+1,150.000 TL,150000
Urla,5+1,160.000 TL,160000
Çeşme,2+1,350.000 TL,350000
Çeşme,2+1,140.000 TL,140000
Konak,2+1,170.000 TL,170000
Çeşme,3+1,350.000 TL,350000
Seferihisar,2+1,200.000 TL,200000
Urla,3+1,225.000 TL,225000
Çeşme,3+1,400.000 TL,400000
Çeşme,4+1,140.000 TL,140000
Narlıdere,5+1,300.000 TL,300000
Urla,9+1,360.000 TL,360000
Karşıyaka,3+1,105.000 TL,105000
Foça,3+1,150.000 TL,150000
Çeşme,3+1,265.000 TL,265000
Kemalpaşa,3+1,160.000 TL,160000
Çeşme,4+1,170.000 TL,170000
Çeşme,2+1,240.000 TL,240000
Urla,1+1,100.000 TL,100000
Urla,4+1,101.000 TL,101000
Bornova,4+1,130.000 TL,130000
Çeşme,3+1,375.000 TL,375000
Urla,4+1,150.000 TL,150000
Konak,3+1,115.000 TL,115000
Konak,3+1,120.000 TL,120000
Çeşme,5+2,150.000 TL,150000
Çeşme,1+1,300.000 TL,300000
Çeşme,2+1,350.000 TL,350000
Çeşme,2+1,250.000 TL,250000
Dikili,3+1,255.000 TL,255000
Dikili,4+1,100.000 TL,100000
Kemalpaşa,5+2,150.000 TL,150000
Dikili,3+1,120.000 TL,120000
Seferihisar,3+1,110.000 TL,110000
Çeşme,1+1,240.000 TL,240000
Menderes,3.5+1,140.000 TL,140000
Çeşme,1+1,200.000 TL,200000
Çeşme,1+1,180.000 TL,180000
Çeşme,4+1,400.000 TL,400000
Çeşme,1+1,162.500 TL,162500
Kemalpaşa,4+1,100.000 TL,100000
Çiğli,5+1,200.000 TL,200000
Çeşme,3+1,400.000 TL,400000
Bornova,4+1,135.000 TL,135000
Dikili,2+1,180.000 TL,180000
Dikili,2+1,175.000 TL,175000
Urla,3+1,200.000 TL,200000
Konak,3+1,100.000 TL,100000
Karşıyaka,2+1,125.000 TL,125000
Foça,2+1,200.000 TL,200000
Çeşme,1+1,325.000 TL,325000
Çiğli,5+1,120.000 TL,120000
Güzelbahçe,3+1,155.000 TL,155000
Konak,2+1,110.000 TL,110000
Konak,3+1,130.000 TL,130000
Bornova,4+1,100.000 TL,100000
Çeşme,3+1,300.000 TL,300000
Çeşme,2+1,250.000 TL,250000
Bornova,4+1,100.000 TL,100000
Çeşme,3+1,175.000 TL,175000
Bornova,6+1,275.000 TL,275000
Çeşme,3+1,125.000 TL,125000
Çiğli,4+1,160.000 TL,160000
Çeşme,2+1,300.000 TL,300000
Çeşme,2+1,230.000 TL,230000
Çeşme,2+1,300.000 TL,300000
Karaburun,3+1,160.000 TL,160000
Çeşme,1+1,300.000 TL,300000
Karşıyaka,3+1,100.000 TL,100000
Çeşme,2+1,150.000 TL,150000
Çeşme,3+1,110.000 TL,110000
Seferihisar,3+1,145.000 TL,145000
Çeşme,4+1,400.000 TL,400000
Çeşme,4+1,110.000 TL,110000
Konak,3+1,150.000 TL,150000
Konak,4+1,185.000 TL,185000
Konak,3.5+1,125.000 TL,125000
Urla,Stüdyo (1+0),200.000 TL,200000
Çeşme,3+1,250.000 TL,250000
Çeşme,3+1,250.000 TL,250000
Çeşme,1+1,360.000 TL,360000
Foça,2+1,200.000 TL,200000
Çeşme,3+1,500.000 TL,500000
Çeşme,6+1,550.000 TL,550000
Seferihisar,2+1,450.000 TL,450000
Çeşme,,500.000 TL,500000
Çeşme,1+1,475.000 TL,475000
Menderes,4+1,500.000 TL,500000
Çeşme,2+1,500.000 TL,500000
Çeşme,3+1,500.000 TL,500000
Çeşme,3+1,700.000 TL,700000
Çeşme,1+1,525.000 TL,525000
Çeşme,1+1,550.000 TL,550000
Çeşme,4+1,650.000 TL,650000
Çeşme,3+1,640.000 TL,640000
Çeşme,3+1,500.000 TL,500000
Çeşme,3+1,650.000 TL,650000
Çeşme,2+1,450.000 TL,450000
Çeşme,2+1,650.000 TL,650000
Çeşme,5+1,655.000 TL,655000
Çeşme,4+1,550.000 TL,550000
Çeşme,3+1,650.000 TL,650000
Çeşme,3+1,650.000 TL,650000
Çeşme,3+1,700.000 TL,700000
Çeşme,1+1,520.000 TL,520000
Çeşme,3+1,450.000 TL,450000
Dikili,4+1,450.000 TL,450000
Çeşme,3+1,500.000 TL,500000
Çeşme,3+1,450.000 TL,450000
Foça,3+1,425.000 TL,425000
Çeşme,3+1,600.000 TL,600000
Çeşme,3+1,700.000 TL,700000
Çeşme,4+1,600.000 TL,600000
Çeşme,3+1,600.000 TL,600000
Çeşme,3+1,450.000 TL,450000
Çeşme,3+1,650.000 TL,650000
Çeşme,2+1,600.000 TL,600000
Çeşme,2+1,600.000 TL,600000
Çeşme,2+1,500.000 TL,500000
Çeşme,2+1,450.000 TL,450000
Çeşme,4+1,540.000 TL,540000
Güzelbahçe,5+1,450.000 TL,450000
Karaburun,3+2,495.000 TL,495000
Çeşme,3+1,600.000 TL,600000
Çeşme,2+1,600.000 TL,600000
Çeşme,3+1,650.000 TL,650000
Dikili,3+1,550.000 TL,550000
Çeşme,1+1,550.000 TL,550000
Çeşme,2+1,490.000 TL,490000
Çeşme,3+1,700.000 TL,700000
Çeşme,5+1,700.000 TL,700000
Çeşme,2+1,550.000 TL,550000
Çeşme,3+1,600.000 TL,600000
Çeşme,2+1,450.000 TL,450000
Çeşme,1+1,430.000 TL,430000
Çeşme,2+1,650.000 TL,650000
Çeşme,1+1,475.000 TL,475000
Çeşme,2+1,650.000 TL,650000
Çeşme,2+1,550.000 TL,550000
Çeşme,2+1,450.000 TL,450000
Urla,4+1,610.000 TL,610000
Çeşme,3+1,420.000 TL,420000
Çeşme,7+1,650.000 TL,650000
Çeşme,4+1,650.000 TL,650000
Çeşme,2+1,615.000 TL,615000
Foça,3+1,450.000 TL,450000
Çeşme,4+1,700.000 TL,700000
Urla,5+1,480.000 TL,480000
Çeşme,2+1,500.000 TL,500000
Çeşme,3+1,550.000 TL,550000
Çeşme,3+1,650.000 TL,650000
Çeşme,3+1,425.000 TL,425000
Menderes,2+1,460.000 TL,460000
Çeşme,3+1,500.000 TL,500000
Çeşme,4+1,700.000 TL,700000
Bornova,10+2,450.000 TL,450000
Çeşme,3+1,430.000 TL,430000
Çeşme,2+1,500.000 TL,500000
Urla,4+1,600.000 TL,600000
Çeşme,5+1,600.000 TL,600000
Çeşme,3+1,600.000 TL,600000
Çeşme,2+1,585.000 TL,585000
Seferihisar,2+1,460.000 TL,460000
Çeşme,3+1,700.000 TL,700000
Çeşme,3+1,600.000 TL,600000
Çeşme,2+1,450.000 TL,450000
Çeşme,1+1,625.000 TL,625000
Çeşme,3+1,700.000 TL,700000
Çeşme,3+1,425.000 TL,425000
Çeşme,4+1,700.000 TL,700000
Çeşme,3+1,550.000 TL,550000
Çeşme,1+1,475.000 TL,475000
Çeşme,3+1,700.000 TL,700000
Çeşme,3+1,500.000 TL,500000
Çeşme,3+1,650.000 TL,650000
Çeşme,3+1,450.000 TL,450000
Çeşme,4+1,700.000 TL,700000
Çeşme,1+1,500.000 TL,500000
Çeşme,3+1,450.000 TL,450000
Çeşme,3+1,600.000 TL,600000
Menderes,3+1,550.000 TL,550000
Çeşme,3+1,500.000 TL,500000
Çeşme,4+1,420.000 TL,420000
Çeşme,4+1,550.000 TL,550000
Çeşme,3+1,600.000 TL,600000
Foça,5+1,500.000 TL,500000
Çeşme,3+1,485.000 TL,485000
Karaburun,3+1,500.000 TL,500000
Çeşme,3+1,700.000 TL,700000
Çeşme,1+1,600.000 TL,600000
Çeşme,1+1,600.000 TL,600000
Çeşme,3+1,675.000 TL,675000
Çeşme,3+1,525.000 TL,525000
Çeşme,3+1,600.000 TL,600000
Çeşme,3+1,450.000 TL,450000
Çeşme,2+1,450.000 TL,450000
Çeşme,2+1,650.000 TL,650000
Çeşme,4+1,700.000 TL,700000
Çeşme,1+1,475.000 TL,475000
Çeşme,4+1,490.000 TL,490000
Çeşme,2+1,550.000 TL,550000
Çeşme,2+1,540.000 TL,540000
Çeşme,3+1,650.000 TL,650000
Çeşme,3+1,450.000 TL,450000
Urla,3+1,550.000 TL,550000
Çeşme,4+1,600.000 TL,600000
Çeşme,4+1,700.000 TL,700000
Çeşme,2+1,650.000 TL,650000
Çeşme,3+1,600.000 TL,600000
Çeşme,4+1,600.000 TL,600000
Çeşme,3+1,700.000 TL,700000
Seferihisar,3+1,525.000 TL,525000
Çeşme,6+1,600.000 TL,600000
Karaburun,5+1,650.000 TL,650000
Çeşme,2+1,500.000 TL,500000
Çeşme,3+1,550.000 TL,550000
Çeşme,3+1,430.000 TL,430000
Çeşme,4+1,550.000 TL,550000
Dikili,4+1,450.000 TL,450000
Çeşme,4+1,600.000 TL,600000
Çeşme,2+2,550.000 TL,550000
Çeşme,3+1,600.000 TL,600000
Çeşme,2+1,500.000 TL,500000
Çeşme,1+1,450.000 TL,450000
Çeşme,4+1,450.000 TL,450000
Çeşme,3+1,600.000 TL,600000
Çeşme,3+1,550.000 TL,550000
Çeşme,2+1,500.000 TL,500000
Çeşme,1+1,490.000 TL,490000
Çeşme,3+1,700.000 TL,700000
Çeşme,3+1,675.000 TL,675000
Çeşme,2+1,450.000 TL,450000
Çeşme,3+1,700.000 TL,700000
Çeşme,1+1,600.000 TL,600000
Çeşme,3+1,650.000 TL,650000
Çeşme,4+1,600.000 TL,600000
Çeşme,4+1,550.000 TL,550000
Çeşme,3+1,500.000 TL,500000
Çeşme,2+1,650.000 TL,650000
Çeşme,2+1,700.000 TL,700000
Çeşme,1+1,500.000 TL,500000
Çeşme,2+1,500.000 TL,500000
Çeşme,3+1,550.000 TL,550000
Çeşme,1+1,700.000 TL,700000
Çeşme,1+1,425.000 TL,425000
Çeşme,3+1,640.000 TL,640000
Urla,2+1,420.000 TL,420000
Çeşme,1+1,450.000 TL,450000
Çeşme,3+1,550.000 TL,550000
Çeşme,4+1,425.000 TL,425000
Çeşme,3+1,650.000 TL,650000
Çeşme,3+1,650.000 TL,650000
Çeşme,3+1,550.000 TL,550000
Çeşme,2+1,430.000 TL,430000
Çeşme,3+1,475.000 TL,475000
Çeşme,3+1,650.000 TL,650000
Çeşme,3+1,550.000 TL,550000
Çeşme,4+1,500.000 TL,500000
Çeşme,3+1,600.000 TL,600000
Çeşme,3+1,475.000 TL,475000
Çeşme,3+1,650.000 TL,650000
Çeşme,5+1,490.000 TL,490000
Çeşme,4+1,600.000 TL,600000
Çeşme,2+1,450.000 TL,450000
Urla,6+1,425.000 TL,425000
Çeşme,3+1,650.000 TL,650000
Karaburun,2+1,500.000 TL,500000
Çeşme,3+1,650.000 TL,650000
Çeşme,3+1,650.000 TL,650000
Çeşme,2+1,560.000 TL,560000
Çeşme,2+1,450.000 TL,450000
Çeşme,1+1,450.000 TL,450000
Çeşme,4+1,600.000 TL,600000
Çeşme,5+2,500.000 TL,500000
Çeşme,3+1,525.000 TL,525000
Çeşme,3+1,410.000 TL,410000
Çeşme,1+1,455.000 TL,455000
Çeşme,3+1,669.000 TL,669000
Çeşme,3+1,700.000 TL,700000
Çeşme,3+1,550.000 TL,550000
Çeşme,2+1,700.000 TL,700000
Çeşme,3+1,690.000 TL,690000
Çeşme,3+1,700.000 TL,700000
Çeşme,3+1,450.000 TL,450000
Çeşme,3+1,550.000 TL,550000
Çeşme,3+1,550.000 TL,550000
Çeşme,3+1,650.000 TL,650000
Çeşme,2+1,600.000 TL,600000
Foça,3+1,450.000 TL,450000
Menderes,3+1,485.000 TL,485000
Çeşme,2+1,450.000 TL,450000
Çeşme,3+1,650.000 TL,650000
Çeşme,3+2,480.000 TL,480000
Çeşme,3+1,450.000 TL,450000
Çeşme,5+1,450.000 TL,450000
Çeşme,2+1,500.000 TL,500000
Çeşme,2+1,600.000 TL,600000
Çeşme,1+1,450.000 TL,450000
Çeşme,1+1,500.000 TL,500000
Çeşme,3+1,550.000 TL,550000
Çeşme,4+1,550.000 TL,550000
Çeşme,2+1,450.000 TL,450000
Çeşme,3+1,550.000 TL,550000
Çeşme,3+1,430.000 TL,430000
Çeşme,3+1,600.000 TL,600000
Çeşme,1+1,420.000 TL,420000
Çeşme,3+1,499.000 TL,499000
Çeşme,4+1,600.000 TL,600000
Çeşme,4+1,700.000 TL,700000
Çeşme,2+1,600.000 TL,600000
Çeşme,4+1,450.000 TL,450000
Çeşme,3+1,550.000 TL,550000
Çeşme,3+1,700.000 TL,700000
Çeşme,3+1,480.000 TL,480000
Çeşme,4+1,550.000 TL,550000
Çeşme,2+1,600.000 TL,600000
Dikili,2+1,450.000 TL,450000
Çeşme,3+1,495.000 TL,495000
Çeşme,3+1,450.000 TL,450000
Çeşme,4+1,550.000 TL,550000
Çeşme,3+1,450.000 TL,450000
Çeşme,3+1,600.000 TL,600000
Çeşme,3+1,700.000 TL,700000
Çeşme,3+1,600.000 TL,600000
Foça,3+1,450.000 TL,450000
Çeşme,3+1,450.000 TL,450000
Çeşme,3+1,600.000 TL,600000
Çeşme,5+1,695.000 TL,695000
Çeşme,2+1,550.000 TL,550000
Çeşme,3+1,440.000 TL,440000
Çeşme,3+1,450.000 TL,450000
Foça,2+1,500.000 TL,500000
Çeşme,2+1,500.000 TL,500000
Çeşme,3+1,500.000 TL,500000
Çeşme,3+1,650.000 TL,650000
Çeşme,3+1,480.000 TL,480000
Çeşme,1+1,525.000 TL,525000
Seferihisar,4+1,550.000 TL,550000
Çeşme,4+1,550.000 TL,550000
Çeşme,3+1,650.000 TL,650000
Çeşme,3+1,550.000 TL,550000
Menderes,3+1,450.000 TL,450000
Menderes,4+1,650.000 TL,650000
Çeşme,1+1,500.000 TL,500000
Çeşme,3+1,500.000 TL,500000
Çeşme,2+1,700.000 TL,700000
Çeşme,3+1,650.000 TL,650000
Çeşme,3+1,650.000 TL,650000
Çeşme,2+1,550.000 TL,550000
Çeşme,3+1,550.000 TL,550000
Urla,2+1,600.000 TL,600000
Çeşme,7+2,560.000 TL,560000
Çeşme,3+1,499.000 TL,499000
Çeşme,2+1,700.000 TL,700000
Çeşme,2.5+1,450.000 TL,450000
Çeşme,2+1,560.000 TL,560000
Çeşme,2+1,550.000 TL,550000
Çeşme,3+1,450.000 TL,450000
Çeşme,4+1,600.000 TL,600000
Çeşme,3+1,500.000 TL,500000
Çeşme,4+1,500.000 TL,500000
Foça,2+1,600.000 TL,600000
Çeşme,3+1,490.000 TL,490000
Çeşme,2+1,575.000 TL,575000
Çeşme,3+1,650.000 TL,650000
Çeşme,3+1,700.000 TL,700000
Çeşme,2+1,445.000 TL,445000
Çeşme,2+1,520.000 TL,520000
Urla,3+1,490.000 TL,490000
Çeşme,3+1,550.000 TL,550000
Çeşme,3+1,600.000 TL,600000
Çeşme,5+2,600.000 TL,600000
Konak,4+1,480.000 TL,480000
Çeşme,3+2,550.000 TL,550000
Çeşme,3+1,490.000 TL,490000
Çeşme,3+1,850.000 TL,850000
Çeşme,3+1,750.000 TL,750000
Çeşme,3+1,1.000.000 TL,1000000
Çeşme,3+1,1.250.000 TL,1250000
Çeşme,3+1,1.000.000 TL,1000000
Çeşme,4+1,900.000 TL,900000
Çeşme,4+1,1.000.000 TL,1000000
Çeşme,3+1,1.200.000 TL,1200000
Çeşme,3+1,850.000 TL,850000
Çeşme,3+1,750.000 TL,750000
Çeşme,2+1,850.000 TL,850000
Çeşme,4+1,750.000 TL,750000
Çeşme,3+1,800.000 TL,800000
Çeşme,3+1,850.000 TL,850000
Çeşme,4+1,975.000 TL,975000
Çeşme,3+1,820.000 TL,820000
Çeşme,2+1,1.250.000 TL,1250000
Çeşme,3.5+1,800.000 TL,800000
Çeşme,5+1,800.000 TL,800000
Çeşme,3+1,1.000.000 TL,1000000
Çeşme,4+1,750.000 TL,750000
Çeşme,3+1,750.000 TL,750000
Çeşme,3+1,850.000 TL,850000
Çeşme,1+1,900.000 TL,900000
Çeşme,4+1,750.000 TL,750000
Çeşme,5+1,1.000.000 TL,1000000
Çeşme,3+1,1.250.000 TL,1250000
Çeşme,3+1,850.000 TL,850000
Çeşme,4+1,800.000 TL,800000
Çeşme,3+1,1.200.000 TL,1200000
Çeşme,3+1,850.000 TL,850000
Çeşme,3+1,950.000 TL,950000
Çeşme,3+1,950.000 TL,950000
Çeşme,4+1,750.000 TL,750000
Çeşme,4+1,850.000 TL,850000
Çeşme,4+1,875.000 TL,875000
Çeşme,4+1,1.300.000 TL,1300000
Çeşme,3+1,1.000.000 TL,1000000
Çeşme,3.5+1,800.000 TL,800000
Çeşme,4+1,750.000 TL,750000
Çeşme,5+1,1.000.000 TL,1000000
Çeşme,2+1,900.000 TL,900000
Çeşme,5+1,800.000 TL,800000
Çeşme,5+1,1.000.000 TL,1000000
Çeşme,4+1,1.300.000 TL,1300000
Çeşme,4+1,1.300.000 TL,1300000
Çeşme,4+1,800.000 TL,800000
Çeşme,3+1,750.000 TL,750000
Çeşme,3+1,800.000 TL,800000
Çeşme,3+1,750.000 TL,750000
Çeşme,2+1,890.000 TL,890000
Çeşme,3+1,900.000 TL,900000
Çeşme,2+1,750.000 TL,750000
Çeşme,3+1,1.100.000 TL,1100000
Çeşme,3+1,750.000 TL,750000
Çeşme,3+1,1.200.000 TL,1200000
Çeşme,4+1,1.200.000 TL,1200000
Çeşme,1+1,750.000 TL,750000
Çeşme,4+2,1.200.000 TL,1200000
Çeşme,3+1,1.000.000 TL,1000000
Çeşme,3+1,800.000 TL,800000
Çeşme,5+1,1.100.000 TL,1100000
Çeşme,3+1,850.000 TL,850000
Çeşme,3+1,900.000 TL,900000
Çeşme,3+1,900.000 TL,900000
Çeşme,3+1,900.000 TL,900000
Çeşme,3+1,820.000 TL,820000
Çeşme,3+1,1.000.000 TL,1000000
Çeşme,3+2,950.000 TL,950000
Çeşme,4+1,900.000 TL,900000
Çeşme,4+1,1.100.000 TL,1100000
Çeşme,4+1,1.200.000 TL,1200000
Çeşme,4+1,1.200.000 TL,1200000
Çeşme,2+1,850.000 TL,850000
Çeşme,4+1,875.000 TL,875000
Çeşme,3+1,900.000 TL,900000
Çeşme,3+1,750.000 TL,750000
Çeşme,4+1,725.000 TL,725000
Çeşme,2+1,750.000 TL,750000
Çeşme,4+1,1.250.000 TL,1250000
Çeşme,4+1,825.000 TL,825000
Çeşme,2+1,750.000 TL,750000
Çeşme,3+1,1.100.000 TL,1100000
Çeşme,3+1,1.250.000 TL,1250000
Çeşme,3+1,1.275.000 TL,1275000
Çeşme,4+1,850.000 TL,850000
Çeşme,3+1,800.000 TL,800000
Çeşme,3+1,750.000 TL,750000
Çeşme,4+1,925.000 TL,925000
Çeşme,3+1,800.000 TL,800000
Çeşme,4+1,1.100.000 TL,1100000
Çeşme,4+1,750.000 TL,750000
Çeşme,4+1,750.000 TL,750000
Çeşme,3+1,900.000 TL,900000
Çeşme,4+1,800.000 TL,800000
Çeşme,3+1,750.000 TL,750000
Çeşme,3+1,750.000 TL,750000
Çeşme,3+1,725.000 TL,725000
Çeşme,1+1,800.000 TL,800000
Çeşme,3+1,800.000 TL,800000
Çeşme,4+1,750.000 TL,750000
Çeşme,4+1,1.200.000 TL,1200000
Çeşme,5+1,750.000 TL,750000
Çeşme,3+1,750.000 TL,750000
Çeşme,4+1,1.000.000 TL,1000000
Çeşme,3+1,850.000 TL,850000
Çeşme,4+1,1.250.000 TL,1250000
Çeşme,3+1,800.000 TL,800000
Çeşme,3+1,850.000 TL,850000
Çeşme,4+2,1.000.000 TL,1000000
Çeşme,3+1,800.000 TL,800000
Çeşme,4+1,850.000 TL,850000
Çeşme,3+1,1.000.000 TL,1000000
Çeşme,4+1,725.000 TL,725000
Çeşme,4+2,1.000.000 TL,1000000
Çeşme,3+1,900.000 TL,900000
Çeşme,3+1,800.000 TL,800000
Çeşme,4+1,900.000 TL,900000
Çeşme,3+1,900.000 TL,900000
Çeşme,3+1,900.000 TL,900000
Çeşme,3+1,975.000 TL,975000
Çeşme,5+2,1.100.000 TL,1100000
Çeşme,3+1,850.000 TL,850000
Çeşme,3+1,1.250.000 TL,1250000
Çeşme,3+1,750.000 TL,750000
Çeşme,3+1,800.000 TL,800000
Çeşme,3+1,850.000 TL,850000
Çeşme,3+1,750.000 TL,750000
Çeşme,3+1,825.000 TL,825000
Çeşme,3+1,1.050.000 TL,1050000
Çeşme,4+1,1.000.000 TL,1000000
Çeşme,4+1,1.250.000 TL,1250000
Çeşme,3+1,725.000 TL,725000
Çeşme,2+1,1.200.000 TL,1200000
Çeşme,4+1,1.200.000 TL,1200000
Çeşme,3+1,800.000 TL,800000
Çeşme,3+1,900.000 TL,900000
Çeşme,2+1,850.000 TL,850000
Çeşme,3+1,750.000 TL,750000
Çeşme,4+1,1.000.000 TL,1000000
Çeşme,3+1,1.200.000 TL,1200000
Çeşme,3+1,850.000 TL,850000
Çeşme,3+1,750.000 TL,750000
Çeşme,4+1,1.100.000 TL,1100000
Çeşme,3+1,750.000 TL,750000
Çeşme,4+2,950.000 TL,950000
Çeşme,3+1,750.000 TL,750000
Çeşme,3+1,750.000 TL,750000
Çeşme,4+1,950.000 TL,950000
Çeşme,3+1,900.000 TL,900000
Çeşme,1+1,750.000 TL,750000
Çeşme,3+1,740.000 TL,740000
Çeşme,3+1,750.000 TL,750000
Çeşme,2+1,750.000 TL,750000
Çeşme,4+1,850.000 TL,850000
Çeşme,3+1,900.000 TL,900000
Çeşme,3+1,1.000.000 TL,1000000
Çeşme,3+1,900.000 TL,900000
Çeşme,4+1,850.000 TL,850000
Çeşme,2+1,720.000 TL,720000
Çeşme,3+1,1.250.000 TL,1250000
Çeşme,3+1,950.000 TL,950000
Çeşme,3+1,800.000 TL,800000
Çeşme,4+1,900.000 TL,900000
Çeşme,3+1,850.000 TL,850000
Çeşme,5+1,1.000.000 TL,1000000
Çeşme,4+1,1.300.000 TL,1300000
Çeşme,4+1,1.300.000 TL,1300000
Çeşme,4+1,1.000.000 TL,1000000
Çeşme,3+1,950.000 TL,950000
Çeşme,4+1,850.000 TL,850000
Çeşme,3+1,950.000 TL,950000
Çeşme,3+1,850.000 TL,850000
Çeşme,4+1,1.200.000 TL,1200000
Çeşme,4+1,900.000 TL,900000
Çeşme,3+1,750.000 TL,750000
Çeşme,3+1,800.000 TL,800000
Çeşme,4+1,970.000 TL,970000
Çeşme,3+1,1.250.000 TL,1250000
Çeşme,3+1,980.000 TL,980000
Çeşme,3+1,1.250.000 TL,1250000
Çeşme,3+1,750.000 TL,750000
Çeşme,4+1,760.000 TL,760000
Çeşme,3+2,800.000 TL,800000
Çeşme,3+1,850.000 TL,850000
Çeşme,3+1,950.000 TL,950000
Çeşme,4+1,1.200.000 TL,1200000
Çeşme,4+1,1.200.000 TL,1200000
Çeşme,3+1,780.000 TL,780000
Çeşme,3+1,800.000 TL,800000
Çeşme,3+1,1.200.000 TL,1200000
Çeşme,4+1,850.000 TL,850000
Çeşme,4+1,800.000 TL,800000
Çeşme,6+1,725.000 TL,725000
Çeşme,3+1,850.000 TL,850000
Çeşme,4+1,1.000.000 TL,1000000
Çeşme,5+1,850.000 TL,850000
Çeşme,3+1,800.000 TL,800000
Çeşme,3+1,1.250.000 TL,1250000
Çeşme,3+1,1.250.000 TL,1250000
Çeşme,4+1,750.000 TL,750000
Çeşme,4+1,900.000 TL,900000
Çeşme,4+1,850.000 TL,850000
Çeşme,5+1,1.275.000 TL,1275000
Çeşme,4+1,825.000 TL,825000
Çeşme,4+1,975.000 TL,975000
Çeşme,3+1,900.000 TL,900000
Çeşme,4+1,950.000 TL,950000
Çeşme,4+1,1.250.000 TL,1250000
Çeşme,3+1,750.000 TL,750000
Çeşme,4+1,850.000 TL,850000
Çeşme,5+1,1.000.000 TL,1000000
Çeşme,3+1,800.000 TL,800000
Çeşme,4+1,825.000 TL,825000
Çeşme,3+1,875.000 TL,875000
Çeşme,3+1,750.000 TL,750000
Çeşme,3+1,750.000 TL,750000
Çeşme,4+1,1.200.000 TL,1200000
Çeşme,4+1,750.000 TL,750000
Çeşme,3+1,800.000 TL,800000
Çeşme,3+1,850.000 TL,850000
Çeşme,3+1,990.000 TL,990000
Çeşme,4+1,1.100.000 TL,1100000
Çeşme,3+1,1.250.000 TL,1250000
Çeşme,4+1,1.200.000 TL,1200000
Çeşme,4+1,750.000 TL,750000
Çeşme,4+1,850.000 TL,850000
Çeşme,3+1,820.000 TL,820000
Çeşme,3+1,1.200.000 TL,1200000
Çeşme,2+1,750.000 TL,750000
Çeşme,4.5+1,750.000 TL,750000
Çeşme,4+1,1.100.000 TL,1100000
Çeşme,1+1,900.000 TL,900000
Çeşme,3+1,780.000 TL,780000
Çeşme,3+1,1.250.000 TL,1250000
Çeşme,3+1,875.000 TL,875000
Çeşme,4+1,1.200.000 TL,1200000
Çeşme,3+1,900.000 TL,900000
Çeşme,4+1,750.000 TL,750000
Çeşme,3+1,1.200.000 TL,1200000
Çeşme,3+1,730.000 TL,730000
Çeşme,3+1,800.000 TL,800000
Çeşme,3+1,1.000.000 TL,1000000
Çeşme,3.5+1,1.000.000 TL,1000000
Çeşme,3+1,720.000 TL,720000
Çeşme,3+1,800.000 TL,800000
Çeşme,4+1,1.200.000 TL,1200000
Çeşme,3+1,1.250.000 TL,1250000
Çeşme,3+1,900.000 TL,900000
Çeşme,4+1,850.000 TL,850000
Çeşme,3+1,1.200.000 TL,1200000
Çeşme,6+1,850.000 TL,850000
Çeşme,3+1,750.000 TL,750000
Çeşme,4+1,750.000 TL,750000
Çeşme,3+1,800.000 TL,800000
Çeşme,4+1,775.000 TL,775000
Çeşme,3+1,950.000 TL,950000
Çeşme,3+1,800.000 TL,800000
Çeşme,3+1,895.000 TL,895000
Çeşme,3+1,800.000 TL,800000
Çeşme,2+1,800.000 TL,800000
Çeşme,3+1,1.000.000 TL,1000000
Çeşme,4+1,875.000 TL,875000
Çeşme,3+1,750.000 TL,750000
Çeşme,3+1,750.000 TL,750000
Çeşme,2+1,750.000 TL,750000
Foça,2+1,770.000 TL,770000
Çeşme,3+1,800.000 TL,800000
Çeşme,3+1,750.000 TL,750000
Çeşme,3+1,1.000.000 TL,1000000
Çeşme,1+1,750.000 TL,750000
Çeşme,3+1,800.000 TL,800000
Çeşme,4+1,1.050.000 TL,1050000
Çeşme,3+1,750.000 TL,750000
Çeşme,4+1,1.200.000 TL,1200000
Çeşme,3+1,800.000 TL,800000
Çeşme,3+1,800.000 TL,800000
Çeşme,3+1,750.000 TL,750000
Çeşme,4+1,750.000 TL,750000
Çeşme,3+1,800.000 TL,800000
Çeşme,4+1,800.000 TL,800000
Çeşme,5+1,850.000 TL,850000
Çeşme,5+1,1.000.000 TL,1000000
Çeşme,4+1,1.000.000 TL,1000000
Çeşme,3+1,1.300.000 TL,1300000
Çeşme,3+1,740.000 TL,740000
Çeşme,3+1,1.250.000 TL,1250000
Çeşme,3+1,775.000 TL,775000
Çeşme,4+1,950.000 TL,950000
Çeşme,4+1,800.000 TL,800000
Çeşme,5+1,1.100.000 TL,1100000
Çeşme,4+1,750.000 TL,750000
Çeşme,5+1,820.000 TL,820000
Çeşme,4+1,1.200.000 TL,1200000
Çeşme,3+1,1.300.000 TL,1300000
Çeşme,4+1,1.150.000 TL,1150000
Çeşme,3+1,1.900.000 TL,1900000
Çeşme,4+1,1.800.000 TL,1800000
Çeşme,5+1,2.400.000 TL,2400000
Çeşme,3+1,1.900.000 TL,1900000
Çeşme,4+1,1.350.000 TL,1350000
Çeşme,4+1,1.500.000 TL,1500000
Çeşme,3+1,1.500.000 TL,1500000
Çeşme,6+1,1.500.000 TL,1500000
Çeşme,2+1,1.500.000 TL,1500000
Çeşme,4+1,1.400.000 TL,1400000
Çeşme,5+1,1.950.000 TL,1950000
Çeşme,4+1,1.800.000 TL,1800000
Çeşme,4+1,2.500.000 TL,2500000
Çeşme,4+1,2.000.000 TL,2000000
Çeşme,4+1,1.750.000 TL,1750000
Çeşme,4+1,1.350.000 TL,1350000
Çeşme,4+1,1.750.000 TL,1750000
Çeşme,4+1,1.600.000 TL,1600000
Çeşme,4+1,1.500.000 TL,1500000
Çeşme,5+2,1.650.000 TL,1650000
Çeşme,4+1,2.200.000 TL,2200000
Çeşme,4+1,2.200.000 TL,2200000
Çeşme,4+1,1.700.000 TL,1700000
Çeşme,4+1,1.800.000 TL,1800000
Çeşme,4+1,1.750.000 TL,1750000
Çeşme,3+1,1.900.000 TL,1900000
Çeşme,4+1,1.800.000 TL,1800000
Çeşme,1+1,1.980.000 TL,1980000
Çeşme,5+1,2.000.000 TL,2000000
Çeşme,4+1,1.550.000 TL,1550000
Çeşme,4+1,2.500.000 TL,2500000
Çeşme,2+1,1.800.000 TL,1800000
Çeşme,7+1,1.850.000 TL,1850000
Çeşme,4+1,1.350.000 TL,1350000
Çeşme,4+1,1.750.000 TL,1750000
Çeşme,5+2,1.400.000 TL,1400000
Çeşme,4+2,2.150.000 TL,2150000
Çeşme,4+1,2.100.000 TL,2100000
Çeşme,4+1,1.800.000 TL,1800000
Çeşme,4+1,1.600.000 TL,1600000
Çeşme,3+1,1.500.000 TL,1500000
Çeşme,4+1,1.750.000 TL,1750000
Çeşme,5+1,1.500.000 TL,1500000
Çeşme,4+1,1.750.000 TL,1750000
Çeşme,5+1,2.400.000 TL,2400000
Çeşme,5+2,1.650.000 TL,1650000
Çeşme,5+2,2.000.000 TL,2000000
Çeşme,4+1,1.500.000 TL,1500000
Çeşme,4+1,1.850.000 TL,1850000
Çeşme,4+1,1.500.000 TL,1500000
Çeşme,4+1,1.750.000 TL,1750000
Çeşme,4+1,1.650.000 TL,1650000
Çeşme,5+1,2.500.000 TL,2500000
Çeşme,6+1,1.500.000 TL,1500000
Çeşme,3+1,1.900.000 TL,1900000
Çeşme,4+1,1.500.000 TL,1500000
Çeşme,4+1,1.750.000 TL,1750000
Çeşme,4+1,1.750.000 TL,1750000
Çeşme,4+1,1.500.000 TL,1500000
Çeşme,3+1,1.450.000 TL,1450000
Çeşme,3+1,1.900.000 TL,1900000
Çeşme,4+2,2.000.000 TL,2000000
Çeşme,4+1,1.800.000 TL,1800000
Çeşme,5+2,1.400.000 TL,1400000
Çeşme,5+1,1.400.000 TL,1400000
Çeşme,7+1,2.150.000 TL,2150000
Çeşme,4+1,1.600.000 TL,1600000
Çeşme,4+1,1.600.000 TL,1600000
Çeşme,7+1,1.600.000 TL,1600000
Çeşme,4+1,1.600.000 TL,1600000
Çeşme,4+1,1.700.000 TL,1700000
Çeşme,6+1,2.400.000 TL,2400000
Çeşme,4+1,1.850.000 TL,1850000
Çeşme,5+1,1.500.000 TL,1500000
Çeşme,4+1,1.750.000 TL,1750000
Çeşme,4+1,2.250.000 TL,2250000
Çeşme,5+1,1.500.000 TL,1500000
Çeşme,4+1,1.500.000 TL,1500000
Çeşme,6+2,1.750.000 TL,1750000
Çeşme,4+1,1.750.000 TL,1750000
Çeşme,4+1,1.500.000 TL,1500000
Çeşme,4+1,2.250.000 TL,2250000
Çeşme,4+1,1.650.000 TL,1650000
Çeşme,4+1,1.800.000 TL,1800000
Çeşme,3+1,1.400.000 TL,1400000
Çeşme,4+1,1.750.000 TL,1750000
Çeşme,4+1,1.400.000 TL,1400000
Çeşme,3+1,1.900.000 TL,1900000
Çeşme,7+1,2.150.000 TL,2150000
Çeşme,4+1,1.500.000 TL,1500000
Çeşme,5+1,1.400.000 TL,1400000
Çeşme,4+1,1.750.000 TL,1750000
Çeşme,4+1,1.700.000 TL,1700000
Çeşme,2+1,1.550.000 TL,1550000
Çeşme,4+1,1.750.000 TL,1750000
Çeşme,4+1,2.000.000 TL,2000000
Çeşme,7+1,2.150.000 TL,2150000
Çeşme,4+1,1.800.000 TL,1800000
Çeşme,4+1,1.500.000 TL,1500000
Çeşme,4+1,1.500.000 TL,1500000
Çeşme,3+1,1.900.000 TL,1900000
Çeşme,4+1,1.500.000 TL,1500000
Çeşme,4+1,1.950.000 TL,1950000
Çeşme,4+1,1.400.000 TL,1400000
Çeşme,4+1,1.600.000 TL,1600000
Çeşme,5+2,2.150.000 TL,2150000
Çeşme,5+2,2.150.000 TL,2150000
Çeşme,5+2,3.000.000 TL,3000000
Çeşme,4+1,2.750.000 TL,2750000
Çeşme,4+2,3.350.000 TL,3350000
Çeşme,3+1,4.250.000 TL,4250000
Çeşme,4+1,3.350.000 TL,3350000
Seferihisar,10 Üzeri,3.900.000 TL,3900000
Çeşme,8+1,3.000.000 TL,3000000
Çeşme,4+2,3.500.000 TL,3500000
Çeşme,4+1,3.000.000 TL,3000000
Çeşme,5+1,3.000.000 TL,3000000
Çeşme,5+1,3.500.000 TL,3500000
