District,Rooms,Price
Doğanşehir / Köyler,3+1,7.000 TL
Battalgazi / Merkez,3+1,15.000 TL
Yeşilyurt / Köyler,3+1,8.000 TL
Yeşilyurt / Merkez,1+1,9.000 TL
Yeşilyurt / Köyler,3+1,6.500 TL
Yeşilyurt / Köyler,3+1,18.750 TL
Battalgazi / Merkez,1+1,19.000 TL
Battalgazi / Merkez,2+1,10.500 TL
Battalgazi / Merkez,3+1,13.000 TL
Yeşilyurt / Köyler,3+1,14.000 TL
Battalgazi / Merkez,3+1,10.000 TL
Yeşilyurt / Merkez,2+1,12.000 TL
Battalgazi / Merkez,3+1,13.000 TL
Battalgazi / Merkez,3+1,18.000 TL
Battalgazi / Merkez,3+1,16.000 TL
Yeşilyurt / Merkez,3+1,13.000 TL
Yeşilyurt / Merkez,3+1,16.000 TL
Yeşilyurt / Merkez,3+1,17.500 TL
Yeşilyurt / Köyler,2+1,18.000 TL
Yeşilyurt / Köyler,3+1,15.000 TL
Battalgazi / Merkez,2+1,14.000 TL
Yeşilyurt / Merkez,1+1,15.000 TL
Battalgazi / Merkez,Stüdyo (1+0),16.000 TL
Battalgazi / Merkez,1+1,18.000 TL
Yeşilyurt / Merkez,3+1,15.000 TL
Yeşilyurt / Köyler,3+1,15.000 TL
Battalgazi / Merkez,3+1,15.000 TL
Battalgazi / Merkez,3+1,16.000 TL
Battalgazi / Merkez,2+1,8.000 TL
Darende,3+1,18.000 TL
Battalgazi / Merkez,3+1,15.000 TL
Battalgazi / Merkez,3+1,17.000 TL
Yeşilyurt / Merkez,2+1,16.000 TL
Battalgazi / Merkez,3+1,15.000 TL
Yeşilyurt / Merkez,2+1,15.000 TL
Battalgazi / Merkez,3+1,18.000 TL
Battalgazi / Merkez,3+1,9.250 TL
Battalgazi / Merkez,1+1,17.000 TL
Battalgazi / Merkez,3+1,17.000 TL
Battalgazi / Merkez,1+1,18.500 TL
Yeşilyurt / Köyler,3+1,8.000 TL
Yeşilyurt / Merkez,3+1,19.000 TL
Yeşilyurt / Merkez,2+1,14.000 TL
Battalgazi / Merkez,2+1,13.500 TL
Battalgazi / Merkez,3+1,11.500 TL
Yeşilyurt / Merkez,3+1,14.000 TL
Battalgazi / Merkez,2+1,10.000 TL
Battalgazi / Merkez,2+1,13.000 TL
Yeşilyurt / Merkez,2+1,12.500 TL
Battalgazi / Merkez,2+1,17.000 TL
Battalgazi / Merkez,2+1,10.000 TL
Battalgazi / Merkez,3+1,15.000 TL
Battalgazi / Merkez,2+1,10.000 TL
Battalgazi / Merkez,2+1,17.000 TL
Yeşilyurt / Köyler,3+1,17.000 TL
Yeşilyurt / Merkez,2+1,12.000 TL
Battalgazi / Merkez,3+1,14.500 TL
Battalgazi / Merkez,2+1,10.000 TL
Darende,3.5+1,9.000 TL
Yeşilyurt / Merkez,3+1,13.500 TL
Yeşilyurt / Köyler,3+1,8.000 TL
Battalgazi / Merkez,1+1,18.900 TL
Battalgazi / Merkez,2+1,10.500 TL
Battalgazi / Merkez,2+1,13.000 TL
Yeşilyurt / Köyler,3+1,8.000 TL
Yeşilyurt / Köyler,3+1,9.000 TL
Yeşilyurt / Merkez,3+1,15.000 TL
Battalgazi / Merkez,3.5+1,14.000 TL
Battalgazi / Merkez,3+1,16.000 TL
Battalgazi / Merkez,3+1,15.500 TL
Yeşilyurt / Merkez,1+1,15.000 TL
Yeşilyurt / Merkez,3+1,18.000 TL
Yeşilyurt,3+1,14.000 TL
Yeşilyurt / Merkez,2+1,18.500 TL
Yeşilyurt / Merkez,3+1,16.000 TL
Battalgazi / Merkez,3+1,15.000 TL
Yeşilyurt / Köyler,3+1,17.000 TL
Yeşilyurt / Köyler,3+1,8.500 TL
Yeşilyurt / Köyler,3+1,12.000 TL
Battalgazi,3+1,16.000 TL
Battalgazi / Merkez,3+1,15.500 TL
Yeşilyurt / Merkez,3+1,15.000 TL
Battalgazi / Merkez,3+1,19.000 TL
Yeşilyurt / Merkez,3+1,10.000 TL
Yeşilyurt / Merkez,3+1,13.000 TL
Battalgazi / Merkez,3+1,15.250 TL
Akçadağ,3+1,8.750 TL
Darende,3+1,12.500 TL
Yeşilyurt / Köyler,3+1,10.500 TL
Battalgazi / Merkez,3+1,15.000 TL
Battalgazi,2+1,11.500 TL
Battalgazi / Merkez,3+1,15.000 TL
Yeşilyurt / Merkez,3+1,13.000 TL
Battalgazi / Merkez,2+1,17.000 TL
Yeşilyurt / Merkez,3+1,18.000 TL
Battalgazi / Merkez,3+1,15.000 TL
Battalgazi / Merkez,2+1,10.000 TL
Battalgazi / Merkez,3+1,13.000 TL
Battalgazi,3+1,13.000 TL
Yeşilyurt / Köyler,3+1,8.500 TL
Battalgazi / Merkez,3+1,18.000 TL
Yeşilyurt / Köyler,3+1,8.000 TL
Yeşilyurt / Merkez,3+1,12.000 TL
Battalgazi / Merkez,3+1,13.500 TL
Battalgazi / Merkez,3+1,12.500 TL
Yeşilyurt / Merkez,1+1,10.000 TL
Yeşilyurt / Merkez,3+1,17.000 TL
Yeşilyurt / Köyler,3+1,17.500 TL
Battalgazi / Merkez,2+1,11.000 TL
Yeşilyurt,3+1,18.000 TL
Yeşilyurt / Köyler,3+1,11.000 TL
Battalgazi / Merkez,3+1,19.500 TL
Battalgazi / Merkez,2+1,14.000 TL
Yeşilyurt,4+1,17.000 TL
Yeşilyurt / Merkez,1+1,9.500 TL
Battalgazi / Merkez,3+1,16.000 TL
Yeşilyurt / Merkez,2+1,11.500 TL
Battalgazi / Merkez,3+1,19.500 TL
Battalgazi / Merkez,2+1,9.000 TL
Battalgazi / Merkez,2+1,12.000 TL
Yeşilyurt / Merkez,3+1,19.000 TL
Battalgazi / Merkez,3+1,17.000 TL
Battalgazi / Merkez,2+1,18.000 TL
Yeşilyurt / Köyler,3+1,8.000 TL
Akçadağ,3+1,12.500 TL
Yeşilyurt / Köyler,3+1,18.000 TL
Yeşilyurt / Köyler,3+1,9.000 TL
Battalgazi / Merkez,3+1,14.000 TL
Yeşilyurt,3+1,17.000 TL
Yeşilyurt / Köyler,3+1,8.000 TL
Yeşilyurt / Köyler,3+1,18.500 TL
Battalgazi / Merkez,3+1,14.000 TL
Yeşilyurt / Köyler,3+1,8.000 TL
Yeşilyurt / Köyler,3+1,7.500 TL
Yeşilyurt / Köyler,3+1,12.000 TL
Yeşilyurt,3+1,18.000 TL
Yeşilyurt / Köyler,3+1,7.500 TL
Yeşilyurt / Merkez,3+1,17.000 TL
Battalgazi / Merkez,2+1,10.000 TL
Battalgazi / Merkez,3+1,15.000 TL
Yeşilyurt / Köyler,3+1,18.500 TL
Battalgazi / Merkez,4+1,14.000 TL
Yeşilyurt / Merkez,3+1,14.000 TL
Yeşilyurt,3+1,16.000 TL
Battalgazi / Merkez,3+1,12.500 TL
Yeşilyurt / Merkez,3+1,14.500 TL
Battalgazi / Merkez,3+1,17.000 TL
Battalgazi / Merkez,2+1,17.500 TL
Yeşilyurt / Merkez,3+1,12.500 TL
Yeşilyurt / Merkez,3+1,12.000 TL
Battalgazi / Merkez,3+1,15.000 TL
Yeşilyurt / Köyler,3+1,8.000 TL
Yeşilyurt / Merkez,1+1,12.500 TL
Yeşilyurt / Köyler,2+1,12.000 TL
Yeşilyurt / Köyler,3+1,8.000 TL
Battalgazi / Merkez,3+1,13.000 TL
Yeşilyurt / Merkez,3+1,10.000 TL
Battalgazi / Merkez,2+1,17.500 TL
Yeşilyurt / Merkez,2+1,13.500 TL
Battalgazi / Merkez,Stüdyo (1+0),11.000 TL
Battalgazi / Merkez,2+1,10.000 TL
Battalgazi / Merkez,2+1,12.000 TL
Battalgazi / Merkez,2+1,17.500 TL
Battalgazi / Merkez,2+1,15.500 TL
Battalgazi / Merkez,3+1,17.500 TL
Yeşilyurt,1+1,14.000 TL
Battalgazi / Merkez,3+1,17.500 TL
Battalgazi / Merkez,2+1,11.000 TL
Battalgazi / Merkez,3+1,12.000 TL
Yeşilyurt / Köyler,3+1,9.000 TL
Yeşilyurt / Merkez,3+1,18.500 TL
Battalgazi / Merkez,3+1,18.000 TL
Battalgazi / Merkez,3+1,16.750 TL
Battalgazi / Merkez,2+1,19.000 TL
Battalgazi / Merkez,3+1,15.500 TL
Battalgazi / Merkez,3+1,18.000 TL
Yeşilyurt / Köyler,3+1,10.000 TL
Yeşilyurt / Merkez,1+1,14.000 TL
Battalgazi / Merkez,3+1,18.500 TL
Battalgazi / Merkez,2+1,10.000 TL
Battalgazi / Merkez,2+1,17.500 TL
Yeşilyurt / Merkez,3+1,16.000 TL
Yeşilyurt / Köyler,3+1,16.500 TL
Yeşilyurt / Merkez,2+1,12.000 TL
Battalgazi / Merkez,1+1,18.900 TL
Darende,3+1,9.000 TL
Battalgazi / Merkez,2+1,10.500 TL
Battalgazi / Merkez,2+1,17.000 TL
Yeşilyurt / Merkez,3+1,18.000 TL
Battalgazi / Merkez,3+1,19.000 TL
Yeşilyurt / Merkez,3+1,13.000 TL
Battalgazi / Merkez,2+1,12.000 TL
Battalgazi / Merkez,2+1,18.500 TL
Battalgazi / Merkez,3+1,17.000 TL
Battalgazi / Merkez,2+1,18.000 TL
Battalgazi / Merkez,3+1,15.500 TL
Yeşilyurt / Merkez,4+1,13.000 TL
Battalgazi / Merkez,3+1,18.000 TL
Battalgazi / Merkez,3+1,15.000 TL
Yeşilyurt / Köyler,3+1,7.000 TL
Yeşilyurt,3+1,16.500 TL
Battalgazi / Merkez,2+1,12.000 TL
Yeşilyurt / Köyler,3+1,14.000 TL
Yeşilyurt / Merkez,3+1,15.000 TL
Yeşilyurt / Köyler,2+1,12.000 TL
Battalgazi / Merkez,3+1,11.000 TL
Yeşilyurt / Merkez,3+1,17.000 TL
Yeşilyurt / Köyler,3+1,7.500 TL
Yeşilyurt / Köyler,3+1,6.000 TL
Yeşilyurt / Merkez,2+1,14.000 TL
Battalgazi / Merkez,3+1,19.500 TL
Battalgazi / Merkez,2+1,13.000 TL
Yeşilyurt / Merkez,2+1,14.500 TL
Battalgazi / Merkez,2+1,10.500 TL
Yeşilyurt / Merkez,3+1,17.500 TL
Battalgazi / Merkez,3+1,15.000 TL
Akçadağ / Köyler,3+1,11.000 TL
Yeşilyurt / Köyler,3+1,17.000 TL
Yeşilyurt / Köyler,3+1,9.000 TL
Battalgazi / Merkez,3+1,13.999 TL
Yeşilyurt / Köyler,3+1,9.000 TL
Battalgazi / Merkez,1+1,18.500 TL
Battalgazi / Merkez,3+1,17.000 TL
Battalgazi / Merkez,3+1,15.000 TL
Yeşilyurt / Köyler,3+1,9.500 TL
Yeşilyurt / Merkez,3+1,12.000 TL
Yeşilyurt,3+1,16.000 TL
Yeşilyurt / Köyler,3+1,6.999 TL
Battalgazi / Merkez,3+1,11.000 TL
Battalgazi / Merkez,2+1,18.000 TL
Battalgazi / Merkez,2+1,14.000 TL
Battalgazi / Merkez,2+1,14.000 TL
Yeşilyurt / Merkez,2+1,14.000 TL
Battalgazi / Merkez,2+1,15.000 TL
Battalgazi / Merkez,3+1,12.000 TL
Yeşilyurt / Köyler,3+1,7.500 TL
Battalgazi / Merkez,1+1,19.000 TL
Battalgazi / Merkez,3+1,10.000 TL
Yeşilyurt / Köyler,3+1,8.000 TL
Yeşilyurt / Köyler,3+1,9.000 TL
Battalgazi / Merkez,3+1,12.500 TL
Yeşilyurt / Merkez,2+1,15.000 TL
Yeşilyurt / Merkez,3+1,15.000 TL
Yeşilyurt / Köyler,3+1,6.000 TL
Battalgazi / Merkez,2+1,13.000 TL
Yeşilyurt / Köyler,3+1,7.500 TL
Battalgazi / Merkez,2+0,17.750 TL
Battalgazi / Merkez,3+1,10.000 TL
Yeşilyurt / Merkez,2+1,17.000 TL
Battalgazi / Merkez,2+1,15.000 TL
Yeşilyurt,3+1,18.500 TL
Battalgazi / Merkez,3+1,14.000 TL
Yeşilyurt / Merkez,2+1,17.000 TL
Yeşilyurt / Merkez,3+1,15.000 TL
Yeşilyurt / Merkez,2+1,10.000 TL
Battalgazi / Merkez,3+1,11.500 TL
Battalgazi / Merkez,2+1,14.000 TL
Battalgazi,3+1,12.500 TL
Battalgazi / Merkez,3+1,12.500 TL
Battalgazi / Merkez,2+1,12.000 TL
Yeşilyurt / Merkez,3+1,18.000 TL
Battalgazi / Merkez,2+1,18.000 TL
Battalgazi / Merkez,3+1,18.500 TL
Battalgazi / Merkez,3+1,13.000 TL
Battalgazi / Merkez,3+1,15.500 TL
Battalgazi / Merkez,3+1,13.000 TL
Yeşilyurt / Merkez,2+1,13.500 TL
Yeşilyurt / Merkez,1+1,10.000 TL
Yeşilyurt / Merkez,3+1,18.000 TL
Yeşilyurt / Merkez,1+1,12.000 TL
Yeşilyurt,3+1,19.000 TL
Yeşilyurt / Köyler,3+1,8.000 TL
Battalgazi / Merkez,2+1,19.000 TL
Battalgazi / Merkez,3+1,13.000 TL
Battalgazi / Merkez,3+1,10.000 TL
Yeşilyurt,3+1,19.000 TL
Battalgazi / Merkez,3+1,16.000 TL
Battalgazi / Merkez,3+1,15.000 TL
Battalgazi / Merkez,3+1,15.000 TL
Battalgazi / Merkez,3+1,19.000 TL
Yeşilyurt / Köyler,3+1,14.000 TL
Battalgazi / Merkez,3+1,15.000 TL
Battalgazi / Merkez,3+1,15.000 TL
Battalgazi / Merkez,1+1,17.500 TL
Battalgazi / Merkez,3+1,18.000 TL
Battalgazi / Merkez,3+1,19.500 TL
Battalgazi / Merkez,1+1,16.000 TL
Yeşilyurt / Köyler,2+1,7.000 TL
Yeşilyurt / Merkez,3+1,12.000 TL
Yeşilyurt,3+1,16.000 TL
Yeşilyurt / Merkez,3+1,17.500 TL
Battalgazi / Merkez,3+1,16.000 TL
Battalgazi / Merkez,2+1,11.000 TL
Yeşilyurt / Merkez,1+1,19.500 TL
Battalgazi / Merkez,3+1,18.250 TL
Battalgazi / Merkez,3+1,13.000 TL
Battalgazi / Merkez,2+1,13.000 TL
Yeşilyurt / Köyler,2+1,15.000 TL
Battalgazi / Merkez,2+1,17.500 TL
Battalgazi / Merkez,3+1,13.000 TL
Battalgazi / Merkez,1+1,18.500 TL
Battalgazi / Merkez,2+0,17.000 TL
Yeşilyurt / Köyler,3+1,18.000 TL
Yeşilyurt,3+1,17.000 TL
Yeşilyurt / Köyler,3.5+1,15.500 TL
Yeşilyurt,3+1,18.500 TL
Yeşilyurt / Merkez,3+1,17.000 TL
Battalgazi / Merkez,3+1,13.500 TL
Battalgazi / Merkez,2+1,18.000 TL
Battalgazi / Merkez,2+1,13.000 TL
Battalgazi / Merkez,1+1,18.500 TL
Yeşilyurt / Köyler,3+1,8.000 TL
Battalgazi / Merkez,3+1,14.000 TL
Yeşilyurt / Merkez,3+1,18.000 TL
Doğanşehir / Köyler,3+1,5.000 TL
Akçadağ,2+1,14.000 TL
Yeşilyurt / Merkez,3+1,11.000 TL
Yeşilyurt / Köyler,3+1,7.500 TL
Yeşilyurt / Merkez,3+1,19.000 TL
Battalgazi / Merkez,3+1,15.000 TL
Yeşilyurt,3+1,15.500 TL
Battalgazi / Merkez,3+1,17.000 TL
Yeşilyurt / Merkez,2+1,13.000 TL
Yeşilyurt / Köyler,3+1,7.500 TL
Yeşilyurt / Merkez,3+1,18.000 TL
Battalgazi / Merkez,2+1,10.000 TL
Yeşilyurt / Merkez,2+1,15.500 TL
Yeşilyurt / Köyler,3+1,10.500 TL
Battalgazi / Merkez,3+1,18.500 TL
Battalgazi / Merkez,3+1,13.000 TL
Battalgazi / Merkez,3+1,13.500 TL
Yeşilyurt / Merkez,1+1,8.500 TL
Battalgazi / Merkez,2+0,14.500 TL
Yeşilyurt / Köyler,3+1,8.000 TL
Battalgazi / Merkez,Stüdyo (1+0),16.000 TL
Yeşilyurt / Köyler,3+1,10.000 TL
Yeşilyurt / Merkez,3+1,15.000 TL
Battalgazi / Merkez,2+1,10.000 TL
Yeşilyurt / Merkez,3+1,18.500 TL
Yeşilyurt / Köyler,3+1,7.500 TL
Yeşilyurt / Köyler,3+1,17.000 TL
Battalgazi / Merkez,2+1,11.000 TL
Yeşilyurt,3+1,18.750 TL
Battalgazi,2+1,12.000 TL
Battalgazi / Merkez,2+1,13.000 TL
Yeşilyurt / Köyler,3+1,8.500 TL
Battalgazi / Merkez,2+1,12.000 TL
Battalgazi / Merkez,4+1,17.000 TL
Battalgazi / Merkez,2+1,17.500 TL
Battalgazi / Merkez,2+1,13.500 TL
Battalgazi / Merkez,3+1,15.999 TL
Battalgazi / Merkez,3+1,18.500 TL
Battalgazi / Merkez,2+0,17.900 TL
Yeşilyurt / Köyler,3+1,14.000 TL
Yeşilyurt / Köyler,1+1,8.000 TL
Yeşilyurt / Köyler,3+1,15.000 TL
Battalgazi / Merkez,3+1,12.000 TL
Battalgazi / Merkez,3+1,13.500 TL
Battalgazi / Merkez,3+1,11.000 TL
Battalgazi / Merkez,3+1,11.000 TL
Yeşilyurt / Köyler,3+1,7.500 TL
Yeşilyurt / Köyler,3+1,12.000 TL
Yeşilyurt / Köyler,3+1,10.000 TL
Yeşilyurt,3+1,16.250 TL
Battalgazi / Merkez,2+1,13.000 TL
Battalgazi / Merkez,1+1,9.000 TL
Yeşilyurt / Köyler,3+1,10.000 TL
Yeşilyurt / Merkez,4+1,19.000 TL
Battalgazi / Merkez,2+1,10.000 TL
Battalgazi / Merkez,4+1,14.500 TL
Yeşilyurt / Merkez,2+1,12.250 TL
Yeşilyurt / Köyler,3+1,8.500 TL
Yeşilyurt / Köyler,3+1,6.500 TL
Yeşilyurt / Merkez,1+1,13.500 TL
Yeşilyurt / Köyler,3+1,19.500 TL
Battalgazi / Merkez,3+1,16.500 TL
Yeşilyurt / Köyler,2+1,17.500 TL
Battalgazi / Merkez,2+1,14.000 TL
Yeşilyurt / Merkez,3+1,13.750 TL
Yeşilyurt / Köyler,3+1,10.000 TL
Yeşilyurt / Merkez,2+1,11.000 TL
Yeşilyurt / Merkez,3+1,18.000 TL
Battalgazi / Merkez,3+1,15.000 TL
Battalgazi / Merkez,3+1,12.000 TL
Yeşilyurt / Merkez,2+0,12.000 TL
Battalgazi / Merkez,2+1,18.500 TL
Battalgazi / Merkez,3+1,10.000 TL
Battalgazi / Merkez,3+1,15.000 TL
Battalgazi / Merkez,3+1,15.000 TL
Yeşilyurt / Merkez,2+1,14.000 TL
Battalgazi / Merkez,3+1,17.000 TL
Battalgazi / Merkez,4+1,15.500 TL
Battalgazi / Merkez,3+1,14.500 TL
Yeşilyurt / Merkez,3+1,16.900 TL
Battalgazi / Merkez,3+1,10.500 TL
Battalgazi / Merkez,3+1,14.000 TL
Battalgazi / Merkez,2+1,13.000 TL
Yeşilyurt / Merkez,2+1,11.000 TL
Yeşilyurt / Köyler,3+1,8.750 TL
Battalgazi / Merkez,3+1,16.000 TL
Yeşilyurt,3+1,17.000 TL
Battalgazi / Merkez,3+1,18.000 TL
Battalgazi / Merkez,3+1,15.000 TL
Yeşilyurt / Köyler,2+1,10.000 TL
Battalgazi / Merkez,3+1,15.000 TL
Yeşilyurt / Köyler,3+1,9.000 TL
Yeşilyurt / Köyler,2+1,18.000 TL
Battalgazi / Merkez,2+1,18.000 TL
Battalgazi / Merkez,2+1,15.000 TL
Battalgazi / Merkez,4+1,19.000 TL
Battalgazi / Merkez,1+1,18.500 TL
Battalgazi / Merkez,2+1,13.000 TL
Battalgazi / Merkez,2+1,9.000 TL
Yeşilyurt / Merkez,3+1,17.500 TL
Battalgazi / Merkez,3+1,15.000 TL
Battalgazi / Merkez,2+1,15.000 TL
Battalgazi / Merkez,3+1,14.000 TL
Battalgazi / Merkez,2+1,12.500 TL
Battalgazi / Merkez,2+1,10.000 TL
Yeşilyurt / Köyler,3+1,19.000 TL
Yeşilyurt / Köyler,3+1,10.000 TL
Yeşilyurt / Köyler,3+1,18.500 TL
Battalgazi / Merkez,3+1,18.000 TL
Yeşilyurt / Köyler,3+1,7.750 TL
Yeşilyurt / Köyler,3+1,8.000 TL
Yeşilyurt / Köyler,3+1,15.000 TL
Battalgazi / Merkez,3+1,11.000 TL
Battalgazi / Merkez,2+1,13.500 TL
Yeşilyurt,3+1,17.000 TL
Yeşilyurt / Köyler,3+1,14.000 TL
Battalgazi / Merkez,2+1,17.500 TL
Battalgazi / Merkez,2+1,11.000 TL
Yeşilyurt / Köyler,3+1,15.000 TL
Battalgazi / Merkez,3+1,15.000 TL
Battalgazi / Merkez,2+1,12.500 TL
Battalgazi / Merkez,3+1,14.000 TL
Yeşilyurt / Merkez,3+1,15.000 TL
Yeşilyurt / Merkez,3+1,15.500 TL
Battalgazi / Merkez,3+1,15.000 TL
Battalgazi / Merkez,3+1,15.000 TL
Battalgazi / Merkez,3+1,13.999 TL
Battalgazi / Merkez,2+1,14.500 TL
Yeşilyurt / Köyler,3+1,18.500 TL
Yeşilyurt / Köyler,3+1,16.000 TL
Battalgazi / Merkez,2+1,12.500 TL
Battalgazi / Merkez,2+1,16.000 TL
Battalgazi / Merkez,3+1,17.000 TL
Battalgazi / Merkez,3+1,15.000 TL
Doğanşehir / Köyler,3+1,6.000 TL
Battalgazi / Merkez,1+1,16.500 TL
Battalgazi / Merkez,3+1,17.000 TL
Battalgazi / Merkez,3+1,16.000 TL
Battalgazi / Merkez,3+1,16.000 TL
Yeşilyurt / Köyler,3+1,15.000 TL
Battalgazi / Merkez,3+1,14.999 TL
Yeşilyurt / Merkez,2+1,12.500 TL
Yeşilyurt / Merkez,2+1,12.000 TL
Battalgazi / Merkez,3+1,19.000 TL
Battalgazi / Merkez,2+1,12.500 TL
Battalgazi / Merkez,3+1,16.750 TL
Yeşilyurt / Merkez,2+1,15.000 TL
Yeşilyurt / Köyler,3+1,15.000 TL
Battalgazi,3+1,12.500 TL
Yeşilyurt / Merkez,2+1,15.000 TL
Yeşilyurt / Köyler,3+1,19.000 TL
Akçadağ,2+1,12.750 TL
Yeşilyurt / Köyler,3+1,14.000 TL
Yeşilyurt / Köyler,3+1,10.000 TL
Battalgazi / Merkez,3+1,10.500 TL
Darende,3+1,11.000 TL
Battalgazi / Merkez,1+1,15.000 TL
Yeşilyurt / Merkez,2+1,10.000 TL
Battalgazi / Merkez,2+1,12.500 TL
Yeşilyurt / Köyler,3+1,11.500 TL
Battalgazi / Merkez,2.5+1,18.000 TL
Yeşilyurt / Köyler,3+1,8.500 TL
Battalgazi / Merkez,3+1,18.000 TL
Yeşilyurt / Merkez,1+1,15.000 TL
Battalgazi / Merkez,1+1,8.500 TL
Yeşilyurt / Köyler,3+1,15.000 TL
Battalgazi / Merkez,3+1,8.500 TL
Battalgazi / Merkez,3+1,17.000 TL
Battalgazi / Merkez,3+1,16.000 TL
Battalgazi / Merkez,3+1,19.500 TL
Yeşilyurt / Köyler,3+1,17.500 TL
Battalgazi / Merkez,2+1,15.000 TL
Yeşilyurt / Merkez,3+1,16.000 TL
Battalgazi / Merkez,3+1,15.000 TL
Yeşilyurt / Merkez,1+1,10.000 TL
Battalgazi / Merkez,1+1,16.000 TL
Yeşilyurt / Merkez,3+1,18.000 TL
Yeşilyurt / Merkez,3+1,18.500 TL
Yeşilyurt / Merkez,3+1,19.000 TL
Battalgazi / Merkez,1+1,10.500 TL
Yeşilyurt,2+1,18.000 TL
Battalgazi / Merkez,2+1,17.000 TL
Battalgazi / Merkez,3+1,9.000 TL
Battalgazi / Merkez,2+1,13.000 TL
Yeşilyurt / Köyler,3+1,8.000 TL
Battalgazi / Merkez,3+1,10.000 TL
Yeşilyurt / Köyler,3+1,8.000 TL
Battalgazi / Merkez,3+1,19.000 TL
Battalgazi / Merkez,3+1,12.000 TL
Battalgazi / Merkez,2+1,19.000 TL
Yeşilyurt / Merkez,2+1,10.500 TL
Yeşilyurt / Merkez,2+1,13.000 TL
Battalgazi / Merkez,3+1,13.000 TL
Yeşilyurt / Köyler,3+1,18.500 TL
Yeşilyurt / Merkez,2+1,18.000 TL
Yeşilyurt,3+1,18.250 TL
Yeşilyurt / Merkez,2+1,15.000 TL
Battalgazi / Merkez,2+1,18.000 TL
Yeşilyurt / Merkez,3+1,12.000 TL
Yeşilyurt / Köyler,3+1,10.000 TL
Battalgazi / Merkez,3+1,11.500 TL
Yeşilyurt / Merkez,3+1,16.500 TL
Battalgazi / Merkez,2+1,9.500 TL
Battalgazi / Merkez,3+1,13.000 TL
Battalgazi / Merkez,3+1,17.000 TL
Yeşilyurt / Merkez,3+1,14.000 TL
Yeşilyurt / Köyler,3.5+1,8.000 TL
Yeşilyurt / Merkez,3+1,14.500 TL
Battalgazi / Merkez,2+1,15.000 TL
Battalgazi / Merkez,2+1,13.500 TL
Yeşilyurt,3+1,18.000 TL
Yeşilyurt,4+1,18.000 TL
Battalgazi / Merkez,3+1,15.000 TL
Yeşilyurt / Köyler,3+1,9.000 TL
Battalgazi / Merkez,3+1,14.000 TL
Battalgazi / Merkez,1+1,18.500 TL
Yeşilyurt,3+1,19.000 TL
Battalgazi / Merkez,3+1,12.000 TL
Yeşilyurt / Merkez,2+1,15.000 TL
Yeşilyurt / Merkez,2+1,18.000 TL
Yeşilyurt / Merkez,4+1,18.000 TL
Yeşilyurt / Merkez,3+1,15.000 TL
Battalgazi / Merkez,3+1,13.000 TL
Battalgazi / Merkez,2+1,14.000 TL
Battalgazi / Merkez,3+1,14.000 TL
Yeşilyurt / Merkez,2+1,16.000 TL
Battalgazi / Merkez,3+1,12.000 TL
Yeşilyurt,3+1,15.000 TL
Battalgazi / Merkez,2+1,7.000 TL
Battalgazi / Merkez,3+1,12.000 TL
Yeşilyurt / Köyler,3+1,10.000 TL
Yeşilyurt / Merkez,3+1,18.000 TL
Yeşilyurt / Merkez,2+1,12.000 TL
Battalgazi / Merkez,2+1,15.000 TL
Battalgazi / Merkez,3+1,19.400 TL
Battalgazi,2+1,13.000 TL
Yeşilyurt / Merkez,1+1,11.000 TL
Yeşilyurt / Köyler,4+1,18.000 TL
Battalgazi / Merkez,3+1,17.500 TL
Battalgazi / Merkez,3+1,12.000 TL
Yeşilyurt,4+1,15.000 TL
Yeşilyurt / Merkez,3+1,13.000 TL
Yeşilyurt / Köyler,3+1,7.000 TL
Battalgazi / Merkez,1+1,15.000 TL
Yeşilyurt / Köyler,3+1,8.000 TL
Yeşilyurt / Köyler,3+1,8.000 TL
Battalgazi / Merkez,1+1,12.500 TL
Battalgazi / Merkez,2+1,17.000 TL
Battalgazi / Merkez,3+1,15.250 TL
Yeşilyurt / Köyler,3+1,8.500 TL
Battalgazi / Merkez,3+1,11.000 TL
Yeşilyurt / Köyler,3+1,10.000 TL
Battalgazi / Merkez,3+1,19.000 TL
Yeşilyurt,3+1,15.000 TL
Yeşilyurt / Köyler,3+1,14.500 TL
Battalgazi / Merkez,3+1,15.000 TL
Battalgazi / Merkez,1+1,19.500 TL
Yeşilyurt / Merkez,3+1,12.500 TL
Battalgazi / Merkez,3+1,12.000 TL
Battalgazi / Merkez,3+1,11.000 TL
Battalgazi / Merkez,1+1,16.500 TL
Battalgazi / Merkez,2+1,10.000 TL
Battalgazi / Merkez,2+1,12.000 TL
Battalgazi / Merkez,3+1,12.000 TL
Battalgazi / Merkez,3+1,15.000 TL
Yeşilyurt / Köyler,3+1,15.500 TL
Yeşilyurt / Köyler,3+1,8.000 TL
Yeşilyurt / Köyler,3+1,7.500 TL
Battalgazi / Merkez,3+1,10.000 TL
Yeşilyurt / Köyler,3+1,14.000 TL
Yeşilyurt / Köyler,3+1,7.500 TL
Battalgazi / Merkez,1+1,18.500 TL
Yeşilyurt,3+1,17.000 TL
Battalgazi / Merkez,3+1,16.000 TL
Battalgazi / Merkez,3+1,10.750 TL
Yeşilyurt / Merkez,3.5+1,18.000 TL
Battalgazi / Merkez,1+1,15.000 TL
Battalgazi / Merkez,2+1,15.750 TL
Yeşilyurt / Merkez,2+1,15.500 TL
Yeşilyurt / Merkez,3+1,15.000 TL
Battalgazi / Merkez,2+1,11.750 TL
Battalgazi / Merkez,2.5+1,14.500 TL
Yeşilyurt / Köyler,3+1,10.000 TL
Battalgazi / Merkez,1+1,16.000 TL
Yeşilyurt / Merkez,3+1,17.000 TL
Yeşilyurt / Merkez,3+1,15.000 TL
Battalgazi / Merkez,3+1,14.000 TL
Yeşilyurt / Köyler,3+1,11.000 TL
Yeşilyurt / Köyler,3+1,8.000 TL
Battalgazi / Merkez,1+1,12.500 TL
Yeşilyurt / Köyler,3+1,17.000 TL
Hekimhan,3+1,10.000 TL
Yeşilyurt / Merkez,3+1,18.500 TL
Yeşilyurt / Merkez,3+1,15.000 TL
Yeşilyurt / Köyler,3+1,7.500 TL
Yeşilyurt,3+1,7.500 TL
Battalgazi / Merkez,2+1,12.000 TL
Hekimhan,2+1,12.000 TL
Kale / Köyler,2+1,10.000 TL
Battalgazi / Merkez,3+1,18.000 TL
Battalgazi / Merkez,3+1,13.000 TL
Yeşilyurt / Köyler,3+1,19.000 TL
Yeşilyurt / Köyler,3+1,7.500 TL
Yeşilyurt / Merkez,2+1,16.500 TL
Yeşilyurt / Köyler,3+1,11.000 TL
Battalgazi / Merkez,3+1,18.500 TL
Battalgazi / Merkez,5+1,17.000 TL
Yeşilyurt / Merkez,3+1,15.000 TL
Yeşilyurt,3+1,18.500 TL
Yeşilyurt / Merkez,2+1,14.000 TL
Yeşilyurt / Köyler,3+1,7.500 TL
Battalgazi / Merkez,3+1,12.000 TL
Yeşilyurt / Merkez,1+1,8.500 TL
Yeşilyurt / Merkez,2+1,17.000 TL
Yeşilyurt / Köyler,3.5+1,9.500 TL
Yeşilyurt / Merkez,1+1,8.000 TL
Battalgazi / Merkez,3+1,15.000 TL
Battalgazi / Merkez,3.5+1,13.500 TL
Battalgazi / Merkez,3+1,19.000 TL
Battalgazi / Merkez,3+1,18.000 TL
Yeşilyurt / Köyler,3+1,7.500 TL
Yeşilyurt / Merkez,2+1,12.500 TL
Yeşilyurt,3+1,17.500 TL
Battalgazi / Merkez,3+1,15.000 TL
Battalgazi / Merkez,3+1,13.000 TL
Yeşilyurt / Merkez,3+1,6.000 TL
Battalgazi / Merkez,3+1,16.000 TL
Battalgazi / Merkez,1+1,18.000 TL
Yeşilyurt / Merkez,2+1,12.000 TL
Yeşilyurt,3+1,15.000 TL
Yeşilyurt / Merkez,3+1,16.000 TL
Yeşilyurt,3+1,18.000 TL
Yeşilyurt / Köyler,3+1,19.500 TL
Battalgazi / Merkez,1+1,19.000 TL
Yeşilyurt / Merkez,1+1,12.500 TL
Battalgazi / Merkez,3+1,13.000 TL
Battalgazi / Merkez,3+1,15.000 TL
Yeşilyurt / Köyler,3+1,8.000 TL
Battalgazi / Merkez,2+1,14.500 TL
Battalgazi / Merkez,3+1,18.000 TL
Yeşilyurt / Köyler,3+1,16.450 TL
Battalgazi / Merkez,1+1,18.900 TL
Akçadağ / Köyler,3+1,9.000 TL
Battalgazi / Merkez,2+1,13.000 TL
Battalgazi / Merkez,1+1,19.250 TL
Kale / Köyler,2+1,9.000 TL
Arapgir,3+1,1.400 TL
Yeşilyurt / Merkez,3+1,17.000 TL
Battalgazi / Merkez,3+1,14.000 TL
Yeşilyurt / Merkez,3+1,19.000 TL
Yeşilyurt / Merkez,3+1,16.000 TL
Yeşilyurt,3+1,16.000 TL
Battalgazi / Merkez,3+1,16.000 TL
Yeşilyurt / Köyler,3+1,16.000 TL
Battalgazi / Merkez,3+1,15.000 TL
Yeşilyurt / Merkez,1+1,15.000 TL
Yeşilyurt / Köyler,3+1,6.500 TL
Battalgazi / Merkez,2+1,13.500 TL
Doğanşehir,3+1,10.000 TL
Yeşilyurt / Merkez,2+1,14.000 TL
Yeşilyurt / Merkez,3+1,18.000 TL
Battalgazi / Merkez,3+1,16.000 TL
Yeşilyurt / Köyler,3+1,18.700 TL
Battalgazi / Merkez,1+1,19.500 TL
Yeşilyurt / Köyler,3+1,16.500 TL
Yeşilyurt / Köyler,3+1,9.000 TL
Yeşilyurt / Köyler,3+1,11.000 TL
Yeşilyurt / Köyler,3+1,13.500 TL
Yeşilyurt / Merkez,3+1,15.000 TL
Battalgazi / Merkez,3+1,8.000 TL
Yeşilyurt / Köyler,3+1,8.000 TL
Yeşilyurt / Köyler,3+1,18.000 TL
Battalgazi / Merkez,3+1,16.000 TL
Yeşilyurt / Köyler,3+1,13.000 TL
Battalgazi / Merkez,3+1,17.500 TL
Battalgazi / Merkez,3+1,15.000 TL
Battalgazi / Merkez,2+0,17.900 TL
Battalgazi / Merkez,3+1,16.000 TL
Battalgazi / Merkez,2+1,15.000 TL
Yeşilyurt,3+1,16.000 TL
Battalgazi / Merkez,3+1,19.500 TL
Battalgazi / Merkez,3+1,10.500 TL
Battalgazi / Merkez,3+1,10.000 TL
Battalgazi / Merkez,3+1,15.000 TL
Battalgazi / Merkez,2+1,10.000 TL
Battalgazi / Merkez,3+1,16.500 TL
Yeşilyurt / Merkez,1+1,8.500 TL
Yeşilyurt / Köyler,3+1,6.500 TL
Doğanşehir / Köyler,3+1,10.000 TL
Battalgazi / Merkez,3+1,15.000 TL
Yeşilyurt / Köyler,3+1,9.000 TL
Yeşilyurt / Köyler,3+1,12.000 TL
Yeşilyurt / Merkez,1+1,17.000 TL
Battalgazi / Merkez,3+1,16.500 TL
Battalgazi / Merkez,3+1,16.000 TL
Battalgazi / Merkez,3+1,14.000 TL
Yeşilyurt / Merkez,3+1,17.500 TL
Battalgazi / Merkez,3+1,17.000 TL
Battalgazi / Merkez,2+1,11.500 TL
Yeşilyurt / Merkez,3+1,15.000 TL
Yeşilyurt,3+1,18.000 TL
Battalgazi / Merkez,3+1,11.000 TL
Yeşilyurt / Merkez,3+1,18.000 TL
Battalgazi / Merkez,3+1,13.500 TL
Yeşilyurt / Merkez,4+1,15.000 TL
Kale / Köyler,2+1,6.500 TL
Battalgazi / Merkez,3+1,10.000 TL
Battalgazi / Merkez,3+1,12.000 TL
Yeşilyurt / Merkez,2+1,11.000 TL
Yeşilyurt / Köyler,3+1,10.000 TL
Yeşilyurt / Merkez,3+1,14.000 TL
Yeşilyurt / Merkez,3+1,15.000 TL
Yeşilyurt / Merkez,3+1,13.000 TL
Yeşilyurt / Merkez,2+1,19.000 TL
Yeşilyurt / Merkez,3+1,14.000 TL
Yeşilyurt / Merkez,2+1,15.000 TL
Battalgazi / Merkez,3+1,13.000 TL
Battalgazi / Merkez,3+1,14.000 TL
Battalgazi / Merkez,3+1,15.000 TL
Yeşilyurt / Merkez,2+1,10.000 TL
Yeşilyurt / Köyler,3+1,15.000 TL
Battalgazi / Merkez,3+1,14.000 TL
Battalgazi / Merkez,1+1,19.000 TL
Yeşilyurt / Merkez,3+1,15.000 TL
Yeşilyurt / Köyler,3+1,8.500 TL
Darende,2+1,15.000 TL
Battalgazi / Merkez,2+1,11.000 TL
Yeşilyurt / Köyler,3+1,8.000 TL
Yeşilyurt / Merkez,3+1,12.000 TL
Arapgir,2+1,12.000 TL
Yeşilyurt / Köyler,3+1,8.000 TL
Yeşilyurt / Merkez,3+1,14.500 TL
Battalgazi / Merkez,3+1,18.000 TL
Yeşilyurt / Merkez,3+1,18.000 TL
Yeşilyurt / Merkez,3+1,19.000 TL
Yeşilyurt / Köyler,3+1,9.000 TL
Yeşilyurt / Merkez,3+1,13.000 TL
Yeşilyurt / Merkez,3+1,16.000 TL
Battalgazi / Merkez,3+1,12.000 TL
Battalgazi / Merkez,3+1,14.500 TL
Yeşilyurt / Merkez,2+1,12.000 TL
Yeşilyurt / Köyler,3+1,10.000 TL
Yeşilyurt / Köyler,3+1,10.500 TL
Battalgazi / Merkez,1+1,18.000 TL
Battalgazi / Merkez,3+1,10.500 TL
Battalgazi / Merkez,3+1,17.000 TL
Yeşilyurt / Merkez,2+1,12.000 TL
Battalgazi / Merkez,1+1,10.000 TL
Battalgazi / Merkez,2+1,13.000 TL
Battalgazi / Merkez,3+1,15.000 TL
Yeşilyurt / Merkez,3+1,15.000 TL
Yeşilyurt / Köyler,3.5+1,8.000 TL
Battalgazi / Merkez,3+1,16.000 TL
Battalgazi / Merkez,3+1,15.000 TL
Yeşilyurt / Merkez,2+1,18.000 TL
Battalgazi / Merkez,1+1,11.500 TL
Battalgazi / Merkez,2+1,17.900 TL
Battalgazi / Merkez,3+1,12.250 TL
Battalgazi / Merkez,2+1,15.000 TL
Yeşilyurt / Merkez,3+1,17.000 TL
Yeşilyurt / Köyler,3+1,17.500 TL
Yeşilyurt / Merkez,3+1,10.000 TL
Battalgazi / Merkez,3+1,14.000 TL
Battalgazi / Merkez,3+1,15.000 TL
Yeşilyurt,3+1,16.500 TL
Battalgazi / Merkez,3+1,11.000 TL
Battalgazi / Merkez,3+1,16.500 TL
Battalgazi / Merkez,3+1,12.000 TL
Battalgazi / Merkez,3+1,15.000 TL
Yeşilyurt / Merkez,3+1,14.000 TL
Battalgazi / Merkez,3+1,11.000 TL
Battalgazi / Merkez,3+1,18.000 TL
Battalgazi / Merkez,3+1,17.000 TL
Akçadağ,3+1,10.000 TL
Yeşilyurt / Köyler,3+1,15.000 TL
Yeşilyurt,3+1,17.000 TL
Yeşilyurt / Köyler,3+1,8.500 TL
Battalgazi / Merkez,3+1,12.000 TL
Yeşilyurt / Merkez,4+1,19.000 TL
Yeşilyurt / Köyler,3+1,7.500 TL
Battalgazi / Merkez,3+1,13.000 TL
Yeşilyurt / Köyler,3+1,17.500 TL
Yeşilyurt / Köyler,3+1,18.000 TL
Battalgazi / Merkez,3+1,12.000 TL
Battalgazi / Merkez,3+1,12.000 TL
Battalgazi / Merkez,2+1,14.750 TL
Yeşilyurt / Köyler,4+1,18.000 TL
Yeşilyurt / Merkez,3+1,16.000 TL
Battalgazi / Merkez,3+1,14.000 TL
Yeşilyurt / Köyler,3+1,7.000 TL
Battalgazi / Merkez,2+1,13.000 TL
Battalgazi / Merkez,2+1,11.500 TL
Yeşilyurt / Merkez,2+1,16.000 TL
Yeşilyurt / Köyler,3+1,11.000 TL
Yeşilyurt / Merkez,3+1,15.500 TL
Yeşilyurt / Merkez,1+1,10.500 TL
Battalgazi / Merkez,2+1,14.000 TL
Yeşilyurt,4+1,19.000 TL
Yeşilyurt / Merkez,2.5+1,13.500 TL
Yeşilyurt / Merkez,3+1,17.500 TL
Battalgazi / Merkez,3+1,15.000 TL
Battalgazi / Merkez,2+1,11.000 TL
Yeşilyurt / Merkez,3+1,19.000 TL
Yeşilyurt / Köyler,3+1,7.500 TL
Yeşilyurt / Merkez,1+1,13.000 TL
Battalgazi / Merkez,3+1,18.500 TL
Battalgazi / Merkez,2+1,10.000 TL
Battalgazi / Merkez,2+1,18.000 TL
Yeşilyurt / Köyler,3+1,10.000 TL
Battalgazi / Merkez,2+1,16.000 TL
Yeşilyurt / Köyler,3+1,10.000 TL
Yeşilyurt / Köyler,3+1,10.000 TL
Battalgazi / Merkez,2+1,12.500 TL
Yeşilyurt / Merkez,2+1,10.000 TL
Battalgazi / Merkez,2+1,15.250 TL
Battalgazi / Merkez,3+1,13.500 TL
Yeşilyurt / Merkez,2+0,10.000 TL
Yeşilyurt / Köyler,3+1,8.500 TL
Battalgazi / Merkez,2+1,16.000 TL
Yeşilyurt / Merkez,3+1,19.500 TL
Battalgazi / Merkez,2+1,18.000 TL
Yeşilyurt / Köyler,3+1,8.500 TL
Battalgazi / Merkez,3+1,16.500 TL
Battalgazi / Merkez,3+1,15.500 TL
Battalgazi / Merkez,2+1,12.000 TL
Battalgazi / Merkez,Stüdyo (1+0),17.500 TL
Battalgazi / Merkez,4+1,19.500 TL
Battalgazi / Merkez,3+1,17.000 TL
Battalgazi / Merkez,2+1,15.000 TL
Darende,3+1,16.000 TL
Yeşilyurt,3+1,18.000 TL
Yeşilyurt / Merkez,1+1,9.000 TL
Yeşilyurt / Köyler,3+1,18.500 TL
Battalgazi / Merkez,2+1,13.000 TL
Battalgazi / Merkez,3+1,16.000 TL
Battalgazi / Merkez,3+1,12.000 TL
Yeşilyurt / Merkez,4+1,18.500 TL
Yeşilyurt / Merkez,2+1,14.750 TL
Yeşilyurt,3+1,15.000 TL
Battalgazi / Merkez,1+1,10.500 TL
Battalgazi / Merkez,3+1,16.000 TL
Yeşilyurt / Merkez,3+1,18.500 TL
Yeşilyurt / Merkez,3+1,14.000 TL
Yeşilyurt / Köyler,3+1,18.000 TL
Yeşilyurt / Köyler,3+1,16.000 TL
Yeşilyurt / Köyler,3+1,10.000 TL
Yeşilyurt / Köyler,3+1,18.000 TL
Yeşilyurt / Köyler,3+1,8.500 TL
Battalgazi / Merkez,2+1,12.000 TL
Darende,2+1,12.000 TL
Battalgazi / Merkez,2+2,14.500 TL
Yeşilyurt / Köyler,3+1,16.500 TL
Yeşilyurt / Merkez,3+1,14.000 TL
Yeşilyurt,2+1,17.000 TL
Battalgazi / Merkez,3+1,10.000 TL
Battalgazi / Merkez,2+1,14.500 TL
Battalgazi / Merkez,2+1,12.000 TL
Battalgazi / Merkez,2+1,13.000 TL
Battalgazi / Merkez,2+1,12.000 TL
Battalgazi / Merkez,3+1,16.000 TL
Battalgazi / Merkez,1+1,18.500 TL
Yeşilyurt / Köyler,3+1,7.500 TL
Yeşilyurt / Köyler,3+1,7.400 TL
Battalgazi / Merkez,3+1,16.000 TL
Battalgazi / Merkez,1+1,24.000 TL
Battalgazi / Merkez,2+1,35.000 TL
Yeşilyurt / Merkez,3+1,26.000 TL
Battalgazi / Merkez,2+1,25.000 TL
Battalgazi / Merkez,1+1,20.000 TL
Yeşilyurt / Merkez,1+1,20.000 TL
Battalgazi / Merkez,2+1,20.000 TL
Yeşilyurt / Merkez,3+1,25.000 TL
Battalgazi / Merkez,2+1,35.000 TL
Yeşilyurt / Köyler,3+1,30.000 TL
Battalgazi / Merkez,1+1,23.000 TL
Battalgazi / Merkez,2+1,25.000 TL
Battalgazi / Merkez,3+1,20.500 TL
Battalgazi / Merkez,3+1,21.000 TL
Battalgazi / Merkez,2+0,32.500 TL
Battalgazi / Merkez,1+1,23.000 TL
Battalgazi / Köyler,2+1,25.000 TL
Yeşilyurt / Merkez,3+1,25.000 TL
Battalgazi / Merkez,2+1,23.000 TL
Battalgazi / Merkez,3+1,25.000 TL
Yeşilyurt,3+1,22.000 TL
Yeşilyurt / Merkez,4+1,25.000 TL
Battalgazi / Merkez,3+1,21.000 TL
Yeşilyurt / Merkez,3+1,23.000 TL
Battalgazi / Merkez,3+1,24.000 TL
Battalgazi / Merkez,3+1,20.000 TL
Yeşilyurt / Merkez,1+1,25.000 TL
Battalgazi / Merkez,2+1,26.000 TL
Battalgazi / Merkez,2+1,20.000 TL
Yeşilyurt / Merkez,4+1,20.000 TL
Battalgazi / Merkez,3+1,24.500 TL
Battalgazi / Merkez,2+1,22.000 TL
Yeşilyurt / Merkez,4+1,30.000 TL
Yeşilyurt / Merkez,3+1,21.500 TL
Yeşilyurt / Merkez,3+1,23.000 TL
Battalgazi / Merkez,5+1,37.000 TL
Yeşilyurt / Merkez,4+1,25.000 TL
Yeşilyurt / Köyler,3+1,21.000 TL
Battalgazi / Merkez,5+1,35.000 TL
Yeşilyurt / Merkez,2+1,20.000 TL
Yeşilyurt / Merkez,3+1,22.000 TL
Yeşilyurt / Merkez,4+1,28.000 TL
Yeşilyurt / Merkez,4+1,27.500 TL
Battalgazi / Merkez,2+1,22.000 TL
Battalgazi / Merkez,3+1,20.000 TL
Yeşilyurt / Merkez,2+1,23.000 TL
Yeşilyurt / Merkez,4+1,26.000 TL
Yeşilyurt / Merkez,3+1,21.500 TL
Yeşilyurt / Merkez,3+1,20.000 TL
Battalgazi / Merkez,2+1,22.000 TL
Battalgazi / Merkez,3+1,22.000 TL
Yeşilyurt,4+1,25.000 TL
Battalgazi / Merkez,1+1,22.000 TL
Yeşilyurt / Merkez,2+1,20.000 TL
Yeşilyurt / Merkez,3+1,23.000 TL
Yeşilyurt / Merkez,3+1,20.000 TL
Battalgazi / Merkez,3+1,20.000 TL
Battalgazi / Merkez,3+1,20.000 TL
Yeşilyurt / Merkez,3+1,24.000 TL
Battalgazi / Merkez,3+1,20.000 TL
Yeşilyurt / Merkez,3+1,26.500 TL
Yeşilyurt / Merkez,3+1,22.000 TL
Yeşilyurt / Merkez,3+1,20.000 TL
Yeşilyurt / Merkez,3+1,20.000 TL
Battalgazi / Merkez,2+1,25.000 TL
Yeşilyurt / Merkez,3+1,23.000 TL
Yeşilyurt,3+1,20.000 TL
Yeşilyurt / Merkez,4+1,23.000 TL
Yeşilyurt,4+1,25.000 TL
Battalgazi / Merkez,3+1,25.000 TL
Yeşilyurt / Merkez,4+1,20.000 TL
Battalgazi / Merkez,3+1,30.000 TL
Yeşilyurt / Merkez,3+1,20.000 TL
Battalgazi / Merkez,3+1,25.000 TL
Yeşilyurt,3+1,20.000 TL
Battalgazi / Merkez,3+1,20.000 TL
Yeşilyurt / Merkez,3+1,20.000 TL
Battalgazi / Merkez,4+1,32.000 TL
Battalgazi / Merkez,3+1,20.000 TL
Battalgazi / Merkez,5+1,27.000 TL
Yeşilyurt / Merkez,3+1,22.500 TL
Battalgazi / Merkez,3+1,20.000 TL
Battalgazi / Merkez,1+1,23.000 TL
Battalgazi / Merkez,3+1,21.000 TL
Battalgazi / Merkez,3+1,30.000 TL
Yeşilyurt / Merkez,4+1,25.000 TL
Yeşilyurt / Merkez,4+1,33.000 TL
Yeşilyurt / Merkez,3+1,25.000 TL
Battalgazi / Merkez,3+1,30.000 TL
Battalgazi / Merkez,4+1,30.500 TL
Yeşilyurt / Merkez,3+1,25.000 TL
Yeşilyurt,3+1,20.000 TL
Yeşilyurt / Merkez,3+1,20.000 TL
Yeşilyurt / Merkez,2+1,20.000 TL
Yeşilyurt / Merkez,3+1,27.000 TL
Battalgazi / Merkez,2+1,22.000 TL
Battalgazi / Merkez,3+1,21.000 TL
Battalgazi / Merkez,5+1,20.000 TL
Yeşilyurt / Merkez,3+1,28.000 TL
Yeşilyurt / Merkez,4+1,23.000 TL
Yeşilyurt / Merkez,3+1,35.000 TL
Yeşilyurt / Merkez,3+1,25.000 TL
Battalgazi / Merkez,3+1,20.000 TL
Yeşilyurt / Merkez,1+1,20.000 TL
Yeşilyurt / Merkez,3+1,20.000 TL
Battalgazi / Merkez,2+1,20.000 TL
Yeşilyurt / Merkez,4+1,21.000 TL
Yeşilyurt / Merkez,3+1,22.000 TL
Battalgazi / Merkez,2+1,19.750 TL
Yeşilyurt / Merkez,4+1,35.500 TL
Battalgazi / Merkez,3+1,30.000 TL
Battalgazi / Merkez,2+1,35.000 TL
Yeşilyurt,3+1,20.500 TL
Yeşilyurt,4+1,26.000 TL
Yeşilyurt / Merkez,4+1,26.000 TL
Battalgazi / Merkez,4+1,28.000 TL
Yeşilyurt / Merkez,3+1,24.500 TL
Yeşilyurt / Merkez,4+1,22.750 TL
Yeşilyurt / Köyler,2+1,20.000 TL
Battalgazi / Merkez,2+1,23.000 TL
Battalgazi / Merkez,3+1,27.500 TL
Battalgazi / Merkez,1+1,21.000 TL
Battalgazi / Merkez,1+1,21.000 TL
Yeşilyurt / Köyler,3+1,20.000 TL
Yeşilyurt / Köyler,3+1,20.000 TL
Battalgazi / Merkez,3+1,21.000 TL
Yeşilyurt / Merkez,4+1,21.000 TL
Yeşilyurt / Merkez,2+1,21.500 TL
Yeşilyurt / Merkez,3+1,21.000 TL
Battalgazi / Merkez,5+1,25.000 TL
Yeşilyurt,4+1,20.000 TL
Yeşilyurt,3+1,20.000 TL
Yeşilyurt / Merkez,4+1,25.000 TL
Yeşilyurt / Merkez,2+1,23.000 TL
Yeşilyurt / Merkez,4+1,30.000 TL
Yeşilyurt / Merkez,4.5+1,23.500 TL
Yeşilyurt / Merkez,4+1,20.500 TL
Battalgazi / Merkez,1+1,22.000 TL
Yeşilyurt / Merkez,3+1,24.000 TL
Battalgazi / Merkez,1+1,23.000 TL
Yeşilyurt / Merkez,4+1,22.000 TL
Yeşilyurt,3+1,21.000 TL
Yeşilyurt,3+1,20.000 TL
Yeşilyurt / Merkez,1+1,24.000 TL
Yeşilyurt / Merkez,2+1,30.000 TL
Yeşilyurt / Merkez,3+1,23.000 TL
Battalgazi / Merkez,2+1,23.500 TL
Yeşilyurt,3+1,30.000 TL
Yeşilyurt / Merkez,4+1,20.500 TL
Yeşilyurt / Merkez,3+1,20.000 TL
Yeşilyurt / Merkez,4+2,25.000 TL
Battalgazi / Merkez,1+1,22.000 TL
Yeşilyurt / Merkez,3+1,30.000 TL
Battalgazi / Merkez,4+1,26.000 TL
Yeşilyurt / Merkez,3+1,25.000 TL
Yeşilyurt,3+1,20.500 TL
Battalgazi / Merkez,4+1,27.000 TL
Battalgazi / Merkez,3+1,28.000 TL
Battalgazi / Merkez,3+1,30.000 TL
Battalgazi / Merkez,4+1,25.000 TL
Yeşilyurt / Merkez,4+1,27.000 TL
Yeşilyurt / Merkez,3+1,24.000 TL
Battalgazi / Merkez,2+1,26.000 TL
Yeşilyurt,3+1,20.000 TL
Yeşilyurt / Merkez,4+1,24.000 TL
Yeşilyurt / Merkez,3+1,23.000 TL
Yeşilyurt / Merkez,4+1,20.000 TL
Yeşilyurt / Merkez,3+1,27.000 TL
Yeşilyurt / Merkez,3+1,21.000 TL
Battalgazi / Merkez,4+1,24.000 TL
Battalgazi / Merkez,3+1,22.000 TL
Battalgazi / Merkez,2+1,20.000 TL
Yeşilyurt / Merkez,3+1,25.000 TL
Yeşilyurt / Merkez,4+1,23.000 TL
Battalgazi / Merkez,2+1,22.000 TL
Yeşilyurt / Merkez,4+1,29.000 TL
Yeşilyurt / Merkez,2+1,30.000 TL
Yeşilyurt,4+1,24.750 TL
Battalgazi / Merkez,3+1,20.000 TL
Battalgazi / Merkez,3+1,26.000 TL
Battalgazi / Merkez,3+1,19.999 TL
Yeşilyurt / Merkez,3+1,21.500 TL
Yeşilyurt / Merkez,3+1,25.000 TL
Yeşilyurt / Merkez,3+1,20.000 TL
Battalgazi / Merkez,3+1,20.000 TL
Battalgazi / Merkez,2+1,20.000 TL
Battalgazi / Merkez,3+1,20.500 TL
Yeşilyurt / Merkez,3+1,22.000 TL
Yeşilyurt / Köyler,4+1,20.000 TL
Yeşilyurt / Merkez,4+1,25.000 TL
Yeşilyurt / Köyler,3+1,20.000 TL
Yeşilyurt / Merkez,4+1,25.000 TL
Yeşilyurt / Merkez,4+1,20.000 TL
Battalgazi / Merkez,3+1,22.500 TL
Battalgazi / Merkez,2+0,21.000 TL
Battalgazi / Merkez,3+1,20.000 TL
Battalgazi / Merkez,5+1,20.000 TL
Yeşilyurt / Merkez,4+1,25.000 TL
Yeşilyurt / Merkez,4+1,25.000 TL
Yeşilyurt / Merkez,4+1,27.000 TL
Yeşilyurt / Merkez,3+1,22.500 TL
Battalgazi / Merkez,4+1,25.000 TL
Yeşilyurt / Köyler,4+1,22.500 TL
Yeşilyurt / Merkez,3+1,28.000 TL
Yeşilyurt / Merkez,4+1,29.000 TL
Yeşilyurt / Merkez,4+1,35.000 TL
Yeşilyurt / Merkez,3+1,22.000 TL
Yeşilyurt / Merkez,5+1,27.500 TL
Battalgazi / Merkez,3+1,20.000 TL
Battalgazi / Merkez,2+1,20.000 TL
Battalgazi / Merkez,1+1,25.000 TL
Yeşilyurt / Köyler,3+1,23.000 TL
Battalgazi / Merkez,3+1,30.000 TL
Yeşilyurt / Merkez,4+1,29.000 TL
Battalgazi / Merkez,2+1,22.000 TL
Battalgazi / Merkez,3+1,22.000 TL
Battalgazi / Merkez,3+1,20.000 TL
Battalgazi / Merkez,1+1,22.000 TL
Yeşilyurt / Merkez,3+1,22.000 TL
Battalgazi / Merkez,2+1,25.000 TL
Battalgazi / Merkez,1+1,23.000 TL
Yeşilyurt / Merkez,4+1,20.000 TL
Battalgazi / Merkez,3+1,22.000 TL
Battalgazi / Merkez,2+1,20.000 TL
Yeşilyurt / Köyler,4+1,30.000 TL
Battalgazi / Merkez,1+1,20.000 TL
Yeşilyurt / Merkez,3+1,25.000 TL
Yeşilyurt,4.5+1,25.000 TL
Yeşilyurt / Merkez,4+1,30.000 TL
Battalgazi / Merkez,1+1,20.000 TL
Battalgazi / Merkez,5+1,20.000 TL
Battalgazi / Merkez,2+0,35.000 TL
Yeşilyurt,3+1,20.500 TL
Battalgazi / Merkez,3+1,21.000 TL
Battalgazi / Merkez,3+1,26.000 TL
Battalgazi / Merkez,4+1,25.000 TL
Battalgazi / Merkez,3+1,22.000 TL
Yeşilyurt / Merkez,3+1,25.000 TL
Darende,3+1,25.000 TL
Battalgazi / Merkez,3+1,19.900 TL
Yeşilyurt / Merkez,4+1,24.000 TL
Yeşilyurt / Merkez,4.5+1,29.500 TL
Battalgazi / Merkez,3+1,20.000 TL
Yeşilyurt / Merkez,4+1,23.000 TL
Yeşilyurt / Merkez,4+1,21.000 TL
Battalgazi / Merkez,3.5+1,22.000 TL
Battalgazi / Merkez,2+1,24.500 TL
Yeşilyurt / Merkez,3+1,23.000 TL
Yeşilyurt,4+1,20.000 TL
Yeşilyurt / Merkez,3+1,20.000 TL
Yeşilyurt,3+1,24.000 TL
Yeşilyurt / Merkez,4+1,30.000 TL
Yeşilyurt / Köyler,3+1,30.000 TL
Yeşilyurt,4+1,26.000 TL
Yeşilyurt / Merkez,1+1,22.000 TL
Battalgazi / Merkez,3+1,20.500 TL
Battalgazi / Merkez,2+1,20.000 TL
Yeşilyurt,4+1,25.000 TL
Yeşilyurt / Merkez,5+1,26.000 TL
Yeşilyurt / Merkez,3+1,23.000 TL
Yeşilyurt / Merkez,4+1,24.500 TL
Yeşilyurt / Merkez,3+1,23.500 TL
Yeşilyurt / Merkez,2+1,32.000 TL
Yeşilyurt / Merkez,4+1,26.500 TL
Battalgazi / Merkez,3+1,20.000 TL
Yeşilyurt,4+1,23.000 TL
Battalgazi / Merkez,3+1,22.000 TL
Battalgazi / Merkez,2+1,23.000 TL
Battalgazi / Merkez,3+1,20.000 TL
Battalgazi / Merkez,4+1,30.000 TL
Battalgazi / Merkez,3+1,21.000 TL
Yeşilyurt / Merkez,4+1,20.000 TL
Battalgazi / Merkez,1+1,24.000 TL
Yeşilyurt / Merkez,4+1,26.000 TL
Battalgazi / Merkez,2+1,20.000 TL
Yeşilyurt / Merkez,3.5+1,25.000 TL
Battalgazi / Merkez,3+1,20.000 TL
Yeşilyurt / Köyler,5+1,25.000 TL
Yeşilyurt / Merkez,4+1,23.000 TL
Battalgazi / Merkez,2+1,20.000 TL
Yeşilyurt / Köyler,3+1,30.000 TL
Yeşilyurt / Merkez,2+1,33.000 TL
Battalgazi / Merkez,4+1,25.500 TL
Battalgazi / Merkez,3+1,28.500 TL
Battalgazi / Merkez,4+1,30.000 TL
Yeşilyurt / Merkez,4+1,22.000 TL
Yeşilyurt,4+1,21.500 TL
Yeşilyurt / Merkez,3+1,25.000 TL
Yeşilyurt / Merkez,2+1,22.000 TL
Yeşilyurt / Merkez,3+1,26.000 TL
Yeşilyurt / Merkez,1+1,22.000 TL
Yeşilyurt / Merkez,4+1,30.000 TL
Battalgazi / Merkez,3+1,23.000 TL
Battalgazi / Merkez,4+1,27.000 TL
Battalgazi / Merkez,4+1,25.000 TL
Battalgazi / Merkez,2+1,25.000 TL
Yeşilyurt / Merkez,3+1,22.500 TL
Yeşilyurt / Köyler,3+1,30.000 TL
Yeşilyurt / Merkez,3+1,21.500 TL
Yeşilyurt / Merkez,3+1,24.000 TL
Yeşilyurt / Merkez,3+1,23.000 TL
Yeşilyurt / Merkez,4+1,25.500 TL
Battalgazi / Merkez,2+1,22.000 TL
Yeşilyurt / Köyler,3+1,30.000 TL
Battalgazi / Merkez,2+1,25.000 TL
Yeşilyurt,4+1,24.000 TL
Battalgazi / Merkez,3+1,24.000 TL
Battalgazi / Merkez,3+1,20.000 TL
Yeşilyurt / Köyler,3+1,30.000 TL
Battalgazi / Merkez,4.5+1,30.000 TL
Yeşilyurt,4+1,20.000 TL
Yeşilyurt,3+1,20.000 TL
Yeşilyurt / Merkez,3+1,20.000 TL
Yeşilyurt,4+1,20.000 TL
Battalgazi / Merkez,1+1,24.000 TL
Yeşilyurt / Merkez,3+1,20.000 TL
Yeşilyurt / Merkez,3+1,25.000 TL
Yeşilyurt / Merkez,3+1,25.000 TL
Yeşilyurt / Merkez,4+1,20.000 TL
Battalgazi / Merkez,2+1,20.000 TL
Yeşilyurt / Merkez,3+1,23.000 TL
Yeşilyurt / Merkez,2+1,30.000 TL
Yeşilyurt / Merkez,3+1,21.000 TL
Battalgazi / Merkez,2+1,20.000 TL
Battalgazi / Merkez,3+1,20.000 TL
Yeşilyurt / Merkez,2+1,25.000 TL
Yeşilyurt / Merkez,2+1,26.000 TL
Yeşilyurt / Merkez,4+1,30.500 TL
Yeşilyurt / Merkez,3+2,23.000 TL
Battalgazi / Merkez,3+1,20.000 TL
Yeşilyurt,3.5+1,20.000 TL
Battalgazi / Merkez,2+1,30.000 TL
Yeşilyurt / Merkez,3+1,20.000 TL
Battalgazi / Merkez,1+1,30.000 TL
Yeşilyurt / Merkez,1+1,28.000 TL
Yeşilyurt / Merkez,3+1,22.000 TL
Yeşilyurt / Merkez,3+1,23.000 TL
Yeşilyurt / Merkez,3+1,25.000 TL
Battalgazi / Merkez,1+1,21.000 TL
Battalgazi / Merkez,3+1,20.000 TL
Battalgazi / Merkez,4+1,30.000 TL
Yeşilyurt / Merkez,3+1,22.000 TL
Yeşilyurt,4+1,22.000 TL
Battalgazi / Merkez,3+1,20.000 TL
Battalgazi / Merkez,2+1,27.000 TL
Battalgazi / Merkez,1+1,23.000 TL
Yeşilyurt / Merkez,1+1,23.000 TL
Yeşilyurt / Merkez,3+1,25.000 TL
Yeşilyurt / Merkez,3+1,21.000 TL
Yeşilyurt / Merkez,4+1,31.000 TL
Yeşilyurt / Merkez,3+1,20.000 TL
Yeşilyurt / Merkez,4+1,24.000 TL
Battalgazi / Merkez,3+1,21.000 TL
Yeşilyurt / Merkez,3+1,20.000 TL
Yeşilyurt / Merkez,3+1,24.000 TL
Battalgazi / Merkez,1+1,20.000 TL
Battalgazi / Merkez,4+1,20.000 TL
Battalgazi / Merkez,1+1,25.000 TL
Yeşilyurt / Merkez,4+1,28.000 TL
Yeşilyurt / Merkez,3+1,25.000 TL
Battalgazi / Merkez,3+1,25.000 TL
Yeşilyurt / Merkez,2+1,24.000 TL
Yeşilyurt / Merkez,2+1,20.500 TL
Yeşilyurt / Merkez,4+1,22.000 TL
Battalgazi / Merkez,5+1,20.000 TL
Yeşilyurt / Köyler,2+1,25.000 TL
Battalgazi / Merkez,5+1,22.000 TL
Yeşilyurt / Merkez,4+1,25.000 TL
Battalgazi / Merkez,1+1,22.000 TL
Yeşilyurt / Merkez,4+1,29.000 TL
Yeşilyurt,4+1,24.000 TL
Battalgazi / Merkez,1+1,22.000 TL
Yeşilyurt / Merkez,3+1,20.500 TL
Yeşilyurt / Merkez,3+1,20.750 TL
Yeşilyurt / Merkez,4+1,23.000 TL
Yeşilyurt,4+1,20.000 TL
Yeşilyurt / Merkez,3+1,23.000 TL
Yeşilyurt / Merkez,4+1,28.000 TL
Yeşilyurt,3+1,21.000 TL
Yeşilyurt / Merkez,4+1,21.500 TL
Battalgazi / Merkez,2+1,20.000 TL
Battalgazi / Merkez,4+1,24.999 TL
Yeşilyurt / Merkez,3+1,27.000 TL
Battalgazi / Merkez,2+1,25.000 TL
Battalgazi / Merkez,2+1,25.000 TL
Battalgazi / Merkez,3+1,20.000 TL
Yeşilyurt / Merkez,3+1,25.000 TL
Yeşilyurt / Merkez,4+1,29.500 TL
Battalgazi / Merkez,1+1,27.500 TL
Yeşilyurt / Merkez,4+1,23.000 TL
Yeşilyurt / Merkez,4+1,23.000 TL
Yeşilyurt / Merkez,3+1,30.000 TL
Yeşilyurt / Merkez,2+1,60.000 TL
Yeşilyurt / Merkez,3+1,55.000 TL
Battalgazi / Merkez,6+2,55.000 TL
Yeşilyurt / Merkez,4+1,40.000 TL
Battalgazi / Merkez,4+1,65.000 TL
Yeşilyurt,5+1,40.000 TL
Yeşilyurt / Merkez,4+1,65.000 TL
Yeşilyurt / Merkez,3+1,40.000 TL
Yeşilyurt / Merkez,3+1,57.000 TL
Yeşilyurt / Merkez,3+1,40.000 TL
Yeşilyurt / Merkez,9+3,70.000 TL
Yeşilyurt / Merkez,1+1,60.000 TL
Yeşilyurt / Merkez,3+1,40.000 TL
Yeşilyurt / Merkez,4+1,65.000 TL
Yeşilyurt / Merkez,3+1,45.000 TL
Yeşilyurt / Merkez,4+2,55.000 TL
Yeşilyurt / Merkez,3+1,40.000 TL
Yeşilyurt / Merkez,2+1,55.000 TL
Yeşilyurt / Merkez,3+1,45.000 TL
Yeşilyurt,4+1,55.000 TL
Yeşilyurt,3+1,55.000 TL
Yeşilyurt / Merkez,3+1,40.000 TL
Yeşilyurt / Merkez,7+1,110.000 TL
Yeşilyurt / Merkez,4+1,80.000 TL
