District,Rooms,Price
YeşilözBaraj Mah.,3+1,40000.0
AltındağGültepe Mh.,1+1,35000.0
AltındağGültepe Mh.,3+1,23000.0
HasköyYıldıztepe Mh.,3+1,23000.0
HasköyGüneşevler Mh.,4+1,30000.0
HasköyGüneşevler Mh.,3+1,28000.0
UlubeyBeşikkaya Mh.,3+1,20000.0
UlubeyBattalgazi Mh.,2+1,20000.0
YeşilözBaraj Mah.,3+1,20000.0
HasköyDoğantepe Mh.,3+1,20000.0
AltındağKaracaören Mh.,2+1,21000.0
HasköyGüneşevler Mh.,4+1,42000.0
HasköyGüneşevler Mh.,3+1,32500.0
AydınlıkevlerAydınlıkevler Mh.,2+1,20000.0
AltındağZübeyde Hanım Mh.,4+1,34000.0
UlubeyBeşikkaya Mh.,3+1,25000.0
AltındağKarapürçek Mh.,4+1,37000.0
AltındağZübeyde Hanım Mh.,3+1,22500.0
UlubeyBaşpınar Mh.,3+1,30000.0
HasköyYıldıztepe Mh.,3+1,35000.0
AltındağZübeyde Hanım Mh.,Stüdyo (1+0),24500.0
UlubeyBattalgazi Mh.,4+1,15000.0
AltındağFeridun Çelik Mh.,2+1,19000.0
AltındağKarapürçek Mh.,3+1,15000.0
AltındağFeridun Çelik Mh.,3+1,21500.0
UlubeyBaşpınar Mh.,3+1,22500.0
AltındağHacettepe Mah.,2+1,25000.0
HasköyGüneşevler Mh.,4+1,52500.0
YeşilözBaraj Mah.,3+1,22000.0
HasköyGüneşevler Mh.,3+1,35000.0
AltındağZübeyde Hanım Mh.,3+1,17000.0
HasköyGüneşevler Mh.,3+1,26000.0
AydınlıkevlerAydınlıkevler Mh.,3+1,34000.0
AltındağGültepe Mh.,2+1,30000.0
YeşilözBaraj Mah.,4+1,21000.0
UlubeyBeşikkaya Mh.,3+1,19000.0
YeşilözBaraj Mah.,3+1,40000.0
HasköyGüneşevler Mh.,3+1,27500.0
UlubeyBeşikkaya Mh.,3+1,19000.0
HasköyGüneşevler Mh.,2+1,23000.0
HasköyGüneşevler Mh.,2+1,21000.0
AltındağHacettepe Mah.,2+1,45000.0
AltındağKarapürçek Mh.,3+1,23000.0
AltındağGültepe Mh.,3+1,22500.0
AydınlıkevlerAydınlıkevler Mh.,3+1,14500.0
AltındağKaracaören Mh.,2+1,16500.0
UlubeyBeşikkaya Mh.,3+1,25000.0
HasköyYıldıztepe Mh.,3+1,18000.0
AltındağGültepe Mh.,2+1,21500.0
AltındağHacettepe Mah.,3+1,38000.0
UlubeyBaşpınar Mh.,3+1,25000.0
AltındağGültepe Mh.,2+1,35000.0
UlubeyBattalgazi Mh.,4+1,21000.0
UlubeyBaşpınar Mh.,3+1,22000.0
UlubeyBattalgazi Mh.,3+1,22000.0
AydınlıkevlerAydınlıkevler Mh.,3+1,21000.0
AltındağGültepe Mh.,3+1,37000.0
HasköyYıldıztepe Mh.,3+1,26500.0
AltındağFeridun Çelik Mh.,3+1,23500.0
AltındağÖrnek Mh.,3+1,15500.0
AltındağGültepe Mh.,3+1,18000.0
AltındağKarapürçek Mh.,3+1,20000.0
AltındağKarapürçek Mh.,3+1,25000.0
AltındağZübeyde Hanım Mh.,4+1,42000.0
UlubeyBeşikkaya Mh.,3+1,23000.0
AydınlıkevlerAydınlıkevler Mh.,1+1,28000.0
AltındağKarapürçek Mh.,3+1,15550.0
HasköyGüneşevler Mh.,3+1,25000.0
AltındağZübeyde Hanım Mh.,3+1,29000.0
AydınlıkevlerAydınlıkevler Mh.,3+1,22000.0
HasköyGüneşevler Mh.,3+1,26500.0
HasköyYıldıztepe Mh.,3+1,26700.0
HasköyGüneşevler Mh.,4+1,27000.0
AltındağKarapürçek Mh.,3+1,20000.0
AydınlıkevlerAydınlıkevler Mh.,2+1,24000.0
YeşilözBaraj Mah.,4+1,38000.0
AltındağHacettepe Mah.,2+1,45000.0
HasköyDoğantepe Mh.,3+1,27000.0
HasköyDoğantepe Mh.,2+1,17000.0
AltındağFeridun Çelik Mh.,3+1,23000.0
AltındağÖrnek Mh.,2+1,17000.0
AltındağZübeyde Hanım Mh.,3+1,25000.0
HasköyYıldıztepe Mh.,4+1,35000.0
HasköyGüneşevler Mh.,3+1,30000.0
HasköyGüneşevler Mh.,4+1,40000.0
YeşilözBaraj Mah.,2+1,42000.0
HisarKale Mah.,Stüdyo (1+0),12000.0
Ulus/İsmetpaşaHacı Bayram Mh.,Stüdyo (1+0),12500.0
AltındağHacettepe Mah.,Stüdyo (1+0),12000.0
AltındağKarapürçek Mh.,4+1,32000.0
AltındağHacettepe Mah.,3+1,31000.0
YeşilözBaraj Mah.,3+1,30000.0
AltındağKarapürçek Mh.,3+1,28000.0
YeşilözBaraj Mah.,4+1,110000.0
AltındağKarapürçek Mh.,3+1,17000.0
UlubeyBeşikkaya Mh.,3+1,18500.0
AltındağÖnder Mh.,3+1,24000.0
AltındağÖrnek Mh.,2+1,15500.0
AltındağGültepe Mh.,2+1,26000.0
AltındağHacettepe Mah.,3+1,35000.0
UlubeyBattalgazi Mh.,3+1,23000.0
AltındağGültepe Mh.,3+1,24000.0
UlubeyBaşpınar Mh.,3+1,26000.0
AltındağÖrnek Mh.,3+1,20000.0
AltındağKarapürçek Mh.,3+1,16000.0
HasköyYıldıztepe Mh.,3+1,29000.0
AltındağHacettepe Mah.,2+1,28500.0
AltındağGültepe Mh.,3+1,30000.0
AltındağZübeyde Hanım Mh.,1+1,20750.0
AltındağZübeyde Hanım Mh.,3+1,36000.0
AltındağZübeyde Hanım Mh.,2+1,25750.0
AltındağHacettepe Mah.,1+1,42000.0
YeşilözBaraj Mah.,3+1,28500.0
UlubeyBeşikkaya Mh.,3+1,25000.0
YeşilözBaraj Mah.,4+1,18000.0
HasköyGüneşevler Mh.,3+1,28250.0
AltındağZübeyde Hanım Mh.,3+1,13000.0
AltındağÖrnek Mh.,3+1,19500.0
HasköyDoğantepe Mh.,3+1,19000.0
AltındağUlubey Mah.,3+1,30000.0
UlubeyBeşikkaya Mh.,2+1,20500.0
AltındağÖnder Mh.,3+1,27500.0
UlubeyBaşpınar Mh.,3+1,23500.0
YeşilözBaraj Mah.,4+1,19500.0
AltındağGültepe Mh.,2+1,20000.0
AltındağGültepe Mh.,3+1,20500.0
AltındağKaracaören Mh.,4+1,40000.0
AltındağZübeyde Hanım Mh.,1+1,42000.0
AltındağHacettepe Mah.,3+1,25000.0
AltındağZübeyde Hanım Mh.,3+1,18950.0
YeşilözBaraj Mah.,3+1,32000.0
AltındağFeridun Çelik Mh.,3+1,21500.0
AltındağKaracaören Mh.,2+1,15000.0
HasköyDoğantepe Mh.,3+1,37500.0
AltındağHacettepe Mah.,2+1,20000.0
AltındağÖrnek Mh.,2+1,13000.0
HasköyGüneşevler Mh.,3+1,30000.0
AltındağFeridun Çelik Mh.,2+1,22500.0
UlubeyBeşikkaya Mh.,3+1,19000.0
AltındağKarapürçek Mh.,3+1,25000.0
AltındağKarapürçek Mh.,3+1,25000.0
UlubeyBeşikkaya Mh.,3+1,21000.0
AltındağZübeyde Hanım Mh.,2+1,22000.0
AydınlıkevlerAydınlıkevler Mh.,2+1,36500.0
UlubeyBattalgazi Mh.,2+1,25000.0
AltındağKaracaören Mh.,2+1,23250.0
UlubeyBaşpınar Mh.,3+1,23000.0
UlubeyBeşikkaya Mh.,3+1,22000.0
UlubeyBattalgazi Mh.,3+1,18000.0
AydınlıkevlerAydınlıkevler Mh.,3+1,24000.0
HasköyYıldıztepe Mh.,4+1,30000.0
AltındağKarapürçek Mh.,3+1,22500.0
UlubeyBaşpınar Mh.,3+1,25750.0
AltındağHacettepe Mah.,Stüdyo (1+0),12000.0
AltındağHacettepe Mah.,,80000.0
AltındağUlubey Mah.,3+1,27500.0
Ulus/İsmetpaşaHacı Bayram Mh.,Stüdyo (1+0),12000.0
AltındağZübeyde Hanım Mh.,2+1,44500.0
AltındağGültepe Mh.,3+1,22000.0
AltındağZübeyde Hanım Mh.,3+1,35000.0
UlubeyBeşikkaya Mh.,3+1,22000.0
AltındağGültepe Mh.,2+1,20000.0
YeşilözBaraj Mah.,4+1,18000.0
HasköyGüneşevler Mh.,2+1,17000.0
AltındağZübeyde Hanım Mh.,3+1,40000.0
AltındağFeridun Çelik Mh.,3+1,23000.0
AltındağGültepe Mh.,1+1,25000.0
AydınlıkevlerAydınlıkevler Mh.,3+1,28000.0
AltındağKaracaören Mh.,4+1,33000.0
AltındağÖrnek Mh.,2+1,15000.0
UlubeyBeşikkaya Mh.,3+1,17500.0
HasköyGüneşevler Mh.,3+1,33250.0
AltındağGültepe Mh.,3+1,25500.0
AltındağKaracaören Mh.,2+1,16250.0
AltındağKarapürçek Mh.,5+1,30000.0
UlubeyBeşikkaya Mh.,3+1,22000.0
UlubeyBaşpınar Mh.,3+1,23000.0
AltındağÖrnek Mh.,3+1,21000.0
HisarKale Mah.,1+1,15000.0
HasköyGüneşevler Mh.,3+1,27000.0
AltındağKarapürçek Mh.,3+1,20000.0
AltındağFeridun Çelik Mh.,4+1,35000.0
HasköyYıldıztepe Mh.,3+1,28000.0
YeşilözBaraj Mah.,3+1,25000.0
YeşilözBaraj Mah.,3+1,36000.0
AltındağÖrnek Mh.,2+1,12900.0
UlubeyBeşikkaya Mh.,3+1,21000.0
AltındağFeridun Çelik Mh.,3+1,27000.0
AltındağGültepe Mh.,4+1,25000.0
AltındağFeridun Çelik Mh.,3+1,21000.0
AltındağKarapürçek Mh.,3+1,18500.0
HasköyYıldıztepe Mh.,3+1,18500.0
UlubeyBeşikkaya Mh.,3+1,21500.0
AltındağFeridun Çelik Mh.,3+1,23500.0
AltındağFeridun Çelik Mh.,3+1,35000.0
YeşilözBaraj Mah.,3+1,35000.0
HasköyYıldıztepe Mh.,3+1,30000.0
HasköyGüneşevler Mh.,3+1,16500.0
AltındağKarapürçek Mh.,3+1,20000.0
AltındağKarapürçek Mh.,3+1,20000.0
HasköyGüneşevler Mh.,3+1,24500.0
AltındağZübeyde Hanım Mh.,3+1,20000.0
AltındağÖrnek Mh.,2+1,15000.0
AltındağKarapürçek Mh.,3+1,23000.0
UlubeyBaşpınar Mh.,2+1,28000.0
HasköyGüneşevler Mh.,3+1,29500.0
AltındağGültepe Mh.,3+1,25000.0
AltındağKarapürçek Mh.,3+1,15750.0
Ulus/İsmetpaşaHacı Bayram Mh.,Stüdyo (1+0),12000.0
AltındağHacettepe Mah.,Stüdyo (1+0),13000.0
AltındağZübeyde Hanım Mh.,3+1,40000.0
AltındağGültepe Mh.,2+1,18500.0
HasköyYıldıztepe Mh.,3+1,24000.0
AltındağGültepe Mh.,3+1,20500.0
AltındağKarapürçek Mh.,3+1,20000.0
HasköyGüneşevler Mh.,3+1,26000.0
HasköyGüneşevler Mh.,3+1,25000.0
UlubeyBattalgazi Mh.,3+1,25500.0
AltındağGültepe Mh.,3+1,25000.0
YeşilözBaraj Mah.,3+1,25000.0
HasköyGüneşevler Mh.,2+1,23000.0
AltındağKarapürçek Mh.,3+1,18000.0
AltındağÖrnek Mh.,1+1,18500.0
HasköyYıldıztepe Mh.,3+1,40000.0
HasköyYıldıztepe Mh.,3+1,28000.0
AltındağKarapürçek Mh.,3+1,26500.0
HasköyGüneşevler Mh.,3+1,35000.0
HasköyYıldıztepe Mh.,3+1,25000.0
YeşilözBaraj Mah.,3+1,30250.0
UlubeyBaşpınar Mh.,3+1,25000.0
UlubeyBattalgazi Mh.,3+1,21000.0
AltındağGültepe Mh.,2+1,20000.0
AydınlıkevlerAydınlıkevler Mh.,3+1,35000.0
AltındağFeridun Çelik Mh.,3+1,35000.0
HasköyGüneşevler Mh.,3+1,31000.0
HasköyGüneşevler Mh.,3+1,26500.0
AltındağKarapürçek Mh.,3+1,20000.0
AltındağHacettepe Mah.,Stüdyo (1+0),13000.0
AydınlıkevlerAydınlıkevler Mh.,3+1,25000.0
AltındağGültepe Mh.,3+1,24000.0
UlubeyBaşpınar Mh.,2+1,28000.0
AltındağGültepe Mh.,3+1,20000.0
Ulus/İsmetpaşaHacı Bayram Mh.,1+1,10000.0
HasköyDoğantepe Mh.,3+1,25000.0
AltındağFeridun Çelik Mh.,3+1,18000.0
AltındağKarapürçek Mh.,2+1,15000.0
AltındağKarapürçek Mh.,3+1,20000.0
AltındağKarapürçek Mh.,3+1,27500.0
AltındağKarapürçek Mh.,3+1,22500.0
UlubeyBattalgazi Mh.,3+1,26500.0
HasköyYıldıztepe Mh.,3+1,26500.0
HasköyGüneşevler Mh.,3+1,40000.0
AltındağFeridun Çelik Mh.,3+1,23500.0
AltındağKaracaören Mh.,4+1,30000.0
UlubeyBattalgazi Mh.,3+1,24000.0
AltındağÖnder Mh.,3+1,25000.0
AltındağKarapürçek Mh.,3+1,22000.0
AltındağGültepe Mh.,3+1,13000.0
AltındağHacettepe Mah.,2+1,28000.0
AltındağFeridun Çelik Mh.,3+1,23000.0
HasköyYıldıztepe Mh.,3+1,26000.0
AltındağGültepe Mh.,2+1,18500.0
AltındağKarapürçek Mh.,3+1,17000.0
AydınlıkevlerAydınlıkevler Mh.,3+1,39900.0
UlubeyBaşpınar Mh.,3+1,30000.0
HisarKale Mah.,2.5+1,23000.0
AydınlıkevlerAydınlıkevler Mh.,2+1,25000.0
AltındağGültepe Mh.,3+1,26000.0
UlubeyBeşikkaya Mh.,2+1,17500.0
HasköyYıldıztepe Mh.,3+1,39000.0
AltındağHacettepe Mah.,3+1,25000.0
AltındağGültepe Mh.,3+1,22000.0
AltındağZübeyde Hanım Mh.,Stüdyo (1+0),32000.0
HasköyYıldıztepe Mh.,3+1,27000.0
HasköyGüneşevler Mh.,3+1,35000.0
AltındağÖrnek Mh.,2+1,19500.0
HasköyGüneşevler Mh.,3+1,18000.0
AydınlıkevlerAydınlıkevler Mh.,2+1,17000.0
UlubeyBeşikkaya Mh.,3+1,22000.0
UlubeyBattalgazi Mh.,2+1,20000.0
UlubeyBattalgazi Mh.,3+1,21000.0
HasköyYıldıztepe Mh.,3+1,33000.0
HasköyDoğantepe Mh.,3+1,16990.0
AltındağKarapürçek Mh.,3+1,22000.0
AltındağÖrnek Mh.,2+1,17000.0
HasköyGüneşevler Mh.,3+1,53000.0
AltındağFeridun Çelik Mh.,3+1,24500.0
HasköyGüneşevler Mh.,4+1,45000.0
UlubeyBaşpınar Mh.,2+1,17500.0
AltındağÖrnek Mh.,2+1,19500.0
HasköyGüneşevler Mh.,3+1,30000.0
AltındağFeridun Çelik Mh.,3+1,24000.0
UlubeyBattalgazi Mh.,3+1,18500.0
AltındağHacettepe Mah.,3+1,25000.0
UlubeyBattalgazi Mh.,3+1,19000.0
HisarKale Mah.,2.5+1,23000.0
UlubeyBaşpınar Mh.,3+1,18000.0
UlubeyBaşpınar Mh.,4+1,25000.0
UlubeyBaşpınar Mh.,2+1,27000.0
AltındağGültepe Mh.,3+1,24250.0
AltındağÖrnek Mh.,3+1,19000.0
HasköyYıldıztepe Mh.,3+1,31250.0
UlubeyBattalgazi Mh.,3+1,15500.0
UlubeyBattalgazi Mh.,3+1,18500.0
AltındağHacettepe Mah.,Stüdyo (1+0),8000.0
AydınlıkevlerAydınlıkevler Mh.,1+1,17000.0
AltındağHacettepe Mah.,3+1,35000.0
AltındağGültepe Mh.,2+1,18000.0
AydınlıkevlerAydınlıkevler Mh.,2+1,20000.0
HisarKale Mah.,1+1,24000.0
YeşilözBaraj Mah.,3+1,38000.0
AydınlıkevlerAydınlıkevler Mh.,3+1,27000.0
UlubeyBaşpınar Mh.,3+1,21000.0
AydınlıkevlerAydınlıkevler Mh.,2+1,25000.0
AltındağKarapürçek Mh.,3+1,23500.0
AltındağÖrnek Mh.,3+1,38000.0
AltındağKarapürçek Mh.,3+1,16000.0
AltındağKarapürçek Mh.,3+1,28750.0
HasköyYıldıztepe Mh.,3+1,26000.0
UlubeyBaşpınar Mh.,3+1,25000.0
UlubeyBattalgazi Mh.,3+1,20000.0
HisarKale Mah.,3+1,32000.0
AltındağUlubey Mah.,3+1,24650.0
AltındağGültepe Mh.,3+1,25000.0
YeşilözBaraj Mah.,3+1,33000.0
AltındağKarapürçek Mh.,3+1,21000.0
AltındağHacettepe Mah.,2+1,43000.0
HasköyGüneşevler Mh.,3+1,28000.0
AltındağHacettepe Mah.,3+1,21000.0
UlubeyBeşikkaya Mh.,3+1,20000.0
UlubeyBaşpınar Mh.,3+1,29000.0
UlubeyBaşpınar Mh.,3+1,24000.0
AltındağGültepe Mh.,3+1,22750.0
AltındağKarapürçek Mh.,3+1,18500.0
AydınlıkevlerAydınlıkevler Mh.,2+1,18000.0
AltındağKarapürçek Mh.,2+1,17000.0
AltındağÖrnek Mh.,4+1,44000.0
UlubeyBeşikkaya Mh.,3+1,18000.0
HasköyYıldıztepe Mh.,3+1,17999.0
AltındağFeridun Çelik Mh.,3+1,23750.0
HisarKale Mah.,3+1,22000.0
AltındağÖnder Mh.,3+1,11000.0
AltındağÖrnek Mh.,3+1,24000.0
AltındağKarapürçek Mh.,3+1,20000.0
HasköyDoğantepe Mh.,3+1,25000.0
AltındağFeridun Çelik Mh.,3+1,20500.0
UlubeyBaşpınar Mh.,3+1,21000.0
AltındağUlubey Mah.,3+1,25000.0
AltındağFeridun Çelik Mh.,3+1,22000.0
AltındağKarapürçek Mh.,3+1,19500.0
UlubeyBaşpınar Mh.,3+1,23000.0
YeşilözBaraj Mah.,3+1,37000.0
YeşilözBaraj Mah.,3+1,34000.0
AltındağKarapürçek Mh.,3+1,22000.0
AltındağFeridun Çelik Mh.,2+1,21000.0
AydınlıkevlerAydınlıkevler Mh.,2+1,35000.0
Ulus/İsmetpaşaHacı Bayram Mh.,2+1,35000.0
AltındağKarapürçek Mh.,5+1,26000.0
AltındağGültepe Mh.,3+1,19750.0
UlubeyBeşikkaya Mh.,3+1,21000.0
HasköyGüneşevler Mh.,3+1,39000.0
UlubeyBattalgazi Mh.,3+1,17500.0
UlubeyBeşikkaya Mh.,3+1,23000.0
HasköyYıldıztepe Mh.,3+1,27000.0
HasköyGüneşevler Mh.,4+1,32800.0
AltındağKarapürçek Mh.,5+1,27000.0
AltındağGültepe Mh.,2+1,17000.0
HasköyYıldıztepe Mh.,4+1,35500.0
YeşilözBaraj Mah.,3+1,26500.0
UlubeyBaşpınar Mh.,3+1,20000.0
AydınlıkevlerAydınlıkevler Mh.,3+1,27000.0
AltındağKarapürçek Mh.,3+1,20000.0
AydınlıkevlerAydınlıkevler Mh.,5+1,70000.0
AltındağZübeyde Hanım Mh.,2+1,52000.0
UlubeyBattalgazi Mh.,3+1,25000.0
AltındağKarapürçek Mh.,2+1,25000.0
UlubeyBaşpınar Mh.,3+1,33000.0
UlubeyBattalgazi Mh.,3+1,25500.0
YeşilözBaraj Mah.,3+1,36500.0
UlubeyBeşikkaya Mh.,2+1,18000.0
AltındağFeridun Çelik Mh.,3+1,26000.0
AltındağKarapürçek Mh.,3+1,18000.0
AltındağUlubey Mah.,3+1,23000.0
HasköyGüneşevler Mh.,3+1,31000.0
AltındağKarapürçek Mh.,2+1,17000.0
AltındağGültepe Mh.,2+1,14000.0
UlubeyBattalgazi Mh.,3+1,22000.0
UlubeyBeşikkaya Mh.,3+1,21000.0
UlubeyBattalgazi Mh.,3+1,22000.0
AltındağÖrnek Mh.,2+1,13000.0
AltındağGültepe Mh.,3+1,21000.0
AltındağÖrnek Mh.,3+1,23000.0
AltındağKarapürçek Mh.,3+1,21000.0
AltındağKarapürçek Mh.,2+1,23000.0
AltındağÖrnek Mh.,2+1,15500.0
AltındağHacettepe Mah.,3+1,29000.0
HasköyYıldıztepe Mh.,3+1,19000.0
AltındağÖrnek Mh.,3+1,40000.0
AydınlıkevlerAydınlıkevler Mh.,3+1,30000.0
AltındağFeridun Çelik Mh.,3+1,22000.0
HasköyYıldıztepe Mh.,3+1,31000.0
YeşilözBaraj Mah.,4+1,4900.0
AltındağHacettepe Mah.,4+1,27000.0
HasköyYıldıztepe Mh.,3+1,21000.0
HasköyYıldıztepe Mh.,3+1,31000.0
AydınlıkevlerAydınlıkevler Mh.,3+1,39000.0
AltındağÖrnek Mh.,3+1,23000.0
AltındağKarapürçek Mh.,4+1,32500.0
AltındağGültepe Mh.,2+1,20000.0
HasköyYıldıztepe Mh.,3+1,25500.0
AltındağHacettepe Mah.,3+1,28000.0
UlubeyBeşikkaya Mh.,3+1,22000.0
AltındağGültepe Mh.,3+1,25000.0
HasköyGüneşevler Mh.,4+1,54000.0
AltındağKaracaören Mh.,2+1,17500.0
HasköyYıldıztepe Mh.,3+1,26000.0
HasköyYıldıztepe Mh.,3+1,41500.0
UlubeyBattalgazi Mh.,3+1,21000.0
UlubeyBattalgazi Mh.,2+1,20000.0
AltındağKarapürçek Mh.,3+1,28000.0
AltındağKarapürçek Mh.,3+1,20000.0
Ulus/İsmetpaşaHacı Bayram Mh.,1+1,18000.0
YeşilözBaraj Mah.,3+1,33000.0
Ulus/İsmetpaşaHacı Bayram Mh.,1+1,28000.0
AltındağÖrnek Mh.,2+1,15000.0
AltındağGültepe Mh.,4+1,27000.0
AydınlıkevlerAydınlıkevler Mh.,2+1,32000.0
AltındağZübeyde Hanım Mh.,3+1,36000.0
AltındağGültepe Mh.,2+1,24000.0
AltındağZübeyde Hanım Mh.,3+1,23000.0
YeşilözBaraj Mah.,3+1,33000.0
AltındağKarapürçek Mh.,3+1,19000.0
AltındağGültepe Mh.,3+1,16500.0
AltındağFeridun Çelik Mh.,3+1,22000.0
HasköyGüneşevler Mh.,3+1,21000.0
UlubeyBeşikkaya Mh.,3+1,20000.0
HasköyGüneşevler Mh.,3+1,26000.0
AltındağGültepe Mh.,3+1,25250.0
HasköyGüneşevler Mh.,3+1,26000.0
AydınlıkevlerAydınlıkevler Mh.,3+1,23500.0
AltındağKaracaören Mh.,2+1,25000.0
AltındağHacettepe Mah.,1+1,15000.0
AltındağKarapürçek Mh.,3+1,22000.0
YeşilözBaraj Mah.,4+1,32000.0
AltındağZübeyde Hanım Mh.,1+1,43000.0
HasköyYıldıztepe Mh.,3+1,22000.0
AltındağFeridun Çelik Mh.,3+1,25000.0
YeşilözBaraj Mah.,4+1,19250.0
AltındağGültepe Mh.,2+1,23000.0
AydınlıkevlerAydınlıkevler Mh.,2.5+1,32000.0
AltındağÖrnek Mh.,2+1,13000.0
AltındağGültepe Mh.,3+1,25000.0
AltındağKarapürçek Mh.,3+1,19500.0
AltındağZübeyde Hanım Mh.,Stüdyo (1+0),26500.0
AltındağHacettepe Mah.,2+1,30000.0
AltındağZübeyde Hanım Mh.,2+1,65000.0
HasköyDoğantepe Mh.,3+1,25000.0
HasköyGüneşevler Mh.,3+1,31500.0
HasköyGüneşevler Mh.,3+1,19000.0
AltındağGültepe Mh.,2+1,25000.0
AltındağÖrnek Mh.,3+1,19000.0
YeşilözBaraj Mah.,3+1,35750.0
AydınlıkevlerAydınlıkevler Mh.,2+1,26500.0
HasköyYıldıztepe Mh.,3+1,29000.0
HasköyGüneşevler Mh.,4+1,33000.0
AltındağGültepe Mh.,3+1,25000.0
HasköyGüneşevler Mh.,3+1,27500.0
AltındağHacettepe Mah.,1+1,28000.0
AltındağÖnder Mh.,3+1,23500.0
HasköyGüneşevler Mh.,1+1,19000.0
HasköyGüneşevler Mh.,3+1,24000.0
AltındağZübeyde Hanım Mh.,3+1,21000.0
UlubeyBattalgazi Mh.,3+1,21000.0
AltındağÖrnek Mh.,3+1,18000.0
UlubeyBaşpınar Mh.,3+1,23500.0
HasköyYıldıztepe Mh.,3+1,26500.0
AltındağÖrnek Mh.,2+1,25000.0
HasköyYıldıztepe Mh.,3+1,23000.0
YeşilözBaraj Mah.,4+1,18000.0
HasköyYıldıztepe Mh.,4+1,30000.0
YeşilözBaraj Mah.,3.5+1,31500.0
AltındağKarapürçek Mh.,3+1,19000.0
AltındağKaracaören Mh.,2+1,16500.0
AltındağÖnder Mh.,3+1,20000.0
AltındağFeridun Çelik Mh.,3+1,24500.0
AltındağGültepe Mh.,3+1,26000.0
UlubeyBeşikkaya Mh.,3+1,25000.0
AltındağHacettepe Mah.,3+1,25000.0
HasköyGüneşevler Mh.,3+1,18000.0
UlubeyBattalgazi Mh.,3+1,25250.0
UlubeyBeşikkaya Mh.,3+1,15500.0
AltındağGültepe Mh.,2+1,16000.0
YeşilözBaraj Mah.,3+1,35750.0
YeşilözBaraj Mah.,4+1,36000.0
AydınlıkevlerAydınlıkevler Mh.,2+1,18000.0
HasköyGüneşevler Mh.,3+1,29000.0
AltındağGültepe Mh.,3+1,20500.0
AltındağZübeyde Hanım Mh.,1+1,50000.0
AltındağFeridun Çelik Mh.,2+1,18000.0
AltındağKarapürçek Mh.,3+1,22500.0
AltındağGültepe Mh.,3+1,25000.0
AltındağFeridun Çelik Mh.,3+1,25000.0
UlubeyBaşpınar Mh.,3+1,18500.0
UlubeyBaşpınar Mh.,3+1,22000.0
AltındağZübeyde Hanım Mh.,2+1,20000.0
AydınlıkevlerAydınlıkevler Mh.,2+1,23000.0
YeşilözBaraj Mah.,3+1,15500.0
YeşilözBaraj Mah.,3+1,36500.0
AltındağÖrnek Mh.,2+1,22000.0
HasköyGüneşevler Mh.,3+1,25000.0
YeşilözBaraj Mah.,3+1,38000.0
AltındağGültepe Mh.,3+1,26000.0
HasköyYıldıztepe Mh.,3+1,29000.0
HasköyDoğantepe Mh.,3+1,25500.0
AltındağKaracaören Mh.,2+1,17000.0
UlubeyBattalgazi Mh.,2+1,25500.0
AltındağGültepe Mh.,3+1,26000.0
HisarKale Mah.,2+1,16000.0
HasköyYıldıztepe Mh.,3+1,34000.0
AltındağKarapürçek Mh.,3+1,32000.0
AydınlıkevlerAydınlıkevler Mh.,3+1,29000.0
AltındağGültepe Mh.,2+1,17000.0
HasköyGüneşevler Mh.,4+1,55000.0
HasköyGüneşevler Mh.,3+1,32000.0
AltındağKarapürçek Mh.,2+1,17500.0
HasköyDoğantepe Mh.,3+1,26000.0
AltındağGültepe Mh.,2+1,19000.0
UlubeyBattalgazi Mh.,3+1,20000.0
AltındağUlubey Mah.,3+1,30000.0
AltındağKarapürçek Mh.,3+1,23000.0
HasköyGüneşevler Mh.,4+1,55000.0
AltındağHacettepe Mah.,4+1,18500.0
AltındağKarapürçek Mh.,3+1,22000.0
AltındağZübeyde Hanım Mh.,2+1,30000.0
AltındağGültepe Mh.,3+1,29000.0
YeşilözBaraj Mah.,4+1,18500.0
UlubeyBaşpınar Mh.,3+1,25000.0
AltındağHacettepe Mah.,3+1,26000.0
AltındağGültepe Mh.,3+1,22500.0
AltındağÖrnek Mh.,3+1,21000.0
HasköyGüneşevler Mh.,3+1,25000.0
HasköyGüneşevler Mh.,3+1,24000.0
UlubeyBattalgazi Mh.,3+1,20000.0
AltındağÖrnek Mh.,2+1,14000.0
AltındağGültepe Mh.,3+1,24000.0
YeşilözBaraj Mah.,4+1,30500.0
AltındağKarapürçek Mh.,3+1,22750.0
AltındağÖrnek Mh.,3+1,21000.0
YeşilözBaraj Mah.,3+1,32000.0
HasköyGüneşevler Mh.,4+1,56000.0
AltındağKarapürçek Mh.,3+1,26000.0
AltındağKarapürçek Mh.,2+1,24999.0
AltındağÖrnek Mh.,3+1,20000.0
AltındağZübeyde Hanım Mh.,2+1,36000.0
AltındağFeridun Çelik Mh.,3+1,24000.0
YeşilözBaraj Mah.,4+1,16500.0
AltındağKarapürçek Mh.,3+1,20500.0
YeşilözBaraj Mah.,3+1,33000.0
AltındağGültepe Mh.,3+1,22750.0
YeşilözBaraj Mah.,3+1,31500.0
AltındağZübeyde Hanım Mh.,2+1,22500.0
AltındağZübeyde Hanım Mh.,1+1,35000.0
AltındağGültepe Mh.,2+1,22750.0
AltındağKaracaören Mh.,2+1,14000.0
AltındağFeridun Çelik Mh.,3+1,26000.0
AltındağKaracaören Mh.,2+1,18000.0
UlubeyBeşikkaya Mh.,3+1,20000.0
HasköyGüneşevler Mh.,3+1,46000.0
AltındağKarapürçek Mh.,3+1,17750.0
AltındağKarapürçek Mh.,3+1,21000.0
AltındağÖrnek Mh.,3+1,13000.0
AltındağFeridun Çelik Mh.,3+1,27500.0
UlubeyBaşpınar Mh.,3+1,23500.0
UlubeyBaşpınar Mh.,3+1,19500.0
AltındağAtıfbey Mh.,3+1,26000.0
HasköyGüneşevler Mh.,3+1,26000.0
UlubeyBeşikkaya Mh.,3+1,25000.0
UlubeyBattalgazi Mh.,3+1,23000.0
AltındağKarapürçek Mh.,2+1,15500.0
HasköyGüneşevler Mh.,3+1,32000.0
AydınlıkevlerAydınlıkevler Mh.,3+1,26000.0
AltındağGültepe Mh.,3+1,23500.0
UlubeyBeşikkaya Mh.,3+1,19000.0
AltındağKarapürçek Mh.,3+1,23000.0
HasköyGüneşevler Mh.,4+1,55000.0
AltındağKarapürçek Mh.,3+1,16500.0
YeşilözBaraj Mah.,4+1,33000.0
HasköyGüneşevler Mh.,2+1,28000.0
UlubeyBeşikkaya Mh.,3+1,24000.0
AltındağGültepe Mh.,2+1,27999.0
AltındağKarapürçek Mh.,4.5+1,41000.0
AltındağFeridun Çelik Mh.,3+1,24000.0
AltındağGültepe Mh.,3+1,20500.0
YeşilözBaraj Mah.,4+1,39500.0
HasköyGüneşevler Mh.,4+1,42500.0
AltındağGültepe Mh.,3+1,23000.0
HasköyYıldıztepe Mh.,3+1,30000.0
HasköyGüneşevler Mh.,3+1,32000.0
UlubeyBaşpınar Mh.,3+1,27000.0
AltındağKarapürçek Mh.,2.5+1,23000.0
AltındağKaracaören Mh.,2+1,19650.0
UlubeyBattalgazi Mh.,3+1,23500.0
AydınlıkevlerAydınlıkevler Mh.,3+1,33000.0
AltındağGültepe Mh.,2+1,20500.0
UlubeyBeşikkaya Mh.,3+1,21000.0
AltındağKarapürçek Mh.,3+1,22000.0
YeşilözBaraj Mah.,4+1,19000.0
AltındağGültepe Mh.,2+1,21000.0
AltındağGültepe Mh.,3+1,26000.0
AltındağKarapürçek Mh.,3+1,18750.0
AltındağKarapürçek Mh.,3+1,18000.0
UlubeyBeşikkaya Mh.,3+1,21000.0
HasköyGüneşevler Mh.,4+1,42000.0
HasköyGüneşevler Mh.,4+1,36000.0
AltındağZübeyde Hanım Mh.,1+1,40000.0
AydınlıkevlerAydınlıkevler Mh.,2+1,25000.0
UlubeyBattalgazi Mh.,3+1,26000.0
AydınlıkevlerAydınlıkevler Mh.,3+1,41000.0
AltındağKaracaören Mh.,2+1,16000.0
HasköyYıldıztepe Mh.,3+1,29500.0
AydınlıkevlerAydınlıkevler Mh.,3+1,26000.0
YeşilözBaraj Mah.,3+1,42500.0
AltındağZübeyde Hanım Mh.,3+1,22000.0
AltındağZübeyde Hanım Mh.,3+1,110000.0
UlubeyBaşpınar Mh.,3+1,26000.0
UlubeyBaşpınar Mh.,3+1,25000.0
AltındağHacettepe Mah.,4+1,38000.0
AltındağZübeyde Hanım Mh.,1+1,36000.0
YeşilözBaraj Mah.,3.5+1,28900.0
AltındağKarapürçek Mh.,3+1,14500.0
AltındağHacettepe Mah.,3+1,33000.0
AltındağGültepe Mh.,2+1,18500.0
HasköyGüneşevler Mh.,3+1,36500.0
HasköyGüneşevler Mh.,3+1,48000.0
AltındağHacettepe Mah.,3+1,30000.0
HasköyGüneşevler Mh.,2+1,18500.0
AltındağÖrnek Mh.,2+1,13000.0
AltındağZübeyde Hanım Mh.,3+1,36000.0
HasköyGüneşevler Mh.,3+1,30000.0
AltındağÖrnek Mh.,2+1,28450.0
AltındağGültepe Mh.,2+1,22500.0
AltındağKaracaören Mh.,2+1,16500.0
AydınlıkevlerAydınlıkevler Mh.,3+1,28450.0
YeşilözBaraj Mah.,3+1,35000.0
AydınlıkevlerAydınlıkevler Mh.,2+1,26000.0
AltındağFeridun Çelik Mh.,2+1,19000.0
AltındağHacettepe Mah.,3+1,22000.0
AltındağÖrnek Mh.,2+1,16000.0
AltındağÖrnek Mh.,2+1,16500.0
AyaşHacıveli Mh.,3+1,14500.0
AyaşHacırecep Mh.,2+1,14000.0
AyaşEmine Tevfika Ayaşlı Mh.,3+1,15250.0
AyaşHacırecep Mh.,3+1,19000.0
BalaHamidiye Mah.,2+1,12000.0
KöylerBeynam Mh.,3+1,50000.0
BalaKartaltepe Mah.,3+1,12000.0
BalaHamidiye Mah.,3+1,12000.0
BalaHamidiye Mah.,2+1,10000.0
BalaHamidiye Mah.,3+1,14000.0
BalaGöztepe Mh.,2+1,13000.0
BeypazarıAyvaşık Mh.,3+1,11500.0
BeypazarıKurtuluş Mh.,1+1,20000.0
BeypazarıBaşağaç Mh.,3+1,25000.0
BeypazarıKurtuluş Mh.,2+1,16000.0
BeypazarıZafer Mah.,1+1,15000.0
BeypazarıBaşağaç Mh.,4+1,27000.0
BeypazarıHacıkara Mh.,3+1,28000.0
BeypazarıAyvaşık Mh.,3+1,14000.0
BeypazarıKurtuluş Mh.,1+1,13500.0
BeypazarıHacıkara Mh.,3+1,14000.0
BeypazarıBaşağaç Mh.,3+1,29500.0
BeypazarıAyvaşık Mh.,2+1,12000.0
BeypazarıBaşağaç Mh.,3+1,24000.0
BeypazarıHacıkara Mh.,3+1,20000.0
BeypazarıHacıkara Mh.,3+1,16000.0
BeypazarıKurtuluş Mh.,1+1,21000.0
BeypazarıKurtuluş Mh.,1+1,14000.0
BeypazarıAyvaşık Mh.,3+1,15000.0
BeypazarıHacıkara Mh.,1+1,18000.0
BeypazarıBaşağaç Mh.,1+1,15000.0
BeypazarıHacıkara Mh.,3+1,22000.0
BeypazarıBaşağaç Mh.,3+1,18000.0
BeypazarıBaşağaç Mh.,3+1,21000.0
BeypazarıHacıkara Mh.,3+1,20000.0
BeypazarıAyvaşık Mh.,3+1,13000.0
BeypazarıKurtuluş Mh.,3+1,22000.0
BeypazarıAyvaşık Mh.,3+1,16500.0
BeypazarıKurtuluş Mh.,1+1,17500.0
BeypazarıAyvaşık Mh.,3+1,13500.0
BeypazarıBaşağaç Mh.,1+1,15000.0
BeypazarıBaşağaç Mh.,3+1,25000.0
BeypazarıAyvaşık Mh.,3+1,14000.0
BeypazarıHacıkara Mh.,3+1,15000.0
BeypazarıKurtuluş Mh.,1+1,16500.0
BeypazarıBeytepe Mah.,3+1,18000.0
BeypazarıCumhuriyet Mah.,2+1,6100.0
BeypazarıAyvaşık Mh.,3+1,15000.0
BeypazarıGazipaşa Mh.,3+1,18000.0
BeypazarıHacıkara Mh.,1+1,15000.0
BeypazarıAyvaşık Mh.,3+1,14500.0
BeypazarıKurtuluş Mh.,1+1,16500.0
BeypazarıBaşağaç Mh.,3+1,25000.0
BeypazarıKurtuluş Mh.,2+1,15000.0
BeypazarıAyvaşık Mh.,3+1,11000.0
BeypazarıAyvaşık Mh.,3+1,10000.0
BeypazarıAyvaşık Mh.,3+1,22000.0
BeypazarıAyvaşık Mh.,3+1,12000.0
BeypazarıHacıkara Mh.,1+1,15750.0
BeypazarıBaşağaç Mh.,2+1,20000.0
BeypazarıHacıkara Mh.,3+1,15000.0
BeypazarıBaşağaç Mh.,1+1,20000.0
BeypazarıAyvaşık Mh.,2+1,10000.0
BeypazarıAyvaşık Mh.,3+1,13000.0
BeypazarıBaşağaç Mh.,4+1,25000.0
BeypazarıBaşağaç Mh.,3+1,26000.0
BeypazarıHacıkara Mh.,3+1,18000.0
BeypazarıBaşağaç Mh.,3+1,24000.0
BeypazarıKurtuluş Mh.,1+1,20000.0
BeypazarıAyvaşık Mh.,3+1,12000.0
BeypazarıKurtuluş Mh.,3+1,15000.0
BeypazarıBaşağaç Mh.,4+1,27000.0
BeypazarıHacıkara Mh.,3+1,16000.0
BeypazarıAyvaşık Mh.,3+1,14000.0
BeypazarıAyvaşık Mh.,3+1,15000.0
BeypazarıKurtuluş Mh.,1+1,13000.0
BeypazarıHacıkara Mh.,3+1,25000.0
BeypazarıAyvaşık Mh.,2+1,10000.0
BeypazarıAyvaşık Mh.,2+1,11000.0
BeypazarıKurtuluş Mh.,1+1,17500.0
BeypazarıKurtuluş Mh.,1+1,19250.0
BeypazarıKurtuluş Mh.,2+1,18000.0
BeypazarıBaşağaç Mh.,3+1,18000.0
BeypazarıBaşağaç Mh.,3+1,18000.0
BeypazarıHacıkara Mh.,3+1,18000.0
BeypazarıBaşağaç Mh.,4+1,25000.0
ÇamlıdereBeyler Mh.,2+1,22000.0
ÇamlıdereKayabaşı Mh.,6+2,64000.0
DikmenOran Mah.,1+1,36000.0
AyrancıGüvenevler Mh.,3+1,48000.0
KırkkonaklarKırkkonaklar Mh.,3.5+1,40000.0
Yıldızİlkbahar Mh.,1+1,40000.0
DikmenYukarı Dikmen Mh.,4+1,100000.0
Çayyolu/ÜmitköyYaşamkent Mh.,5+1,85000.0
Yıldızİlkbahar Mh.,2+1,63000.0
Cebeci,2+1,45000.0
Çayyolu/ÜmitköyKonutkent Mah.,1+1,35000.0
DikmenNaci Çakır Mh.,3+1,36000.0
BalgatÇukurambar Mh.,4+1,59500.0
BahçelievlerEmek Mah.,3+1,57500.0
AnıttepeAnıttepe Mh.,Stüdyo (1+0),35000.0
AnıttepeAnıttepe Mh.,Stüdyo (1+0),35000.0
BahçelievlerBahçelievler Mh.,2+1,45000.0
KırkkonaklarKırkkonaklar Mh.,5+1,43000.0
DikmenHarbiye Mah.,1+1,30000.0
Çayyolu/ÜmitköyAlacaatlı Mh.,5+1,125000.0
AyrancıGüvenevler Mh.,3+1,43000.0
DikmenMürsel Uluç Mh.,5+1,45000.0
Çayyolu/ÜmitköyKoru Mah.,3+1,45000.0
Topraklık/KurtuluşArka Topraklık Mh.,3+1,24000.0
Gaziosmanpaşa(Gop)Büyükesat Mh.,2+1,71000.0
MerkezBeytepe Mah.,7+2,185000.0
MerkezBeytepe Mah.,1+1,49000.0
Çayyolu/ÜmitköyProf. Dr. Ahmet Taner Kışlalı Mh.,8+1,750000.0
CebeciÇamlıtepe Mh.,1+1,35000.0
Balgatİşçi Blokları Mh.,5+1,90000.0
KavaklıdereÇankaya Mh.,4+1,59000.0
BahçelievlerBahçelievler Mh.,1+1,36000.0
DikmenYukarı Dikmen Mh.,1+1,48000.0
Çayyolu/ÜmitköyMutlukent Mah.,4+1,75000.0
ÖveçlerKarapınar Mh.,3+1,39000.0
ÖveçlerAta Mah.,2+1,26000.0
Çayyolu/ÜmitköyKonutkent Mah.,1+1,31750.0
MerkezMebusevleri Mah.,1+1,50000.0
MerkezMebusevleri Mah.,1+1,45000.0
Çayyolu/ÜmitköyProf. Dr. Ahmet Taner Kışlalı Mh.,4+1,54500.0
Gaziosmanpaşa(Gop)Gaziosmanpaşa Mh.,1+1,35500.0
Çayyolu/ÜmitköyYaşamkent Mh.,3+1,32000.0
Yıldızİlkbahar Mh.,2.5+1,68000.0
KüçükesatDoğuş Mh.,3+1,25000.0
BahçelievlerEmek Mah.,2+1,55500.0
Dikmenİlkadım Mh.,3+1,26000.0
BalgatYukarı Öveçler Mh.,3+1,52000.0
YıldızBirlik Mah.,3+1,39000.0
KüçükesatDoğuş Mh.,3+1,26000.0
ÖveçlerŞehit Cevdet Özdemir Mh.,2+1,28950.0
KüçükesatTınaztepe Mh.,3+1,23000.0
MerkezErzurum Mah.,3+1,32000.0
MerkezHilal Mah.,1+1,36000.0
Topraklık/Kurtuluşİncesu Mh.,2+1,27200.0
AnıttepeAnıttepe Mh.,3+1,36000.0
Balgat,1+1,37000.0
DikmenSokullu Mehmet Paşa Mh.,4+1,38500.0
DikmenYukarı Dikmen Mh.,3+1,32000.0
Yıldızİlkbahar Mh.,1+1,46500.0
Çayyolu/ÜmitköyÜmit Mh.,4+1,70000.0
KavaklıdereKavaklıdere Mh.,3+1,42000.0
Çayyolu/ÜmitköyÇayyolu Mh.,5+2,85000.0
DikmenOran Mah.,3+1,36000.0
YıldızYıldızevler Mh.,2+1,37000.0
Gaziosmanpaşa(Gop)Büyükesat Mh.,3+1,26500.0
DikmenHarbiye Mah.,2+1,22000.0
DikmenYukarı Dikmen Mh.,4+1,60000.0
ÖveçlerŞehit Cengiz Karaca Mh.,3+1,25500.0
BalgatYukarı Öveçler Mh.,3+1,52000.0
Yıldızİlkbahar Mh.,3+1,60000.0
KüçükesatDoğuş Mh.,3+1,25000.0
ÖveçlerŞehit Cengiz Karaca Mh.,3+1,34999.0
ÖveçlerAta Mah.,3+1,34000.0
Topraklık/Kurtuluşİncesu Mh.,1+1,27250.0
Sıhhiye/ZaferEti Mah.,3+1,40000.0
YıldızBirlik Mah.,4+1,50000.0
DikmenMürsel Uluç Mh.,3+1,30000.0
DikmenHarbiye Mah.,3+1,31000.0
SıhhiyeSağlık Mh.,2+1,50000.0
BalgatNasuh Akar Mah.,2+1,65000.0
Gaziosmanpaşa(Gop)Kazım Özalp Mh.,1+1,42000.0
DikmenHarbiye Mah.,3+1,35000.0
AyrancıGüzeltepe Mh.,1+1,40000.0
KüçükesatTınaztepe Mh.,3+1,25000.0
YıldızYıldızevler Mh.,4+1,75000.0
BalgatNasuh Akar Mah.,2+1,96800.0
ÖveçlerŞehit Cevdet Özdemir Mh.,3+1,40000.0
BalgatOğuzlar Mh.,2+1,96800.0
AyrancıAziziye Mah.,3+1,45000.0
MerkezHilal Mah.,4.5+1,80000.0
BalgatCevizlidere Mah.,3+1,55000.0
YıldızBirlik Mah.,3+1,34500.0
Çayyolu/ÜmitköyÜmit Mh.,Stüdyo (1+0),22000.0
DikmenSokullu Mehmet Paşa Mh.,3+1,30000.0
BalgatOğuzlar Mh.,3+1,43000.0
Yıldızİlkbahar Mh.,3.5+1,66000.0
Çayyolu/ÜmitköyKonutkent Mah.,1+1,30850.0
BahçelievlerBahçelievler Mh.,2+1,47000.0
BalgatÇiğdem Mh.,3+1,37000.0
YıldızYıldızevler Mh.,3+1,45000.0
MerkezMebusevleri Mah.,2+1,45000.0
DikmenMürsel Uluç Mh.,4+1,45000.0
MerkezBeytepe Mah.,1+1,21000.0
Çayyolu/ÜmitköyKonutkent Mah.,Stüdyo (1+0),30000.0
Gaziosmanpaşa(Gop)Kazım Özalp Mh.,1+1,57000.0
Çayyolu/ÜmitköyYaşamkent Mh.,2+1,62000.0
MerkezBeytepe Mah.,4+1,190000.0
BahçelievlerYukarı Bahçelievler Mh.,3+1,35000.0
Çayyolu/ÜmitköyAlacaatlı Mh.,Stüdyo (1+0),25000.0
Çayyolu/ÜmitköyKonutkent Mah.,1+1,29000.0
BalgatMustafa Kemal Mah.,1+1,55000.0
Balgatİşçi Blokları Mh.,2+1,30000.0
Çayyolu/ÜmitköyKonutkent Mah.,2+1,50000.0
CebeciDilekler Mah.,4+1,49750.0
YıldızBirlik Mah.,4+1,50000.0
Çayyolu/ÜmitköyAlacaatlı Mh.,1+1,28000.0
Çayyolu/ÜmitköyAlacaatlı Mh.,1+1,35000.0
Çayyolu/ÜmitköyÇayyolu Mh.,3+1,40000.0
BalgatÇukurambar Mh.,4+1,77000.0
MerkezAşıkpaşa Mh.,3+1,25000.0
Çayyolu/ÜmitköyAlacaatlı Mh.,1+1,30000.0
MerkezBeytepe Mah.,4+1,95000.0
ÖveçlerAşağı Öveçler Mh.,3+1,40000.0
MerkezMebusevleri Mah.,2+1,40000.0
KavaklıdereKavaklıdere Mh.,1+1,49500.0
Yıldızİlkbahar Mh.,1+1,37000.0
AyrancıAyrancı Mh.,3+1,35000.0
Yıldızİlkbahar Mh.,1+1,38500.0
MerkezEsatoğlu Mh.,2+1,27500.0
ÖveçlerŞehit Cengiz Karaca Mh.,3+1,29000.0
YıldızYıldızevler Mh.,3+1,38000.0
ÖveçlerGökkuşağı Mh.,3+1,75000.0
YıldızBirlik Mah.,1+1,34900.0
Çayyolu/ÜmitköyMutlukent Mah.,4+1,72500.0
DikmenMalazgirt Mah.,3+1,37500.0
Bilkent/Bilkentplaza/BeytepeÜniversiteler Mh.,4+1,125000.0
Çayyolu/ÜmitköyKonutkent Mah.,1+1,33000.0
ZafertepeMetin Oktay Mah.,1.5+1,26000.0
Gaziosmanpaşa(Gop)Kazım Özalp Mh.,1+1,43000.0
YıldızYıldızevler Mh.,3+1,33000.0
Yıldızİlkbahar Mh.,4.5+1,63500.0
BahçelievlerYukarı Bahçelievler Mh.,3+1,38000.0
DikmenYukarı Dikmen Mh.,1+1,40000.0
Çayyolu/ÜmitköyYaşamkent Mh.,2+1,35000.0
DikmenDumlupınar Mh.,3+1,65000.0
AnıttepeAnıttepe Mh.,2+1,52000.0
KüçükesatTınaztepe Mh.,3+1,20000.0
Yıldızİlkbahar Mh.,1+1,40000.0
DikmenKeklik Pınarı Mh.,3+1,26000.0
MerkezBeytepe Mah.,4+1,110000.0
Çayyolu/ÜmitköyYaşamkent Mh.,4+1,50000.0
MerkezAşıkpaşa Mh.,3+1,25000.0
Gaziosmanpaşa(Gop)Büyükesat Mh.,4+1,38000.0
Çayyolu/ÜmitköyYaşamkent Mh.,4+1,62000.0
BalgatÇukurambar Mh.,3+1,55000.0
ZafertepeBayraktar Mah.,3+1,46000.0
ÖveçlerŞehit Cevdet Özdemir Mh.,3+1,30000.0
MerkezBeytepe Mah.,4+1,90000.0
Çayyolu/ÜmitköyMutlukent Mah.,3+1,73000.0
Çayyolu/ÜmitköyKonutkent Mah.,1+1,50000.0
KüçükesatDoğuş Mh.,2+1,27500.0
BahçelievlerEmek Mah.,1+1,38500.0
Maltepe,3+1,26000.0
Çayyolu/ÜmitköyAlacaatlı Mh.,1+1,31000.0
MerkezBeytepe Mah.,4+1,150000.0
DikmenKeklik Pınarı Mh.,3+1,40000.0
Çayyolu/ÜmitköyYaşamkent Mh.,2+1,35000.0
Tunalı HilmiBarbaros Mah.,1+1,62000.0
AyrancıGüvenevler Mh.,3+1,46000.0
ÖveçlerAkpınar Mh.,4+1,39000.0
Yıldızİlkbahar Mh.,2+1,43000.0
YıldızBirlik Mah.,4+1,60000.0
AnıttepeYücetepe Mh.,2+1,30000.0
BalgatCevizlidere Mah.,3+1,85000.0
Gaziosmanpaşa(Gop)Büyükesat Mh.,6+1,440000.0
KızılayKültür Mh.,3+1,37000.0
Çayyolu/ÜmitköyAlacaatlı Mh.,Stüdyo (1+0),20000.0
DikmenMürsel Uluç Mh.,3+1,24000.0
BahçelievlerYukarı Bahçelievler Mh.,4+1,70000.0
MerkezAşıkpaşa Mh.,1+1,36000.0
Yıldızİlkbahar Mh.,1+1,55000.0
AnıttepeAnıttepe Mh.,2+1,24000.0
YıldızYıldızevler Mh.,7+1,200000.0
BalgatÇiğdem Mh.,4+1,75000.0
ZafertepeBağcılar Mh.,3+1,39000.0
Çayyolu/ÜmitköyYaşamkent Mh.,1+1,31650.0
MerkezHilal Mah.,3+1,42000.0
Çayyolu/ÜmitköyYaşamkent Mh.,4+1,55000.0
Çayyolu/ÜmitköyProf. Dr. Ahmet Taner Kışlalı Mh.,2+1,39000.0
DikmenYukarı Dikmen Mh.,2+1,53000.0
DikmenHarbiye Mah.,3+1,37500.0
Çayyolu/ÜmitköyProf. Dr. Ahmet Taner Kışlalı Mh.,3+1,47750.0
MerkezAşıkpaşa Mh.,3+1,28000.0
MerkezBeytepe Mah.,7+1,475000.0
Sıhhiye/ZaferKorkutreis Mah.,1+1,20000.0
Çayyolu/ÜmitköyAlacaatlı Mh.,1+1,50000.0
Çayyolu/ÜmitköyYaşamkent Mh.,3+1,45000.0
BalgatOğuzlar Mh.,2+1,59000.0
Çayyolu/ÜmitköyProf. Dr. Ahmet Taner Kışlalı Mh.,1+1,37500.0
DikmenYukarı Dikmen Mh.,2+1,55000.0
KırkkonaklarKırkkonaklar Mh.,5+1,80000.0
AnıttepeAnıttepe Mh.,2+1,45000.0
ZafertepeBağcılar Mh.,8+1,47000.0
ÖveçlerHuzur Mah.,3+1,25000.0
ÖveçlerHuzur Mah.,3+1,25000.0
Çayyolu/ÜmitköyKonutkent Mah.,4+1,58000.0
YıldızBirlik Mah.,1+1,45000.0
DikmenYukarı Dikmen Mh.,1+1,35000.0
DikmenYukarı Dikmen Mh.,2+1,48000.0
Gaziosmanpaşa(Gop)Gaziosmanpaşa Mh.,4+1,99000.0
Gaziosmanpaşa(Gop)Kazım Özalp Mh.,2+1,32000.0
BahçelievlerEmek Mah.,2+1,23000.0
MerkezMebusevleri Mah.,1+1,50000.0
BahçelievlerEmek Mah.,2+1,31000.0
Gaziosmanpaşa(Gop)Kazım Özalp Mh.,1+1,42500.0
CebeciFakülteler Mh.,1+1,42000.0
Çayyolu/ÜmitköyKonutkent Mah.,Stüdyo (1+0),21000.0
ÖveçlerAta Mah.,3+1,35000.0
YıldızSancak Mah.,1+1,32500.0
BalgatÇukurambar Mh.,3+1,62000.0
Çayyolu/ÜmitköyAlacaatlı Mh.,1+1,42000.0
AnıttepeYücetepe Mh.,2+1,35000.0
MerkezDodurga Mah.,1+1,27500.0
Çayyolu/ÜmitköyAlacaatlı Mh.,5+1,95000.0
Yıldızİlkbahar Mh.,4+1,57000.0
YıldızBirlik Mah.,3+1,32000.0
Gaziosmanpaşa(Gop)Gaziosmanpaşa Mh.,1+1,41000.0
DikmenMürsel Uluç Mh.,1+1,30000.0
Balgatİşçi Blokları Mh.,2+1,34000.0
Çayyolu/ÜmitköyMutlukent Mah.,4+1,130000.0
Çayyolu/ÜmitköyAlacaatlı Mh.,1+1,41500.0
BahçelievlerEmek Mah.,2+1,46000.0
Tunalı HilmiBarbaros Mah.,4+1,100000.0
Topraklık/Kurtuluşİleri Mh.,2+1,23500.0
Çayyolu/ÜmitköyKonutkent Mah.,1+1,28000.0
YıldızSancak Mah.,2+1,33500.0
BalgatOğuzlar Mh.,3+1,35000.0
MerkezEsatoğlu Mh.,2+1,38000.0
Çayyolu/ÜmitköyAlacaatlı Mh.,1+1,30000.0
ÖveçlerÖveçler Mh.,3+1,30000.0
Yıldızİlkbahar Mh.,2+1,51000.0
Çayyolu/ÜmitköyMutlukent Mah.,6+1,190000.0
MerkezBeytepe Mah.,4+1,145000.0
Topraklık/Kurtuluşİncesu Mh.,2+1,25000.0
ZafertepeMurat Mah.,3+1,26500.0
ÖveçlerGökkuşağı Mh.,1+1,19000.0
Cebeci,1+1,34000.0
Çayyolu/ÜmitköyAlacaatlı Mh.,7+1,220000.0
BalgatÇukurambar Mh.,3+1,65000.0
ÖveçlerŞehit Cengiz Karaca Mh.,4+1,38000.0
BahçelievlerBahçelievler Mh.,2+1,29500.0
ÖveçlerAta Mah.,3+1,32500.0
MerkezBeytepe Mah.,1+1,41000.0
Çayyolu/ÜmitköyAlacaatlı Mh.,1+1,30000.0
Çayyolu/ÜmitköyMutlukent Mah.,3+1,50000.0
Yıldızİlkbahar Mh.,1+1,48000.0
DikmenOran Mah.,2+1,85000.0
KırkkonaklarKırkkonaklar Mh.,1+1,24000.0
DikmenOran Mah.,3+1,45000.0
Çayyolu/ÜmitköyAlacaatlı Mh.,1+1,41000.0
BahçelievlerBahçelievler Mh.,3+1,68000.0
ZafertepeSeyranbağları Mh.,3+1,30000.0
Çayyolu/ÜmitköyAlacaatlı Mh.,1+1,40000.0
KüçükesatMuhsin Ertuğrul Mh.,3+1,23000.0
Tunalı HilmiRemzi Oğuz Arık Mh.,3+1,42500.0
Çayyolu/ÜmitköyKonutkent Mah.,2+1,60000.0
ÖveçlerHuzur Mah.,2+1,23500.0
MerkezAşıkpaşa Mh.,2+1,26250.0
AyrancıGüvenevler Mh.,2+1,40000.0
Çayyolu/ÜmitköyAlacaatlı Mh.,6+1,110000.0
Çayyolu/ÜmitköyAlacaatlı Mh.,1+1,31000.0
DikmenMürsel Uluç Mh.,1+1,34000.0
MerkezBeytepe Mah.,1+1,45000.0
KavaklıdereKavaklıdere Mh.,1+1,29000.0
Çayyolu/ÜmitköyAlacaatlı Mh.,4+1,69000.0
Çayyolu/ÜmitköyAlacaatlı Mh.,6+2,250000.0
KırkkonaklarKırkkonaklar Mh.,3+1,26000.0
CebeciFakülteler Mh.,3+1,29000.0
Çayyolu/ÜmitköyKonutkent Mah.,1+1,34000.0
Çayyolu/ÜmitköyYaşamkent Mh.,4+1,53000.0
AyrancıAziziye Mah.,1+1,45000.0
AyrancıAyrancı Mh.,4+1,40000.0
BalgatÇiğdem Mh.,3+1,35000.0
CebeciÇamlıtepe Mh.,3+1,35000.0
Çayyolu/ÜmitköyÜmit Mh.,2+1,62500.0
Çayyolu/ÜmitköyÜmit Mh.,3+1,35000.0
Çayyolu/ÜmitköyAlacaatlı Mh.,2+1,33000.0
DikmenHarbiye Mah.,3+1,25000.0
BahçelievlerBahçelievler Mh.,2+1,29500.0
Çayyolu/ÜmitköyYaşamkent Mh.,4+1,75000.0
MerkezAşıkpaşa Mh.,3+1,35000.0
DikmenOran Mah.,3+1,70000.0
KızılayKültür Mh.,1+1,24000.0
KırkkonaklarKırkkonaklar Mh.,3+1,40000.0
BalgatOğuzlar Mh.,3+1,40000.0
AyrancıGüvenevler Mh.,3+1,39000.0
MerkezHilal Mah.,4.5+1,89000.0
Çayyolu/ÜmitköyYaşamkent Mh.,1+1,26500.0
AyrancıGüzeltepe Mh.,4.5+1,95000.0
Çayyolu/ÜmitköyAlacaatlı Mh.,4+1,53000.0
Gaziosmanpaşa(Gop)Kazım Özalp Mh.,1+1,45000.0
KızılayKızılay Mh.,2+1,35000.0
ÖveçlerGökkuşağı Mh.,5+1,160000.0
MerkezAşıkpaşa Mh.,2+1,35500.0
BalgatKızılırmak Mh.,2+1,125000.0
Gaziosmanpaşa(Gop)Büyükesat Mh.,3+1,96000.0
BalgatMustafa Kemal Mah.,Stüdyo (1+0),32000.0
Çayyolu/ÜmitköyAlacaatlı Mh.,1+1,38000.0
BalgatÇukurambar Mh.,1+1,58000.0
AyrancıGüvenevler Mh.,3+1,41000.0
DikmenDumlupınar Mh.,3+1,50000.0
Balgatİşçi Blokları Mh.,2+1,37000.0
BahçelievlerYukarı Bahçelievler Mh.,2+1,48000.0
BahçelievlerEmek Mah.,1+1,42500.0
Çayyolu/ÜmitköyProf. Dr. Ahmet Taner Kışlalı Mh.,3+1,40000.0
BahçelievlerYukarı Bahçelievler Mh.,3+1,36500.0
DikmenOran Mah.,2+1,30000.0
Yıldızİlkbahar Mh.,2+1,52000.0
CebeciÇamlıtepe Mh.,3+1,28000.0
Çayyolu/ÜmitköyAlacaatlı Mh.,Stüdyo (1+0),23000.0
BahçelievlerEmek Mah.,2+1,38000.0
AyrancıAziziye Mah.,3+1,47000.0
BahçelievlerBahçelievler Mh.,2+1,43000.0
Çayyolu/ÜmitköyYaşamkent Mh.,1+1,26250.0
Çayyolu/ÜmitköyYaşamkent Mh.,1+1,29000.0
MerkezErzurum Mah.,2+1,45000.0
Gaziosmanpaşa(Gop)Büyükesat Mh.,3+1,42000.0
Çayyolu/ÜmitköyKonutkent Mah.,1+1,35000.0
Gaziosmanpaşa(Gop)Kazım Özalp Mh.,4+1,35000.0
BahçelievlerYukarı Bahçelievler Mh.,3+1,40000.0
DikmenYukarı Dikmen Mh.,4+1,63000.0
ÖveçlerAşağı Öveçler Mh.,3+1,30000.0
YıldızBirlik Mah.,5+1,58000.0
Tunalı HilmiBarbaros Mah.,3+1,45000.0
Çayyolu/ÜmitköyMutlukent Mah.,5+1,125000.0
YıldızSancak Mah.,3+1,35000.0
Dikmenİlker Mh.,3+1,23500.0
YıldızSancak Mah.,3+1,36000.0
Çayyolu/ÜmitköyYaşamkent Mh.,2+1,39000.0
BahçelievlerYukarı Bahçelievler Mh.,3+1,35000.0
DikmenNaci Çakır Mh.,3+1,24000.0
Çayyolu/ÜmitköyÜmit Mh.,4+1,75000.0
ÖveçlerAkpınar Mh.,6+1,50000.0
Çayyolu/ÜmitköyAlacaatlı Mh.,3+1,35000.0
BalgatCevizlidere Mah.,3+1,48000.0
ÖveçlerŞehit Cevdet Özdemir Mh.,3+1,37000.0
Çayyolu/ÜmitköyKonutkent Mah.,1+1,28500.0
Topraklık/Kurtuluşİleri Mh.,3+1,27500.0
KızılayMeşrutiyet Mh.,3+1,35000.0
CebeciFakülteler Mh.,3+1,28000.0
DikmenSokullu Mehmet Paşa Mh.,3+1,40000.0
BahçelievlerBahçelievler Mh.,3+1,40000.0
KırkkonaklarKırkkonaklar Mh.,4+1,70000.0
BalgatYukarı Öveçler Mh.,1+1,30000.0
Çayyolu/ÜmitköyYaşamkent Mh.,1+1,21750.0
Çayyolu/ÜmitköyAlacaatlı Mh.,4.5+1,66000.0
KavaklıdereKavaklıdere Mh.,1+1,49000.0
Topraklık/Kurtuluşİncesu Mh.,3+1,25000.0
ZafertepeSeyranbağları Mh.,2+1,32000.0
Gaziosmanpaşa(Gop)Büyükesat Mh.,4+1,60000.0
Çayyolu/ÜmitköyYaşamkent Mh.,4+1,37500.0
Çayyolu/ÜmitköyKonutkent Mah.,Stüdyo (1+0),22500.0
Çayyolu/ÜmitköyAlacaatlı Mh.,1+1,30500.0
Gaziosmanpaşa(Gop)Büyükesat Mh.,3+1,55000.0
BalgatCevizlidere Mah.,3+1,33000.0
DikmenOran Mah.,2+1,35000.0
Çayyolu/ÜmitköyAlacaatlı Mh.,1+1,35000.0
BahçelievlerEmek Mah.,2+1,47000.0
KırkkonaklarKırkkonaklar Mh.,4+2,56000.0
Çayyolu/ÜmitköyYaşamkent Mh.,4+1,60000.0
YıldızSancak Mah.,4.5+1,55000.0
MerkezHilal Mah.,4+1,49000.0
Çayyolu/ÜmitköyYaşamkent Mh.,1+1,25000.0
Çayyolu/ÜmitköyProf. Dr. Ahmet Taner Kışlalı Mh.,3+1,41000.0
ZafertepeUmut Mah.,3+1,35000.0
KırkkonaklarKırkkonaklar Mh.,4+1,32500.0
KüçükesatTınaztepe Mh.,2+1,20000.0
Çayyolu/ÜmitköyKoru Mah.,4+1,65000.0
BahçelievlerEmek Mah.,1+1,48000.0
Çayyolu/ÜmitköyÜmit Mh.,3+1,57000.0
Çayyolu/ÜmitköyAlacaatlı Mh.,1+1,37000.0
BahçelievlerEmek Mah.,2+1,55000.0
Çayyolu/ÜmitköyAlacaatlı Mh.,2+1,50000.0
MerkezHilal Mah.,2+1,49000.0
KavaklıdereÇankaya Mh.,3.5+1,47500.0
DikmenSokullu Mehmet Paşa Mh.,3+1,24500.0
Çayyolu/ÜmitköyAlacaatlı Mh.,7+1,140000.0
ÖveçlerÖveçler Mh.,3+1,23000.0
ZafertepeUmut Mah.,1+1,14000.0
Yıldızİlkbahar Mh.,3.5+1,75000.0
Çayyolu/ÜmitköyAlacaatlı Mh.,2+1,35000.0
Çayyolu/ÜmitköyYaşamkent Mh.,1+1,30000.0
Çayyolu/ÜmitköyKonutkent Mah.,4+1,72000.0
DikmenOran Mah.,4+1,77000.0
KırkkonaklarKırkkonaklar Mh.,2+1,52500.0
Yıldızİlkbahar Mh.,2+1,60000.0
AyrancıAyrancı Mh.,3+1,35000.0
ÖveçlerŞehit Cevdet Özdemir Mh.,2+1,26500.0
Çayyolu/ÜmitköyYaşamkent Mh.,1+1,48000.0
MerkezÖn Cebeci Mh.,3+1,29000.0
Çayyolu/ÜmitköyYaşamkent Mh.,Stüdyo (1+0),30000.0
Gaziosmanpaşa(Gop)100. Yıl Mh.,2+1,32000.0
Çayyolu/ÜmitköyÜmit Mh.,1+1,32500.0
DikmenHarbiye Mah.,3+1,30000.0
DikmenMürsel Uluç Mh.,1+1,22000.0
AyrancıAyrancı Mh.,3+1,34000.0
MerkezBeytepe Mah.,4+1,115000.0
Cebeci,2+1,40000.0
Gaziosmanpaşa(Gop)Gaziosmanpaşa Mh.,2+1,35000.0
Çayyolu/ÜmitköyAlacaatlı Mh.,1+1,42500.0
Çayyolu/ÜmitköyKonutkent Mah.,1+1,40000.0
DikmenYukarı Dikmen Mh.,4+1,51000.0
AnıttepeAnıttepe Mh.,3+1,52000.0
KavaklıdereKavaklıdere Mh.,2+1,35000.0
BalgatCevizlidere Mah.,2+1,30000.0
AyrancıAyrancı Mh.,2+1,30000.0
Dikmenİlkadım Mh.,3+1,27500.0
Gaziosmanpaşa(Gop)Gaziosmanpaşa Mh.,1+1,37500.0
Tunalı HilmiRemzi Oğuz Arık Mh.,3+1,50000.0
KüçükesatTınaztepe Mh.,2+1,33000.0
AyrancıGüvenevler Mh.,3+1,36000.0
ZafertepeBayraktar Mah.,2+1,28500.0
KüçükesatTınaztepe Mh.,2+1,27000.0
ÖveçlerKarapınar Mh.,3+1,36000.0
Balgatİşçi Blokları Mh.,3+1,55000.0
ÖveçlerAta Mah.,3+1,26000.0
Çayyolu/ÜmitköyÇayyolu Mh.,3+1,38000.0
Çayyolu/ÜmitköyYaşamkent Mh.,1+1,28500.0
YıldızBirlik Mah.,1+1,26000.0
MerkezDodurga Mah.,3+1,42000.0
AyrancıAziziye Mah.,3+1,30000.0
MerkezBeytepe Mah.,2.5+1,85000.0
MerkezBeytepe Mah.,4.5+1,96500.0
CebeciFakülteler Mh.,3+1,28000.0
Çayyolu/ÜmitköyYaşamkent Mh.,4+1,95000.0
Çayyolu/ÜmitköyAlacaatlı Mh.,2+1,48000.0
MerkezÖn Cebeci Mh.,3+1,30000.0
AnıttepeYücetepe Mh.,3+1,37000.0
Çayyolu/ÜmitköyKonutkent Mah.,1+1,28500.0
DikmenYukarı Dikmen Mh.,4+1,34000.0
DikmenKeklik Pınarı Mh.,3+1,36000.0
ÖveçlerKarapınar Mh.,3+1,45000.0
Tunalı HilmiRemzi Oğuz Arık Mh.,3+1,75000.0
Çayyolu/ÜmitköyYaşamkent Mh.,1+1,25750.0
Çayyolu/ÜmitköyYaşamkent Mh.,1+1,28000.0
Çayyolu/ÜmitköyMutlukent Mah.,4+1,175000.0
Çayyolu/ÜmitköyAlacaatlı Mh.,2+1,41000.0
ZafertepeMetin Oktay Mah.,3+1,29500.0
Çayyolu/ÜmitköyYaşamkent Mh.,1+1,35000.0
DikmenHarbiye Mah.,3+1,27000.0
Yıldızİlkbahar Mh.,2+1,39500.0
MerkezAhlatlıbel Mh.,4+1,65000.0
DikmenSokullu Mehmet Paşa Mh.,3+1,24900.0
BahçelievlerEmek Mah.,2+1,37000.0
DikmenOran Mah.,3+1,40000.0
Yıldızİlkbahar Mh.,3.5+1,54000.0
Çayyolu/ÜmitköyAlacaatlı Mh.,1+1,42000.0
BalgatKızılırmak Mh.,4+1,90000.0
BalgatKızılırmak Mh.,4+1,90000.0
Cebeci,2+1,29500.0
Çayyolu/ÜmitköyAlacaatlı Mh.,2+1,40000.0
KavaklıdereKavaklıdere Mh.,2+1,50000.0
ÖveçlerHuzur Mah.,2+1,35000.0
AyrancıGüzeltepe Mh.,3+1,200000.0
MerkezHilal Mah.,1+1,43000.0
Çayyolu/ÜmitköyÜmit Mh.,3+1,45000.0
YıldızBirlik Mah.,3+1,41000.0
BalgatCevizlidere Mah.,3+1,44000.0
Cebeci,3+1,35000.0
Çayyolu/ÜmitköyMutlukent Mah.,4+1,100000.0
Gaziosmanpaşa(Gop)100. Yıl Mh.,5+2,78000.0
Çayyolu/ÜmitköyAlacaatlı Mh.,4+1,50000.0
ÖveçlerAta Mah.,2+1,25000.0
BahçelievlerBahçelievler Mh.,4+1,50000.0
BalgatKızılırmak Mh.,3+1,65000.0
Gaziosmanpaşa(Gop)100. Yıl Mh.,3+1,39500.0
MerkezAşıkpaşa Mh.,3+1,30000.0
Yıldızİlkbahar Mh.,1+1,37500.0
Gaziosmanpaşa(Gop)Büyükesat Mh.,3+1,67000.0
YıldızBirlik Mah.,5+1,180000.0
Gaziosmanpaşa(Gop)Büyükesat Mh.,2+1,39500.0
KızılayKültür Mh.,1+1,38000.0
AyrancıAziziye Mah.,3+1,42000.0
Çayyolu/ÜmitköyÜmit Mh.,3+1,35000.0
DikmenOran Mah.,1+1,52000.0
DikmenOran Mah.,4+1,105000.0
Çayyolu/ÜmitköyKonutkent Mah.,Stüdyo (1+0),20000.0
Cebeci,2+1,43000.0
MerkezHilal Mah.,4+1,80000.0
Çayyolu/ÜmitköyÇayyolu Mh.,4+1,115000.0
YıldızSancak Mah.,3+1,40000.0
Yıldızİlkbahar Mh.,3+1,59000.0
Gaziosmanpaşa(Gop)Kazım Özalp Mh.,4+1,47000.0
Yıldızİlkbahar Mh.,2.5+1,49500.0
Çayyolu/ÜmitköyAlacaatlı Mh.,3+1,75000.0
Çayyolu/ÜmitköyAlacaatlı Mh.,1+1,29000.0
Sıhhiye/ZaferEti Mah.,Stüdyo (1+0),26000.0
ÖveçlerAta Mah.,3+1,30000.0
BahçelievlerEmek Mah.,1+1,35000.0
ÖveçlerHuzur Mah.,4+1,35000.0
YıldızBirlik Mah.,3+1,45000.0
BahçelievlerYukarı Bahçelievler Mh.,2+1,46000.0
KırkkonaklarKırkkonaklar Mh.,4+1,55000.0
DikmenKeklik Pınarı Mh.,3+1,43000.0
AyrancıAziziye Mah.,2+1,52000.0
Maltepe,2+1,38000.0
MerkezBeytepe Mah.,4+1,140000.0
BalgatKızılırmak Mh.,3+1,70000.0
BalgatCevizlidere Mah.,2+1,30000.0
Yıldızİlkbahar Mh.,3+1,39000.0
Maltepe,2+1,28000.0
YıldızBirlik Mah.,2+2,35000.0
Tunalı HilmiBarbaros Mah.,1+1,55000.0
Çayyolu/ÜmitköyAlacaatlı Mh.,3+1,52000.0
YıldızYıldızevler Mh.,2+1,23000.0
DikmenMalazgirt Mah.,3+1,36000.0
Bilkent/Bilkentplaza/BeytepeÜniversiteler Mh.,2+1,50000.0
KavaklıdereKavaklıdere Mh.,3+1,45000.0
Çayyolu/ÜmitköyKonutkent Mah.,1+1,36000.0
BalgatKızılırmak Mh.,2+1,135000.0
Yıldızİlkbahar Mh.,1+1,45000.0
DikmenHarbiye Mah.,4+1,65000.0
Gaziosmanpaşa(Gop)Kazım Özalp Mh.,1+1,39000.0
Çayyolu/ÜmitköyYaşamkent Mh.,1+1,22000.0
AyrancıAziziye Mah.,3+1,43500.0
YıldızBirlik Mah.,1.5+1,43500.0
BalgatKızılırmak Mh.,4+1,95000.0
ZafertepeUmut Mah.,3+1,25000.0
Çayyolu/ÜmitköyKonutkent Mah.,3+1,40000.0
SıhhiyeFidanlık Mh.,Stüdyo (1+0),37000.0
BalgatÇukurambar Mh.,4+1,70000.0
KüçükesatTınaztepe Mh.,1+1,29000.0
DikmenAydınlar Mh.,4+1,46500.0
Çayyolu/ÜmitköyKonutkent Mah.,1+1,36500.0
DikmenOsman Temiz Mah.,2+1,50000.0
MerkezAşıkpaşa Mh.,3+1,28000.0
YıldızBirlik Mah.,3+1,31000.0
Çayyolu/ÜmitköyYaşamkent Mh.,1+1,32000.0
ÖveçlerAta Mah.,2+1,29000.0
Topraklık/Kurtuluşİleri Mh.,3+1,30000.0
Yıldızİlkbahar Mh.,3+1,42500.0
DikmenKeklik Pınarı Mh.,1+1,29000.0
CebeciFakülteler Mh.,3+1,35000.0
ÖveçlerHuzur Mah.,3+1,30000.0
BalgatÇukurambar Mh.,4+1,52500.0
Çayyolu/ÜmitköyAlacaatlı Mh.,5+2,94000.0
BalgatEhlibeyt Mah.,3+1,30000.0
MerkezÖn Cebeci Mh.,3+1,40000.0
CebeciFakülteler Mh.,2+1,18000.0
DikmenHarbiye Mah.,3+1,56500.0
CebeciErtuğrulgazi Mh.,3+1,27900.0
DikmenYukarı Dikmen Mh.,3+1,46000.0
AnıttepeYücetepe Mh.,3+1,35000.0
Yıldızİlkbahar Mh.,2+1,50000.0
Çayyolu/ÜmitköyYaşamkent Mh.,1+1,38500.0
Çayyolu/ÜmitköyAlacaatlı Mh.,1+1,42500.0
Çayyolu/ÜmitköyKonutkent Mah.,1+1,32000.0
Çayyolu/ÜmitköyYaşamkent Mh.,1+1,50000.0
Çayyolu/ÜmitköyÇayyolu Mh.,3+1,45000.0
BalgatÇukurambar Mh.,4+1,55000.0
Çayyolu/ÜmitköyKonutkent Mah.,1+1,29000.0
Gaziosmanpaşa(Gop)Kazım Özalp Mh.,1+1,43000.0
Çayyolu/ÜmitköyProf. Dr. Ahmet Taner Kışlalı Mh.,3+1,50000.0
ZafertepeMurat Mah.,3+1,23000.0
BahçelievlerYukarı Bahçelievler Mh.,3+1,31000.0
Çayyolu/ÜmitköyAlacaatlı Mh.,1+1,30000.0
Çayyolu/ÜmitköyÜmit Mh.,4+1,90000.0
Çayyolu/ÜmitköyÜmit Mh.,4+1,85000.0
BahçelievlerBahçelievler Mh.,4+1,50000.0
Çayyolu/ÜmitköyAlacaatlı Mh.,2+1,50000.0
YıldızBirlik Mah.,3+1,36000.0
Balgatİşçi Blokları Mh.,4+1,55000.0
Çayyolu/ÜmitköyYaşamkent Mh.,Stüdyo (1+0),20000.0
MerkezDodurga Mah.,1+1,28250.0
Çayyolu/ÜmitköyProf. Dr. Ahmet Taner Kışlalı Mh.,3+1,43000.0
MerkezÖn Cebeci Mh.,3+1,39000.0
MerkezBeytepe Mah.,4+1,105000.0
Çayyolu/ÜmitköyYaşamkent Mh.,Stüdyo (1+0),16000.0
DikmenYukarı Dikmen Mh.,2+1,25000.0
KavaklıdereÇankaya Mh.,3+1,40000.0
BalgatCevizlidere Mah.,4+1,42000.0
DikmenOran Mah.,4+1,235000.0
Çayyolu/ÜmitköyAlacaatlı Mh.,1+1,35000.0
KavaklıdereKavaklıdere Mh.,2+1,37000.0
MerkezBeytepe Mah.,6+1,195000.0
Çayyolu/ÜmitköyAlacaatlı Mh.,1+1,20000.0
ZafertepeBoztepe Mah.,1+1,23000.0
DikmenYukarı Dikmen Mh.,2+1,48000.0
KüçükesatMuhsin Ertuğrul Mh.,2+1,32000.0
Çayyolu/ÜmitköyAlacaatlı Mh.,1+1,28500.0
Yıldızİlkbahar Mh.,1+1,38500.0
Balgatİşçi Blokları Mh.,4+1,72000.0
Çayyolu/ÜmitköyKonutkent Mah.,2+0,250000.0
CebeciFakülteler Mh.,1+1,25000.0
Balgat,1+1,40000.0
ÖveçlerKarapınar Mh.,1+1,24000.0
DikmenSokullu Mehmet Paşa Mh.,3+1,17000.0
Sıhhiye/ZaferKorkutreis Mah.,Stüdyo (1+0),12500.0
Cebeci,Stüdyo (1+0),13500.0
DikmenYukarı Dikmen Mh.,1+1,45000.0
MerkezBeytepe Mah.,3.5+1,93000.0
KırkkonaklarKırkkonaklar Mh.,3+1,33000.0
Çayyolu/ÜmitköyAlacaatlı Mh.,5+1,85000.0
BahçelievlerEmek Mah.,2.5+1,30000.0
Çayyolu/ÜmitköyÇayyolu Mh.,3+1,80000.0
Çayyolu/ÜmitköyAlacaatlı Mh.,1+1,32000.0
ZafertepeSeyranbağları Mh.,3+1,27000.0
MerkezBademlidere Mah.,1+1,30000.0
DikmenYukarı Dikmen Mh.,3+1,32000.0
AyrancıAziziye Mah.,3+2,78000.0
DikmenOsman Temiz Mah.,2+1,65000.0
BalgatEhlibeyt Mah.,3+1,34000.0
ÖveçlerAkpınar Mh.,2+1,26500.0
MerkezMebusevleri Mah.,3+1,32000.0
Tunalı HilmiBarbaros Mah.,1+1,42000.0
Çayyolu/ÜmitköyKonutkent Mah.,1+1,32950.0
MerkezAşıkpaşa Mh.,3+1,37500.0
Yıldızİlkbahar Mh.,1+1,36000.0
Çayyolu/ÜmitköyAlacaatlı Mh.,2+1,45000.0
ÖveçlerAşağı Öveçler Mh.,3+1,34000.0
AyrancıGüvenevler Mh.,3+1,52500.0
Yıldızİlkbahar Mh.,4+1,68500.0
BahçelievlerEmek Mah.,2+1,45000.0
DikmenNaci Çakır Mh.,3+1,25000.0
BalgatÇiğdem Mh.,3+1,40000.0
YıldızBirlik Mah.,4+1,42000.0
YıldızYıldızevler Mh.,3+1,34500.0
AyrancıAyrancı Mh.,1+1,31000.0
BahçelievlerBahçelievler Mh.,1+1,38000.0
ÖveçlerAşağı Öveçler Mh.,2+1,32000.0
CebeciFakülteler Mh.,3+1,30000.0
Çayyolu/ÜmitköyMutlukent Mah.,2+1,70000.0
ZafertepeMetin Oktay Mah.,2+1,21000.0
Çayyolu/ÜmitköyAlacaatlı Mh.,1+1,35000.0
Çayyolu/ÜmitköyYaşamkent Mh.,1+1,27500.0
MerkezBeytepe Mah.,5+1,225000.0
Çayyolu/ÜmitköyKonutkent Mah.,2+1,55750.0
AyrancıGüzeltepe Mh.,4+1,85000.0
BahçelievlerEmek Mah.,1+1,43000.0
ZafertepeBayraktar Mah.,3+1,28000.0
ZafertepeGöktürk Mh.,3+1,30000.0
Çayyolu/ÜmitköyAlacaatlı Mh.,1+1,26000.0
YıldızSancak Mah.,4+1,62500.0
BahçelievlerBahçelievler Mh.,3+1,45000.0
Çayyolu/ÜmitköyÜmit Mh.,1+1,29000.0
Yıldızİlkbahar Mh.,1+1,49500.0
BahçelievlerYukarı Bahçelievler Mh.,3+1,40000.0
Çayyolu/ÜmitköyYaşamkent Mh.,1+1,27500.0
DikmenOran Mah.,5+1,140000.0
BalgatÇukurambar Mh.,1+1,60000.0
DikmenMetin Akkuş Mh.,1+1,27500.0
DikmenMetin Akkuş Mh.,3+1,25000.0
KüçükesatDoğuş Mh.,2+1,23000.0
YıldızSancak Mah.,3+1,32500.0
Çayyolu/ÜmitköyAlacaatlı Mh.,Stüdyo (1+0),27000.0
Gaziosmanpaşa(Gop)Büyükesat Mh.,3+1,65000.0
Çayyolu/ÜmitköyKonutkent Mah.,1+1,33000.0
DikmenMürsel Uluç Mh.,4+1,36500.0
BahçelievlerBahçelievler Mh.,2+1,39000.0
BahçelievlerYukarı Bahçelievler Mh.,3.5+1,46000.0
MerkezHilal Mah.,2+1,55000.0
Gaziosmanpaşa(Gop)Büyükesat Mh.,3+1,49000.0
Çayyolu/ÜmitköyYaşamkent Mh.,1+1,45000.0
Gaziosmanpaşa(Gop)Büyükesat Mh.,3+1,99500.0
Çayyolu/ÜmitköyYaşamkent Mh.,2+1,45000.0
BahçelievlerEmek Mah.,5+1,55000.0
Cebeci,2+1,29990.0
Çayyolu/ÜmitköyAlacaatlı Mh.,2+1,50000.0
AyrancıGüvenevler Mh.,2+1,29500.0
AyrancıAyrancı Mh.,3+1,29500.0
Çayyolu/ÜmitköyAlacaatlı Mh.,4+1,80000.0
YıldızBirlik Mah.,4+1,42000.0
ZafertepeMimar Sinan Mah.,2+1,35000.0
Çayyolu/ÜmitköyYaşamkent Mh.,1+1,39500.0
AyrancıAziziye Mah.,3+1,44000.0
BahçelievlerBahçelievler Mh.,2+1,50000.0
KızılayKızılay Mh.,1+1,41000.0
MerkezMebusevleri Mah.,4+1,55000.0
Çayyolu/ÜmitköyAlacaatlı Mh.,1+1,29000.0
KavaklıdereKavaklıdere Mh.,2+1,70000.0
Çayyolu/ÜmitköyÜmit Mh.,4+1,90000.0
Çayyolu/ÜmitköyProf. Dr. Ahmet Taner Kışlalı Mh.,3+2,80000.0
KavaklıdereKavaklıdere Mh.,2+1,34500.0
Çayyolu/ÜmitköyAlacaatlı Mh.,2+1,42500.0
DikmenNaci Çakır Mh.,2+1,35000.0
Çayyolu/ÜmitköyAlacaatlı Mh.,1+1,29000.0
Sıhhiye/ZaferEti Mah.,3+1,25000.0
Çayyolu/ÜmitköyKonutkent Mah.,1+1,23500.0
ÖveçlerAkpınar Mh.,3+1,22500.0
KızılayMeşrutiyet Mh.,3+1,43000.0
ÖveçlerŞehit Cengiz Karaca Mh.,1+1,20000.0
CebeciErtuğrulgazi Mh.,2+1,23500.0
KüçükesatTınaztepe Mh.,2+1,29000.0
Çayyolu/ÜmitköyYaşamkent Mh.,1+1,27500.0
AyrancıGüvenevler Mh.,2+1,42000.0
YıldızYıldızevler Mh.,4+1,110000.0
MerkezHilal Mah.,3+1,38500.0
Çayyolu/ÜmitköyAlacaatlı Mh.,1+1,29000.0
Çayyolu/ÜmitköyYaşamkent Mh.,1+1,33500.0
BahçelievlerYukarı Bahçelievler Mh.,3+1,25000.0
Çayyolu/ÜmitköyÜmit Mh.,4+1,75000.0
YıldızYıldızevler Mh.,2+1,23500.0
MerkezMebusevleri Mah.,3+1,38000.0
Çayyolu/ÜmitköyYaşamkent Mh.,4+1,75000.0
YıldızBirlik Mah.,2+1,50000.0
Çayyolu/ÜmitköyYaşamkent Mh.,4+1,55000.0
Yıldızİlkbahar Mh.,1+1,47500.0
Tunalı HilmiBarbaros Mah.,3+1,30000.0
KavaklıdereKavaklıdere Mh.,1+1,50000.0
CebeciErtuğrulgazi Mh.,3+1,26000.0
Çayyolu/ÜmitköyYaşamkent Mh.,3+1,46000.0
BahçelievlerEmek Mah.,3+1,45999.0
CebeciFakülteler Mh.,3+1,30000.0
BahçelievlerBahçelievler Mh.,3+1,37000.0
Gaziosmanpaşa(Gop)Büyükesat Mh.,3+1,54900.0
MerkezBeytepe Mah.,5+1,89000.0
Çayyolu/ÜmitköyKoru Mah.,3+1,47500.0
Tunalı HilmiRemzi Oğuz Arık Mh.,3+1,47000.0
Çayyolu/ÜmitköyAlacaatlı Mh.,Stüdyo (1+0),19000.0
KavaklıdereKavaklıdere Mh.,1+1,50000.0
KırkkonaklarKırkkonaklar Mh.,3+1,32500.0
MerkezBeytepe Mah.,5+1,135000.0
KızılayKültür Mh.,3+1,35000.0
Topraklık/KurtuluşTopraklık Mh.,3+1,36000.0
DikmenKeklik Pınarı Mh.,5+1,32000.0
KızılayKültür Mh.,1+1,42500.0
Dikmenİlker Mh.,5+1,70000.0
KırkkonaklarKırkkonaklar Mh.,3+1,50000.0
Çayyolu/ÜmitköyYaşamkent Mh.,1+1,34000.0
Çayyolu/ÜmitköyYaşamkent Mh.,1+1,26500.0
DikmenMürsel Uluç Mh.,1+1,33000.0
Çayyolu/ÜmitköyKonutkent Mah.,Stüdyo (1+0),25000.0
Yıldızİlkbahar Mh.,4.5+1,80000.0
BahçelievlerYukarı Bahçelievler Mh.,4+1,76000.0
ÖveçlerŞehit Cevdet Özdemir Mh.,3+1,36500.0
AyrancıGüvenevler Mh.,2+1,33000.0
Dikmenİlker Mh.,1+1,33000.0
Çayyolu/ÜmitköyYaşamkent Mh.,4+1,59000.0
AnıttepeAnıttepe Mh.,1+1,41000.0
BahçelievlerEmek Mah.,3+1,24500.0
MerkezHilal Mah.,4+1,82000.0
Çayyolu/ÜmitköyAlacaatlı Mh.,2+1,50000.0
MerkezMebusevleri Mah.,3+1,36000.0
ZafertepeBoztepe Mah.,3+1,37000.0
ÖveçlerKarapınar Mh.,3+1,38000.0
Zafertepe,3+1,32000.0
Çayyolu/ÜmitköyProf. Dr. Ahmet Taner Kışlalı Mh.,2+1,70000.0
Balgatİşçi Blokları Mh.,2+1,30000.0
DikmenOran Mah.,3+1,32000.0
DikmenHarbiye Mah.,3+1,23000.0
BahçelievlerYukarı Bahçelievler Mh.,2+1,39000.0
BahçelievlerYukarı Bahçelievler Mh.,2+1,29000.0
DikmenKeklik Pınarı Mh.,4+1,67000.0
YıldızBirlik Mah.,3.5+1,50000.0
Dikmenİlkadım Mh.,2+1,39900.0
YıldızYıldızevler Mh.,1+1,30000.0
KavaklıdereKavaklıdere Mh.,1+1,50000.0
Çayyolu/ÜmitköyAlacaatlı Mh.,1+1,32000.0
MerkezBeytepe Mah.,5+1,195000.0
KavaklıdereKavaklıdere Mh.,3+1,55000.0
KızılayMeşrutiyet Mh.,2+1,37500.0
Çayyolu/ÜmitköyMutlukent Mah.,4+1,70000.0
MerkezHilal Mah.,4.5+1,79000.0
Çayyolu/ÜmitköyKonutkent Mah.,1+1,38500.0
Çayyolu/ÜmitköyKonutkent Mah.,2+1,50000.0
DikmenHarbiye Mah.,3+1,33000.0
Tunalı HilmiRemzi Oğuz Arık Mh.,3+1,35000.0
AnıttepeAnıttepe Mh.,1+1,38500.0
Çayyolu/ÜmitköyYaşamkent Mh.,1+1,26500.0
KüçükesatTınaztepe Mh.,1+1,32000.0
BahçelievlerEmek Mah.,2+1,45000.0
Çayyolu/ÜmitköyKonutkent Mah.,1+1,33000.0
YıldızYıldızevler Mh.,2+1,25000.0
Yıldızİlkbahar Mh.,2+1,55000.0
Çayyolu/ÜmitköyKonutkent Mah.,1+1,33000.0
YıldızBirlik Mah.,3+1,38500.0
AyrancıGüzeltepe Mh.,3+1,39750.0
BalgatÇukurambar Mh.,1+1,75000.0
Dikmenİlker Mh.,5+1,45500.0
SıhhiyeSağlık Mh.,Stüdyo (1+0),13000.0
KüçükesatDoğuş Mh.,3+1,29000.0
Çayyolu/ÜmitköyAlacaatlı Mh.,1+1,32500.0
AnıttepeAnıttepe Mh.,3+1,55000.0
ZafertepeGöktürk Mh.,3+1,22000.0
SıhhiyeFidanlık Mh.,2+1,35000.0
DikmenMürsel Uluç Mh.,1+1,22000.0
Çayyolu/ÜmitköyAlacaatlı Mh.,2+1,32000.0
ÖveçlerKarapınar Mh.,3+1,38000.0
ZafertepeSeyranbağları Mh.,2+1,18000.0
Çayyolu/ÜmitköyAlacaatlı Mh.,2+1,65000.0
Gaziosmanpaşa(Gop)Kazım Özalp Mh.,5+2,82000.0
DikmenMürsel Uluç Mh.,3+1,35000.0
Çayyolu/ÜmitköyAlacaatlı Mh.,4+1,87500.0
YıldızYıldızevler Mh.,1+1,40000.0
YıldızBirlik Mah.,3+1,40000.0
YıldızBirlik Mah.,3+1,32000.0
Çayyolu/ÜmitköyYaşamkent Mh.,1+1,25500.0
DikmenHarbiye Mah.,3+1,46000.0
KüçükesatMuhsin Ertuğrul Mh.,2+1,33000.0
BahçelievlerYukarı Bahçelievler Mh.,3+1,40000.0
Çayyolu/ÜmitköyYaşamkent Mh.,1+1,36500.0
DikmenSokullu Mehmet Paşa Mh.,2+1,28000.0
Balgatİşçi Blokları Mh.,4+1,70000.0
KüçükesatKüçükesat Mh.,2+1,25000.0
BahçelievlerYukarı Bahçelievler Mh.,3+1,38000.0
AyrancıAyrancı Mh.,1+1,46000.0
AyrancıAyrancı Mh.,2+1,30000.0
Gaziosmanpaşa(Gop)Büyükesat Mh.,1+1,42000.0
MerkezDodurga Mah.,5+1,81000.0
AnıttepeAnıttepe Mh.,2+1,30000.0
Balgatİşçi Blokları Mh.,1+1,48500.0
BalgatMustafa Kemal Mah.,1+1,51000.0
Balgat,3+1,35000.0
Balgatİşçi Blokları Mh.,2+1,36000.0
Çayyolu/ÜmitköyYaşamkent Mh.,1+1,33000.0
Yıldızİlkbahar Mh.,1+1,42000.0
KavaklıdereÇankaya Mh.,1+1,48000.0
CebeciErtuğrulgazi Mh.,3+1,22000.0
DikmenSokullu Mehmet Paşa Mh.,3+1,27000.0
BahçelievlerYukarı Bahçelievler Mh.,3+1,38500.0
ÖveçlerÖveçler Mh.,3+1,26000.0
ÖveçlerAkpınar Mh.,4+1,45000.0
Yıldızİlkbahar Mh.,2.5+1,60000.0
AnıttepeAnıttepe Mh.,3+1,40000.0
BahçelievlerEmek Mah.,2+1,40000.0
DikmenYukarı Dikmen Mh.,1+1,36000.0
ZafertepeBayraktar Mah.,3+1,20000.0
MerkezKocatepe Mah.,2+1,33000.0
ÖveçlerÖveçler Mh.,1+1,31000.0
DikmenOran Mah.,3+1,47500.0
KırkkonaklarKırkkonaklar Mh.,2+1,33500.0
Çayyolu/ÜmitköyAlacaatlı Mh.,4+1,77000.0
MerkezBeytepe Mah.,4+1,110000.0
ÖveçlerHuzur Mah.,3+1,34000.0
Çayyolu/ÜmitköyYaşamkent Mh.,2+1,38000.0
AyrancıGüvenevler Mh.,2+1,45000.0
BahçelievlerEmek Mah.,1+1,35000.0
Çayyolu/ÜmitköyKonutkent Mah.,1+1,29000.0
ZafertepeUmut Mah.,3+1,25000.0
DikmenSokullu Mehmet Paşa Mh.,3+1,40500.0
ÖveçlerŞehit Cevdet Özdemir Mh.,2+1,35000.0
Cebeci,3+1,45000.0
BalgatOğuzlar Mh.,1+1,36000.0
Çayyolu/ÜmitköyAlacaatlı Mh.,1+1,45000.0
Dikmenİlkadım Mh.,1+1,40000.0
Yıldızİlkbahar Mh.,1+1,38000.0
MerkezHilal Mah.,4.5+1,82000.0
Sıhhiye/ZaferKorkutreis Mah.,Stüdyo (1+0),13000.0
Maltepe,3+1,39000.0
Balgat,2+1,55000.0
Çayyolu/ÜmitköyKonutkent Mah.,2+1,37250.0
AyrancıAyrancı Mh.,2+1,24500.0
Çayyolu/ÜmitköyAlacaatlı Mh.,5+1,90000.0
Çayyolu/ÜmitköyAlacaatlı Mh.,4+1,95000.0
BalgatMustafa Kemal Mah.,3+1,75000.0
AyrancıGüvenevler Mh.,2+1,35000.0
BalgatÇukurambar Mh.,4+1,63000.0
DikmenMürsel Uluç Mh.,3+1,30000.0
Balgatİşçi Blokları Mh.,2+1,34000.0
Çayyolu/ÜmitköyKonutkent Mah.,Stüdyo (1+0),22000.0
BalgatOğuzlar Mh.,3+1,49500.0
Çayyolu/ÜmitköyAlacaatlı Mh.,5+1,60000.0
DikmenYukarı Dikmen Mh.,1+1,30000.0
BalgatÇiğdem Mh.,3+1,33000.0
YıldızSancak Mah.,4+1,46500.0
BahçelievlerEmek Mah.,4+1,55000.0
Gaziosmanpaşa(Gop)Gaziosmanpaşa Mh.,1+1,35000.0
BahçelievlerBahçelievler Mh.,3+1,40000.0
ÖveçlerÖveçler Mh.,2+1,26000.0
ZafertepeUmut Mah.,3+1,40000.0
KüçükesatMuhsin Ertuğrul Mh.,3+1,40000.0
BahçelievlerYukarı Bahçelievler Mh.,3+1,42500.0
YıldızBirlik Mah.,4+1,55000.0
Çayyolu/ÜmitköyÜmit Mh.,3+1,38500.0
DikmenYukarı Dikmen Mh.,1+1,35000.0
Çayyolu/ÜmitköyAlacaatlı Mh.,4+1,60000.0
Çayyolu/ÜmitköyYaşamkent Mh.,2+1,49750.0
Çayyolu/ÜmitköyYaşamkent Mh.,4+1,55000.0
Çayyolu/ÜmitköyKonutkent Mah.,2+1,39250.0
Çayyolu/ÜmitköyKonutkent Mah.,1+1,32000.0
MerkezDodurga Mah.,2+1,29750.0
AyrancıAyrancı Mh.,1+1,28500.0
BahçelievlerEmek Mah.,3+1,38500.0
KüçükesatDoğuş Mh.,3+1,28000.0
MerkezHilal Mah.,3+1,45000.0
DikmenYukarı Dikmen Mh.,1+1,48500.0
AyrancıAziziye Mah.,1+1,30000.0
ÖveçlerAkpınar Mh.,3+1,29500.0
BahçelievlerBahçelievler Mh.,3+1,40000.0
AyrancıAyrancı Mh.,2+1,55000.0
Balgat,3+1,29500.0
YıldızBirlik Mah.,4+1,57000.0
BalgatÇukurambar Mh.,4+1,65000.0
ÖveçlerGökkuşağı Mh.,3+1,25000.0
KavaklıdereKavaklıdere Mh.,3+1,35000.0
AyrancıGüvenevler Mh.,3+1,35500.0
MerkezBeytepe Mah.,4.5+1,135000.0
BahçelievlerYukarı Bahçelievler Mh.,4+1,40000.0
Çayyolu/ÜmitköyKonutkent Mah.,5+1,140000.0
Çayyolu/ÜmitköyYaşamkent Mh.,1+1,24000.0
YıldızBirlik Mah.,3+1,37500.0
DikmenYukarı Dikmen Mh.,2+1,60000.0
ÖveçlerAşağı Öveçler Mh.,3+1,28000.0
DikmenOran Mah.,1+1,55000.0
AyrancıGüzeltepe Mh.,4.5+1,109000.0
Çayyolu/ÜmitköyKonutkent Mah.,1+1,38000.0
MerkezDodurga Mah.,3+1,42000.0
SıhhiyeSağlık Mh.,1+1,40000.0
Çayyolu/ÜmitköyAlacaatlı Mh.,1+1,43000.0
BahçelievlerYukarı Bahçelievler Mh.,3+1,38500.0
ÖveçlerKarapınar Mh.,2+1,34000.0
MerkezBeytepe Mah.,5+2,175000.0
BahçelievlerEmek Mah.,3+1,42500.0
Çayyolu/ÜmitköyYaşamkent Mh.,4+1,67000.0
KavaklıdereKavaklıdere Mh.,3+1,51500.0
Gaziosmanpaşa(Gop)Büyükesat Mh.,5+1,80000.0
Çayyolu/ÜmitköyAlacaatlı Mh.,4+1,65000.0
BahçelievlerEmek Mah.,2+1,47000.0
Çayyolu/ÜmitköyKonutkent Mah.,3+1,40000.0
ZafertepeMimar Sinan Mah.,2+1,38000.0
Çayyolu/ÜmitköyAlacaatlı Mh.,2+1,55000.0
ÖveçlerAşağı Öveçler Mh.,3+1,40000.0
Balgat,1+1,37000.0
Gaziosmanpaşa(Gop)Büyükesat Mh.,3+1,35000.0
Çayyolu/ÜmitköyProf. Dr. Ahmet Taner Kışlalı Mh.,5+2,135000.0
BalgatOğuzlar Mh.,1+1,35000.0
Çayyolu/ÜmitköyYaşamkent Mh.,4+1,73000.0
ÖveçlerAşağı Öveçler Mh.,3+1,55000.0
BahçelievlerYukarı Bahçelievler Mh.,3+1,45000.0
Çayyolu/ÜmitköyAlacaatlı Mh.,4.5+1,81000.0
BalgatÇiğdem Mh.,3+1,45500.0
Çayyolu/ÜmitköyKonutkent Mah.,1+1,35000.0
AyrancıAyrancı Mh.,1+1,31000.0
Dikmenİlkadım Mh.,3+1,29000.0
MerkezAhlatlıbel Mh.,2+1,73000.0
Gaziosmanpaşa(Gop)Büyükesat Mh.,2+1,110000.0
BahçelievlerEmek Mah.,1+1,40000.0
Çayyolu/ÜmitköyÜmit Mh.,2+1,71000.0
Çayyolu/ÜmitköyYaşamkent Mh.,2+1,34000.0
Gaziosmanpaşa(Gop)Kazım Özalp Mh.,3+1,40000.0
AyrancıAziziye Mah.,3+1,41000.0
YıldızBirlik Mah.,3+1,45000.0
AyrancıAyrancı Mh.,3+1,42000.0
ÖveçlerHuzur Mah.,3+1,32000.0
Cebeci,1+1,37500.0
MerkezMebusevleri Mah.,1+1,38500.0
ÖveçlerAşağı Öveçler Mh.,2+1,26000.0
AyrancıAziziye Mah.,2+1,45000.0
Çayyolu/ÜmitköyProf. Dr. Ahmet Taner Kışlalı Mh.,3+1,39000.0
Yıldızİlkbahar Mh.,2.5+1,65000.0
Yıldızİlkbahar Mh.,1+1,40000.0
BalgatYukarı Öveçler Mh.,1+1,37000.0
DikmenSokullu Mehmet Paşa Mh.,3+1,24500.0
ZafertepeSeyranbağları Mh.,3+1,34000.0
MerkezÖn Cebeci Mh.,1+1,20000.0
Cebeci,3+1,23000.0
DikmenYukarı Dikmen Mh.,1+1,38000.0
ÖveçlerKarapınar Mh.,3+1,36000.0
AyrancıGüzeltepe Mh.,3+1,38900.0
Çayyolu/ÜmitköyAlacaatlı Mh.,4+1,83500.0
AnıttepeAnıttepe Mh.,2+1,35000.0
BalgatÇukurambar Mh.,4+1,130000.0
Yıldızİlkbahar Mh.,1+1,50000.0
BalgatKızılırmak Mh.,4+1,95000.0
DikmenHarbiye Mah.,2+1,21000.0
Yıldızİlkbahar Mh.,1+1,55000.0
Çayyolu/ÜmitköyKonutkent Mah.,3+1,47000.0
Çayyolu/ÜmitköyAlacaatlı Mh.,3+1,62000.0
Tunalı HilmiBarbaros Mah.,1+1,35000.0
Çayyolu/ÜmitköyYaşamkent Mh.,1+1,29000.0
Çayyolu/ÜmitköyÇayyolu Mh.,2+1,65000.0
BahçelievlerEmek Mah.,4+1,55000.0
Tunalı HilmiBarbaros Mah.,3+1,47000.0
Çayyolu/ÜmitköyMutlukent Mah.,1+1,36000.0
Çayyolu/ÜmitköyAlacaatlı Mh.,1+1,29000.0
KızılayMeşrutiyet Mh.,1+1,32000.0
YıldızBirlik Mah.,3+1,38500.0
MerkezBeytepe Mah.,1+1,41000.0
Dikmenİlkadım Mh.,2+1,24000.0
MerkezBeytepe Mah.,2+1,60000.0
MerkezDodurga Mah.,5+2,98000.0
YıldızYıldızevler Mh.,3+1,46000.0
KızılayKültür Mh.,1+1,42500.0
Çayyolu/ÜmitköyAlacaatlı Mh.,3+1,72500.0
DikmenSokullu Mehmet Paşa Mh.,3+1,39000.0
KırkkonaklarKırkkonaklar Mh.,4+1,50000.0
BahçelievlerYukarı Bahçelievler Mh.,3+1,42000.0
ÖveçlerHuzur Mah.,2+1,23000.0
AnıttepeAnıttepe Mh.,3+1,40000.0
Yıldızİlkbahar Mh.,3+1,55000.0
Çayyolu/ÜmitköyKoru Mah.,3.5+1,70000.0
Balgatİşçi Blokları Mh.,2+1,30000.0
Çayyolu/ÜmitköyMutlukent Mah.,4+1,70000.0
AyrancıAyrancı Mh.,3+1,45000.0
Çayyolu/ÜmitköyAlacaatlı Mh.,1+1,28800.0
Çayyolu/ÜmitköyAlacaatlı Mh.,6+1,125000.0
Çayyolu/ÜmitköyKoru Mah.,2+1,50000.0
YıldızBirlik Mah.,3+1,42000.0
BahçelievlerEmek Mah.,3+1,41000.0
Dikmenİlkadım Mh.,1+1,35000.0
Gaziosmanpaşa(Gop)Kazım Özalp Mh.,1+1,60000.0
AyrancıAyrancı Mh.,3+1,40000.0
Çayyolu/ÜmitköyYaşamkent Mh.,1+1,27500.0
Çayyolu/ÜmitköyAlacaatlı Mh.,4+1,60000.0
Çayyolu/ÜmitköyMutlukent Mah.,1+1,25500.0
Tunalı HilmiBarbaros Mah.,1+1,37000.0
KavaklıdereKavaklıdere Mh.,1+1,38000.0
Gaziosmanpaşa(Gop)Büyükesat Mh.,2+1,35500.0
Çayyolu/ÜmitköyYaşamkent Mh.,1+1,23500.0
ÖveçlerAkpınar Mh.,3+1,35050.0
BahçelievlerBahçelievler Mh.,3+1,37000.0
KavaklıdereÇankaya Mh.,3+1,45000.0
Çayyolu/ÜmitköyYaşamkent Mh.,1+1,25500.0
YıldızBirlik Mah.,3+1,69000.0
ÇubukEsenboğa Merkez Mh.,1+1,16300.0
ÇubukDumlupınar Mh.,1+1,16500.0
ÇubukCumhuriyet Mah.,3+1,10000.0
ÇubukEsenboğa Merkez Mh.,1+1,13500.0
ÇubukBarbaros Mah.,2+1,20500.0
ÇubukCumhuriyet Mah.,3+1,19000.0
ÇubukAtatürk Mh.,3+1,25000.0
ÇubukEsenboğa Merkez Mh.,2+1,16000.0
ÇubukMuhsin Yazıcıoğlu Mh.,2+1,13000.0
ÇubukEsenboğa Merkez Mh.,1+1,13500.0
ÇubukEsenboğa Merkez Mh.,1+1,17500.0
ÇubukYıldırım Beyazıt Mh.,2+1,18500.0
ÇubukEsenboğa Merkez Mh.,1+1,15000.0
ÇubukYavuzselim Mh.,3+1,16000.0
ÇubukYıldırım Beyazıt Mh.,2+1,20500.0
ÇubukYavuzselim Mh.,2+1,20000.0
ÇubukAtatürk Mh.,3+1,27000.0
ÇubukDumlupınar Mh.,1+1,11000.0
ÇubukEsenboğa Merkez Mh.,2+1,17500.0
ÇubukEsenboğa Merkez Mh.,2+1,20000.0
ÇubukEsenboğa Merkez Mh.,1+1,17000.0
ÇubukDumlupınar Mh.,1+1,13000.0
ÇubukEsenboğa Merkez Mh.,2+1,25000.0
ÇubukEsenboğa Merkez Mh.,1+1,18500.0
ÇubukEsenboğa Merkez Mh.,1+1,14000.0
ÇubukDumlupınar Mh.,1+1,11500.0
ÇubukBarbaros Mah.,3+1,9800.0
ÇubukEsenboğa Merkez Mh.,1+1,12500.0
ÇubukYıldırım Beyazıt Mh.,1+1,16000.0
ÇubukEsenboğa Merkez Mh.,1+1,22000.0
ÇubukEsenboğa Merkez Mh.,1+1,13000.0
ÇubukCumhuriyet Mah.,3+1,18000.0
ÇubukEsenboğa Merkez Mh.,1+1,16500.0
ÇubukCumhuriyet Mah.,2+1,23000.0
ÇubukEsenboğa Merkez Mh.,1+1,19000.0
ÇubukDumlupınar Mh.,2+1,20000.0
ÇubukCumhuriyet Mah.,3+1,10250.0
ÇubukEsenboğa Merkez Mh.,1+1,19000.0
ÇubukEsenboğa Merkez Mh.,1+1,15000.0
ÇubukDumlupınar Mh.,2+1,16000.0
ÇubukDumlupınar Mh.,1+1,19000.0
ÇubukEsenboğa Merkez Mh.,1+1,15500.0
ÇubukEsenboğa Merkez Mh.,2+1,16000.0
ÇubukEsenboğa Merkez Mh.,Stüdyo (1+0),10000.0
ÇubukEsenboğa Merkez Mh.,1+1,12000.0
ÇubukEsenboğa Merkez Mh.,Stüdyo (1+0),10000.0
ÇubukDumlupınar Mh.,3+1,24000.0
ÇubukEsenboğa Merkez Mh.,1+1,14000.0
ÇubukYavuzselim Mh.,2.5+1,13000.0
ÇubukCumhuriyet Mah.,3+1,28000.0
ÇubukDumlupınar Mh.,2+1,19750.0
ÇubukEsenboğa Merkez Mh.,1+1,10500.0
ÇubukSünlü Mh.,1+1,15000.0
ÇubukEsenboğa Merkez Mh.,2+1,20000.0
ÇubukYıldırım Beyazıt Mh.,1+1,15500.0
ÇubukEsenboğa Merkez Mh.,1+1,17500.0
ÇubukYavuzselim Mh.,3+1,20000.0
ÇubukMuhsin Yazıcıoğlu Mh.,2+1,15000.0
ÇubukCumhuriyet Mah.,3+1,19500.0
ÇubukEsenboğa Merkez Mh.,1+1,15000.0
ÇubukCumhuriyet Mah.,3+1,22000.0
ÇubukEsenboğa Merkez Mh.,1+1,20000.0
ÇubukEsenboğa Merkez Mh.,1+1,14500.0
ÇubukYavuzselim Mh.,3+1,20000.0
ÇubukYavuzselim Mh.,3+1,12000.0
ÇubukYıldırım Beyazıt Mh.,1+1,14500.0
ÇubukYıldırım Beyazıt Mh.,2+1,16000.0
ÇubukAşağıçavundur Mh.,2+1,10000.0
ÇubukEsenboğa Merkez Mh.,1+1,15000.0
ÇubukEsenboğa Merkez Mh.,2+0,12500.0
ÇubukDumlupınar Mh.,1+1,10500.0
ÇubukEsenboğa Merkez Mh.,2+1,17000.0
ÇubukYavuzselim Mh.,3+1,18000.0
ÇubukYavuzselim Mh.,1+1,20000.0
ÇubukYıldırım Beyazıt Mh.,1+1,19000.0
ÇubukEsenboğa Merkez Mh.,1+1,15500.0
ÇubukCumhuriyet Mah.,2+1,18500.0
ÇubukEsenboğa Merkez Mh.,2+1,14500.0
ÇubukEsenboğa Merkez Mh.,1+1,13500.0
ÇubukDumlupınar Mh.,1+1,14000.0
ÇubukCumhuriyet Mah.,3+1,16000.0
ÇubukDumlupınar Mh.,2+1,15000.0
ÇubukYıldırım Beyazıt Mh.,3+1,16800.0
ÇubukEsenboğa Merkez Mh.,1+1,15000.0
ÇubukAtatürk Mh.,3+1,14250.0
ÇubukYenice Mah.,2+1,16500.0
ÇubukYenice Mah.,2+1,23000.0
ÇubukEsenboğa Merkez Mh.,1+1,11000.0
ÇubukYenice Mah.,Stüdyo (1+0),10000.0
ÇubukYıldırım Beyazıt Mh.,3+1,16500.0
ÇubukDumlupınar Mh.,1+1,13500.0
ÇubukEsenboğa Merkez Mh.,1+1,13000.0
ÇubukEsenboğa Merkez Mh.,1+1,19000.0
ÇubukEsenboğa Merkez Mh.,2+1,20000.0
ÇubukBarbaros Mah.,2+1,24000.0
ÇubukEsenboğa Merkez Mh.,1+1,14000.0
ÇubukDumlupınar Mh.,1+1,12000.0
ÇubukEsenboğa Merkez Mh.,1+1,16500.0
ÇubukDumlupınar Mh.,1+1,15500.0
ÇubukDumlupınar Mh.,2+0,16500.0
ÇubukYenice Mah.,1+1,11500.0
ÇubukYenice Mah.,1+1,21450.0
ÇubukEsenboğa Merkez Mh.,1+1,19500.0
ÇubukCumhuriyet Mah.,3+1,19000.0
ÇubukEsenboğa Merkez Mh.,2+1,17000.0
ÇubukBarbaros Mah.,3+1,17000.0
ÇubukEsenboğa Merkez Mh.,2+1,19500.0
ÇubukDumlupınar Mh.,1+1,16000.0
ÇubukDumlupınar Mh.,1+1,14500.0
ÇubukYenice Mah.,1+1,99999.0
ÇubukMuhsin Yazıcıoğlu Mh.,2+1,18000.0
ÇubukDumlupınar Mh.,1+1,15000.0
ÇubukBarbaros Mah.,4+1,27000.0
ÇubukEsenboğa Merkez Mh.,1+1,13000.0
ÇubukCumhuriyet Mah.,2+1,22900.0
ÇubukCumhuriyet Mah.,2+1,15000.0
ÇubukEsenboğa Merkez Mh.,2+1,16000.0
ÇubukDumlupınar Mh.,1+1,18500.0
ÇubukCumhuriyet Mah.,2+1,11000.0
ÇubukCumhuriyet Mah.,3+1,13500.0
ÇubukYıldırım Beyazıt Mh.,1+1,15000.0
ÇubukYenice Mah.,Stüdyo (1+0),13000.0
ÇubukYıldırım Beyazıt Mh.,1+1,13500.0
ÇubukAtatürk Mh.,3+1,14500.0
ÇubukYenice Mah.,3+1,15000.0
ÇubukCumhuriyet Mah.,3+1,21000.0
ÇubukEsenboğa Merkez Mh.,1+1,20000.0
ÇubukYenice Mah.,1+1,16000.0
ÇubukDumlupınar Mh.,1+1,18000.0
ÇubukEsenboğa Merkez Mh.,1+1,11500.0
ÇubukEsenboğa Merkez Mh.,1+1,18500.0
ÇubukEsenboğa Merkez Mh.,2+1,15000.0
ÇubukDumlupınar Mh.,1+1,16000.0
ÇubukYıldırım Beyazıt Mh.,2+1,17000.0
ÇubukCumhuriyet Mah.,3+1,25000.0
ÇubukYıldırım Beyazıt Mh.,2+1,20900.0
ÇubukMuhsin Yazıcıoğlu Mh.,3+1,11000.0
ÇubukCumhuriyet Mah.,3+1,17000.0
ÇubukYıldırım Beyazıt Mh.,1+1,20000.0
ÇubukEsenboğa Merkez Mh.,2+1,18000.0
ÇubukBarbaros Mah.,2+1,10000.0
ÇubukYenice Mah.,1+1,16000.0
ÇubukYıldırım Beyazıt Mh.,2+1,15000.0
ÇubukEsenboğa Merkez Mh.,2+1,19500.0
ÇubukEsenboğa Merkez Mh.,1+1,12000.0
ÇubukYıldırım Beyazıt Mh.,3+1,20000.0
ÇubukDumlupınar Mh.,1+1,17000.0
ÇubukDumlupınar Mh.,2+1,21000.0
ÇubukEsenboğa Merkez Mh.,2+1,16000.0
ÇubukYenice Mah.,1+1,19000.0
ÇubukMuhsin Yazıcıoğlu Mh.,2+1,15000.0
ÇubukCumhuriyet Mah.,3+1,17500.0
ÇubukYıldırım Beyazıt Mh.,2+1,13000.0
ÇubukEsenboğa Merkez Mh.,1+1,16000.0
ÇubukEsenboğa Merkez Mh.,2+1,16000.0
ÇubukEsenboğa Merkez Mh.,1+1,18500.0
ÇubukBarbaros Mah.,3+1,15500.0
ÇubukYıldırım Beyazıt Mh.,1+1,15000.0
ÇubukEsenboğa Merkez Mh.,1+1,16000.0
ÇubukEsenboğa Merkez Mh.,1+1,15500.0
ÇubukYıldırım Beyazıt Mh.,1+1,19000.0
ÇubukYavuzselim Mh.,3+1,16000.0
ÇubukEsenboğa Merkez Mh.,1+1,16000.0
ÇubukEsenboğa Merkez Mh.,1+1,18000.0
ÇubukYavuzselim Mh.,3+1,27000.0
ÇubukDumlupınar Mh.,2+1,18500.0
ÇubukBarbaros Mah.,2+1,21000.0
ÇubukYıldırım Beyazıt Mh.,1+1,15000.0
ÇubukEsenboğa Merkez Mh.,2+1,15000.0
ÇubukDumlupınar Mh.,1+1,19000.0
ÇubukEsenboğa Merkez Mh.,3+1,7750.0
ÇubukAtatürk Mh.,1+1,12000.0
ÇubukEsenboğa Merkez Mh.,2+1,18500.0
ÇubukYıldırım Beyazıt Mh.,2+1,18500.0
ÇubukAtatürk Mh.,2+1,12500.0
ÇubukDumlupınar Mh.,1+1,12500.0
ÇubukEsenboğa Merkez Mh.,1+1,13000.0
ÇubukEsenboğa Merkez Mh.,1+1,16500.0
ÇubukYenice Mah.,1+1,21500.0
ÇubukEsenboğa Merkez Mh.,1+1,14900.0
ÇubukEsenboğa Merkez Mh.,1+1,16000.0
ÇubukYıldırım Beyazıt Mh.,1+1,15000.0
ÇubukYıldırım Beyazıt Mh.,1+1,13000.0
ÇubukYenice Mah.,2+1,20000.0
ÇubukEsenboğa Merkez Mh.,2+1,14500.0
ÇubukEsenboğa Merkez Mh.,1+1,16500.0
ÇubukYıldırım Beyazıt Mh.,2+1,12500.0
ÇubukCumhuriyet Mah.,3+1,18000.0
ÇubukYenice Mah.,2+1,20000.0
ÇubukEsenboğa Merkez Mh.,2+1,15000.0
ÇubukEsenboğa Merkez Mh.,1+1,11500.0
ÇubukEsenboğa Merkez Mh.,1+1,16500.0
ÇubukYavuzselim Mh.,3+1,11000.0
ÇubukEsenboğa Merkez Mh.,1+1,18000.0
ÇubukYavuzselim Mh.,1+1,14000.0
ÇubukEsenboğa Merkez Mh.,1+1,16500.0
ÇubukEsenboğa Merkez Mh.,2+1,17000.0
ÇubukEsenboğa Merkez Mh.,1+1,16500.0
ÇubukMuhsin Yazıcıoğlu Mh.,3+1,23000.0
ÇubukAşağıçavundur Mh.,2+1,21500.0
ÇubukEsenboğa Merkez Mh.,1+1,14000.0
ÇubukYıldırım Beyazıt Mh.,1+1,18000.0
ÇubukMuhsin Yazıcıoğlu Mh.,3+1,15000.0
ÇubukCumhuriyet Mah.,2+1,21000.0
ÇubukDumlupınar Mh.,1+1,16000.0
ÇubukEsenboğa Merkez Mh.,1+1,12000.0
ÇubukEsenboğa Merkez Mh.,1+1,15000.0
ÇubukEsenboğa Merkez Mh.,1+1,18000.0
ÇubukCumhuriyet Mah.,3+1,22500.0
ÇubukEsenboğa Merkez Mh.,1+1,18500.0
ÇubukEsenboğa Merkez Mh.,2+1,19000.0
ÇubukEsenboğa Merkez Mh.,1+1,12250.0
ÇubukEsenboğa Merkez Mh.,2+1,17500.0
ÇubukEsenboğa Merkez Mh.,1+1,17500.0
ÇubukEsenboğa Merkez Mh.,1+1,13000.0
ÇubukYavuzselim Mh.,1+1,17000.0
ÇubukYıldırım Beyazıt Mh.,1+1,16250.0
ÇubukYavuzselim Mh.,3+1,15250.0
ÇubukEsenboğa Merkez Mh.,1+1,19000.0
ÇubukYavuzselim Mh.,3+1,15000.0
ÇubukCumhuriyet Mah.,4+1,30500.0
ÇubukEsenboğa Merkez Mh.,1+1,12400.0
ÇubukYıldırım Beyazıt Mh.,3+1,21000.0
ÇubukEsenboğa Merkez Mh.,1+1,15000.0
ÇubukEsenboğa Merkez Mh.,1+1,15000.0
ÇubukDumlupınar Mh.,1+1,13500.0
ÇubukYavuzselim Mh.,3+1,15750.0
ÇubukYıldırım Beyazıt Mh.,3+1,14000.0
ÇubukEsenboğa Merkez Mh.,1+1,16250.0
ÇubukYavuzselim Mh.,3+1,18000.0
ÇubukYenice Mah.,2+1,25000.0
ÇubukDumlupınar Mh.,1+1,10500.0
ÇubukCumhuriyet Mah.,1+1,18000.0
ÇubukMuhsin Yazıcıoğlu Mh.,2+1,15000.0
ÇubukDumlupınar Mh.,2+1,16500.0
ÇubukYıldırım Beyazıt Mh.,1+1,14000.0
ÇubukYenice Mah.,3+1,11000.0
ÇubukEsenboğa Merkez Mh.,2+0,15850.0
ÇubukDumlupınar Mh.,2+1,18000.0
ÇubukYavuzselim Mh.,2+1,22000.0
ÇubukEsenboğa Merkez Mh.,2+1,21000.0
ÇubukYıldırım Beyazıt Mh.,1+1,13500.0
ÇubukYavuzselim Mh.,1+1,15000.0
ÇubukDumlupınar Mh.,1+1,15000.0
ÇubukDumlupınar Mh.,1+1,14500.0
ÇubukYıldırım Beyazıt Mh.,2+1,17000.0
ÇubukEsenboğa Merkez Mh.,1+1,12500.0
ÇubukCumhuriyet Mah.,2+1,23000.0
ÇubukDumlupınar Mh.,1+1,16000.0
ÇubukEsenboğa Merkez Mh.,1+1,13000.0
ÇubukEsenboğa Merkez Mh.,1+1,14000.0
ÇubukDumlupınar Mh.,1+1,17500.0
ÇubukEsenboğa Merkez Mh.,2+1,19500.0
ÇubukDumlupınar Mh.,2+0,17000.0
ÇubukCumhuriyet Mah.,3+1,12500.0
ÇubukDumlupınar Mh.,1+1,14000.0
ÇubukYıldırım Beyazıt Mh.,2+0,14999.0
ÇubukEsenboğa Merkez Mh.,2+1,15500.0
ÇubukEsenboğa Merkez Mh.,1+1,17500.0
ÇubukCumhuriyet Mah.,3+1,20500.0
ÇubukYavuzselim Mh.,3+1,12000.0
ÇubukDumlupınar Mh.,2+1,19000.0
ÇubukDumlupınar Mh.,1+1,14000.0
ÇubukEsenboğa Merkez Mh.,1+1,13000.0
ÇubukYavuzselim Mh.,3+1,12000.0
ÇubukYavuzselim Mh.,4+1,30000.0
ÇubukYıldırım Beyazıt Mh.,1+1,13000.0
ÇubukEsenboğa Merkez Mh.,1+1,16000.0
ÇubukCumhuriyet Mah.,1+1,18000.0
ÇubukYıldırım Beyazıt Mh.,1+1,12000.0
ÇubukEsenboğa Merkez Mh.,2+1,15500.0
ÇubukCumhuriyet Mah.,3+1,18000.0
ÇubukCumhuriyet Mah.,3+1,15000.0
ÇubukCumhuriyet Mah.,1+1,13000.0
ÇubukEsenboğa Merkez Mh.,1+1,18000.0
ÇubukEsenboğa Merkez Mh.,3+1,6000.0
ÇubukCumhuriyet Mah.,3+1,15000.0
ÇubukYavuzselim Mh.,3+1,17000.0
ÇubukYıldırım Beyazıt Mh.,1+1,14000.0
ÇubukEsenboğa Merkez Mh.,2+1,17500.0
ÇubukEsenboğa Merkez Mh.,1+1,12500.0
ÇubukEsenboğa Merkez Mh.,3+1,15000.0
ÇubukCumhuriyet Mah.,3+1,15500.0
ÇubukYıldırım Beyazıt Mh.,1+1,17500.0
ÇubukEsenboğa Merkez Mh.,1+1,19400.0
ÇubukAtatürk Mh.,3+1,12000.0
ÇubukEsenboğa Merkez Mh.,1+1,23000.0
ÇubukDumlupınar Mh.,1+1,12500.0
ÇubukEsenboğa Merkez Mh.,3+1,12500.0
ÇubukYıldırım Beyazıt Mh.,1+1,12000.0
ÇubukYıldırım Beyazıt Mh.,2+1,18000.0
ÇubukYıldırım Beyazıt Mh.,3+1,15400.0
ÇubukYıldırım Beyazıt Mh.,2+0,15000.0
ÇubukEsenboğa Merkez Mh.,1+1,18500.0
ÇubukDumlupınar Mh.,1+1,14500.0
ÇubukYıldırım Beyazıt Mh.,2+1,19000.0
ÇubukYavuzselim Mh.,3+1,18500.0
ÇubukCumhuriyet Mah.,3+1,18000.0
ÇubukAtatürk Mh.,1+1,14000.0
ÇubukBarbaros Mah.,3+1,15000.0
ÇubukDumlupınar Mh.,2+1,16500.0
ÇubukYavuzselim Mh.,3+1,16000.0
ÇubukDumlupınar Mh.,1+1,16000.0
ÇubukEsenboğa Merkez Mh.,1+1,15500.0
ÇubukYıldırım Beyazıt Mh.,1+1,13250.0
ÇubukYavuzselim Mh.,3+1,13500.0
ÇubukEsenboğa Merkez Mh.,1+1,13000.0
ÇubukEsenboğa Merkez Mh.,1+1,12500.0
ÇubukDumlupınar Mh.,1+1,12000.0
ÇubukDumlupınar Mh.,1+1,13500.0
ÇubukEsenboğa Merkez Mh.,1+1,19000.0
ÇubukYıldırım Beyazıt Mh.,1+1,18000.0
ÇubukBarbaros Mah.,3+1,20000.0
ÇubukYavuzselim Mh.,3+1,16000.0
ÇubukEsenboğa Merkez Mh.,2+1,21000.0
ÇubukYıldırım Beyazıt Mh.,3+1,21000.0
ÇubukEsenboğa Merkez Mh.,1+1,11500.0
ÇubukYıldırım Beyazıt Mh.,3+1,17500.0
ÇubukEsenboğa Merkez Mh.,2+1,25000.0
ÇubukEsenboğa Merkez Mh.,1+1,14500.0
ÇubukEsenboğa Merkez Mh.,1+1,17250.0
ÇubukBarbaros Mah.,3+1,22000.0
ÇubukEsenboğa Merkez Mh.,1+1,10000.0
ÇubukYıldırım Beyazıt Mh.,3+1,16000.0
ÇubukYenice Mah.,1+1,16500.0
ÇubukEsenboğa Merkez Mh.,1+1,17000.0
ÇubukEsenboğa Merkez Mh.,1+1,15500.0
ÇubukYavuzselim Mh.,2+1,19500.0
ÇubukEsenboğa Merkez Mh.,1+1,15000.0
ÇubukYenice Mah.,2+1,19500.0
ÇubukYıldırım Beyazıt Mh.,3+1,10500.0
ÇubukDumlupınar Mh.,1+1,15000.0
ÇubukCumhuriyet Mah.,3+1,20000.0
ÇubukYıldırım Beyazıt Mh.,3+1,13200.0
ÇubukYenice Mah.,2+1,15500.0
ÇubukEsenboğa Merkez Mh.,1+1,18500.0
ÇubukYıldırım Beyazıt Mh.,2+1,14000.0
ÇubukMuhsin Yazıcıoğlu Mh.,2+1,20000.0
ÇubukYavuzselim Mh.,4+1,41000.0
ÇubukYıldırım Beyazıt Mh.,1+1,15000.0
ÇubukAtatürk Mh.,2+1,19500.0
ÇubukYenice Mah.,1+1,15000.0
ÇubukEsenboğa Merkez Mh.,1+1,13750.0
ÇubukYıldırım Beyazıt Mh.,1+1,12000.0
ÇubukYıldırım Beyazıt Mh.,1+1,14000.0
ÇubukCumhuriyet Mah.,2+0,13500.0
ÇubukYıldırım Beyazıt Mh.,1+1,12900.0
ÇubukEsenboğa Merkez Mh.,1+1,18500.0
ÇubukCumhuriyet Mah.,2+1,13000.0
ÇubukYavuzselim Mh.,2+1,13000.0
ÇubukYıldırım Beyazıt Mh.,3+1,29900.0
ÇubukDumlupınar Mh.,1+1,15000.0
ÇubukYıldırım Beyazıt Mh.,3+1,18000.0
ÇubukDumlupınar Mh.,2+1,15000.0
ÇubukYıldırım Beyazıt Mh.,3+1,20000.0
ÇubukEsenboğa Merkez Mh.,1+1,13000.0
ÇubukYıldırım Beyazıt Mh.,2+1,18000.0
ÇubukCumhuriyet Mah.,3+1,16500.0
ÇubukDumlupınar Mh.,Stüdyo (1+0),16000.0
ÇubukEsenboğa Merkez Mh.,1+1,17750.0
ÇubukEsenboğa Merkez Mh.,1+1,17000.0
ÇubukYıldırım Beyazıt Mh.,1+1,14000.0
ÇubukYıldırım Beyazıt Mh.,1+1,14000.0
ÇubukEsenboğa Merkez Mh.,1+1,20500.0
ÇubukEsenboğa Merkez Mh.,1+1,17750.0
ÇubukMuhsin Yazıcıoğlu Mh.,2+1,13000.0
ÇubukMuhsin Yazıcıoğlu Mh.,2+1,17000.0
ÇubukAtatürk Mh.,2+1,14000.0
ÇubukCumhuriyet Mah.,3+1,15000.0
ÇubukDumlupınar Mh.,1+1,16000.0
ÇubukEsenboğa Merkez Mh.,1+1,17500.0
ÇubukYıldırım Beyazıt Mh.,2+1,20000.0
ÇubukEsenboğa Merkez Mh.,1+1,15500.0
ÇubukCumhuriyet Mah.,1+1,14000.0
ÇubukCumhuriyet Mah.,4+1,19000.0
ÇubukYavuzselim Mh.,3+1,10500.0
ÇubukAtatürk Mh.,2+1,18000.0
ÇubukEsenboğa Merkez Mh.,2+1,25000.0
ÇubukYenice Mah.,2+1,15000.0
ÇubukCumhuriyet Mah.,3+1,21000.0
ÇubukYıldırım Beyazıt Mh.,2+1,20000.0
ÇubukEsenboğa Merkez Mh.,1+1,15500.0
ÇubukEsenboğa Merkez Mh.,2+1,20000.0
ÇubukYıldırım Beyazıt Mh.,2+1,16500.0
ÇubukYıldırım Beyazıt Mh.,3+1,13000.0
ÇubukYıldırım Beyazıt Mh.,3+1,25000.0
ÇubukYıldırım Beyazıt Mh.,Stüdyo (1+0),15250.0
ÇubukYıldırım Beyazıt Mh.,3+1,21000.0
ÇubukYenice Mah.,1+1,16000.0
ÇubukYenice Mah.,1+1,12000.0
ÇubukDumlupınar Mh.,1+1,16500.0
ÇubukYıldırım Beyazıt Mh.,3+1,21000.0
ÇubukAşağıçavundur Mh.,2+1,12500.0
ÇubukEsenboğa Merkez Mh.,1+1,11500.0
ÇubukEsenboğa Merkez Mh.,1+1,16000.0
ÇubukAtatürk Mh.,3+1,13000.0
ÇubukEsenboğa Merkez Mh.,2+1,21000.0
ÇubukYavuzselim Mh.,3+1,20000.0
ÇubukMuhsin Yazıcıoğlu Mh.,2+1,16000.0
ÇubukYıldırım Beyazıt Mh.,3+1,14000.0
ÇubukYıldırım Beyazıt Mh.,2+1,16000.0
ÇubukDumlupınar Mh.,1+1,13000.0
ÇubukYavuzselim Mh.,3+1,14000.0
ÇubukCumhuriyet Mah.,2+1,23000.0
ÇubukAtatürk Mh.,3+1,21000.0
ÇubukAşağıçavundur Mh.,2+1,9000.0
ÇubukYıldırım Beyazıt Mh.,3+1,12500.0
ÇubukEsenboğa Merkez Mh.,2+1,16000.0
ÇubukDumlupınar Mh.,2+1,15500.0
ÇubukEsenboğa Merkez Mh.,1+1,16000.0
ÇubukDumlupınar Mh.,2+1,22000.0
ÇubukYenice Mah.,Stüdyo (1+0),9950.0
ÇubukEsenboğa Merkez Mh.,1+1,18500.0
ÇubukEsenboğa Merkez Mh.,2+1,22000.0
ÇubukEsenboğa Merkez Mh.,1+1,18500.0
ÇubukYavuzselim Mh.,3+1,20000.0
ÇubukEsenboğa Merkez Mh.,1+1,18000.0
ÇubukEsenboğa Merkez Mh.,1+1,15000.0
ÇubukEsenboğa Merkez Mh.,1+1,15000.0
ÇubukEsenboğa Merkez Mh.,2+1,17000.0
ÇubukEsenboğa Merkez Mh.,1+1,15500.0
ÇubukYenice Mah.,1+1,12500.0
ÇubukEsenboğa Merkez Mh.,1+1,17500.0
ÇubukEsenboğa Merkez Mh.,2+1,16000.0
ÇubukYenice Mah.,Stüdyo (1+0),12500.0
ÇubukYıldırım Beyazıt Mh.,2+1,15500.0
ÇubukYenice Mah.,2+1,20000.0
ÇubukEsenboğa Merkez Mh.,1+1,15250.0
ÇubukEsenboğa Merkez Mh.,1+1,17950.0
ÇubukYavuzselim Mh.,2+1,19000.0
ÇubukEsenboğa Merkez Mh.,1+1,16000.0
ÇubukEsenboğa Merkez Mh.,1+1,15500.0
ÇubukEsenboğa Merkez Mh.,2+1,20000.0
ÇubukYenice Mah.,2+1,16000.0
ÇubukEsenboğa Merkez Mh.,1+1,13500.0
ÇubukYıldırım Beyazıt Mh.,1+1,11750.0
ÇubukYenice Mah.,1+1,11000.0
ÇubukCumhuriyet Mah.,4+1,15500.0
ÇubukCumhuriyet Mah.,3+1,19500.0
ÇubukYıldırım Beyazıt Mh.,2+1,20000.0
ÇubukDumlupınar Mh.,1+1,13500.0
ÇubukEsenboğa Merkez Mh.,1+1,14500.0
ÇubukDumlupınar Mh.,1+1,11000.0
ÇubukDumlupınar Mh.,1+1,14750.0
ÇubukEsenboğa Merkez Mh.,1+1,15000.0
ÇubukDumlupınar Mh.,1+1,12500.0
ÇubukYıldırım Beyazıt Mh.,3+1,15000.0
ÇubukEsenboğa Merkez Mh.,1+1,17500.0
ÇubukDumlupınar Mh.,2+1,20000.0
ÇubukDumlupınar Mh.,1+1,14500.0
ÇubukDumlupınar Mh.,2+0,15500.0
ÇubukCumhuriyet Mah.,2+1,26000.0
ÇubukEsenboğa Merkez Mh.,1+1,15500.0
ÇubukYenice Mah.,1+1,19500.0
ÇubukCumhuriyet Mah.,3+1,17500.0
HasanoğlanŞehitlik Mh.,3+1,18000.0
ElmadağHasanoğlan Bahçelievler Mh.,3+1,15000.0
ElmadağYenice Mah.,3+1,21000.0
ElmadağHasanoğlan Fatih Mh.,3+1,20000.0
Elmadağİsmetpaşa Mh.,2+1,22000.0
ElmadağTatlıca Mh.,2+1,15000.0
ElmadağHasanoğlan Bahçelievler Mh.,3+1,27000.0
ElmadağKemalpaşa Mh.,3+1,30000.0
ElmadağHasanoğlan Bahçelievler Mh.,3+1,16000.0
Elmadağİsmetpaşa Mh.,3+1,20000.0
ElmadağTatlıca Mh.,2+1,15000.0
ElmadağHasanoğlan Bahçelievler Mh.,3+1,47900.0
Elmadağİsmetpaşa Mh.,2+1,15000.0
ElmadağHasanoğlan Bahçelievler Mh.,3+1,23500.0
HasanoğlanŞehitlik Mh.,4+1,17000.0
ElmadağTatlıca Mh.,2+1,15000.0
ElmadağHasanoğlan Bahçelievler Mh.,3+1,19500.0
ElmadağTatlıca Mh.,2+1,24000.0
ElmadağTatlıca Mh.,3+1,25000.0
Hasanoğlanİstasyon Mh.,4+1,28000.0
ElmadağKemalpaşa Mh.,3+1,30000.0
ElmadağHasanoğlan Bahçelievler Mh.,3+1,40000.0
ÇarşıTopçu Mh.,5+1,29000.0
ÇarşıSüvari Mh.,3+1,31000.0
ÇarşıBağlıca Mh.,4+1,67000.0
EryamanŞehit Osman Avcı Mh.,2+1,27000.0
ÇarşıŞeker Mh.,1+1,28000.0
MerkezEryaman Mah.,1+1,24500.0
EryamanŞehit Osman Avcı Mh.,1+1,26500.0
EryamanAltay Mah.,3+1,26000.0
ÇarşıYeni Bağlıca Mh.,1+1,32750.0
MerkezEryaman Mah.,3+1,47000.0
EryamanTunahan Mah.,2+1,32500.0
ÇarşıBağlıca Mh.,2+1,34500.0
EryamanGüzelkent Mh.,3+1,28000.0
ÇarşıTopçu Mh.,2+1,26000.0
MerkezDevlet Mh.,2+1,39500.0
MerkezAtayurt Mh.,2+1,26000.0
ÇarşıTopçu Mh.,3+1,21500.0
ÇarşıAlsancak Mah.,4+1,33000.0
ÇarşıSüvari Mh.,4+1,24000.0
ÇarşıTopçu Mh.,2+1,29500.0
MerkezTurkuaz Mh.,2+1,20000.0
EryamanGüzelkent Mh.,3+1,30000.0
Merkez30 Ağustos Mh.,3+1,27000.0
MerkezYapracık Mh.,2+1,21000.0
EryamanAltay Mah.,Stüdyo (1+0),20000.0
EryamanŞehit Osman Avcı Mh.,1+1,28000.0
MerkezOrhun Mh.,1+1,35000.0
ÇarşıYeni Bağlıca Mh.,2+1,40000.0
Merkez30 Ağustos Mh.,3+1,35000.0
Merkez30 Ağustos Mh.,3+1,26500.0
MerkezAtayurt Mh.,2+1,26000.0
Çarşıİstasyon Mh.,3+1,23500.0
ÇarşıAhi Mesut Mah.,3+1,27000.0
ÇarşıYeni Bağlıca Mh.,1+1,29000.0
Merkez30 Ağustos Mh.,2+1,24000.0
MerkezAtayurt Mh.,3+1,20000.0
ÇarşıKazım Karabekir Mh.,3+1,22000.0
EryamanYavuz Selim Mah.,5+1,55000.0
ÇarşıYeşilova Mh.,2+1,38000.0
MerkezGöksu Mh.,2+1,28000.0
EryamanŞeyh Şamil Mh.,1+1,30000.0
Çarşıİstasyon Mh.,3+1,32000.0
MerkezAtayurt Mh.,2+1,25000.0
ÇarşıKazım Karabekir Mh.,2+1,27500.0
EryamanŞehit Osman Avcı Mh.,2+1,42000.0
MerkezAşağıyurtçu Mh.,3+1,19000.0
EryamanYavuz Selim Mah.,3+1,28500.0
EryamanAltay Mah.,1+1,28000.0
EryamanGüzelkent Mh.,3+1,25000.0
ÇarşıBağlıca Mh.,Stüdyo (1+0),23750.0
MerkezAşağıyurtçu Mh.,5+1,125000.0
ÇarşıAlsancak Mah.,1+1,22000.0
ÇarşıElvan Mah.,3+1,20000.0
ÇarşıKazım Karabekir Mh.,3+1,21500.0
EryamanTunahan Mah.,1+1,20000.0
ÇarşıTopçu Mh.,2+1,20000.0
ÇarşıSüvari Mh.,3+1,22950.0
EryamanTunahan Mah.,2+1,25000.0
EryamanTunahan Mah.,3+1,26000.0
MerkezDevlet Mh.,3+1,46000.0
EryamanŞehit Osman Avcı Mh.,Stüdyo (1+0),19000.0
ÇarşıSüvari Mh.,3+1,26000.0
EryamanAltay Mah.,1+1,25000.0
MerkezAtayurt Mh.,2+1,19000.0
EryamanTunahan Mah.,3+1,52000.0
EryamanŞehit Osman Avcı Mh.,1+1,30000.0
ÇarşıYeşilova Mh.,4+1,65000.0
ÇarşıKazım Karabekir Mh.,3+1,25000.0
MerkezAtayurt Mh.,2+1,25000.0
ÇarşıSüvari Mh.,3+1,26000.0
ÇarşıTopçu Mh.,1+1,25000.0
MerkezEryaman Mah.,3+1,41000.0
EryamanTunahan Mah.,1+1,29500.0
ÇarşıAhi Mesut Mah.,3.5+1,25000.0
ÇarşıAlsancak Mah.,1+1,26500.0
MerkezGöksu Mh.,4+1,85000.0
ÇarşıEtiler Mah.,2+1,20500.0
ÇarşıYeni Bağlıca Mh.,1+1,29000.0
Çarşıİstasyon Mh.,3.5+1,32000.0
MerkezEryaman Mah.,3+1,60000.0
MerkezDevlet Mh.,3+1,44000.0
ÇarşıYeni Bağlıca Mh.,2+1,40000.0
EryamanŞehit Osman Avcı Mh.,1+1,28900.0
ÇarşıAlsancak Mah.,2+1,22000.0
ÇarşıTopçu Mh.,3+1,24000.0
ÇarşıYeni Bağlıca Mh.,4+1,95000.0
Çarşıİstasyon Mh.,2+1,23000.0
MerkezDevlet Mh.,3+1,26000.0
ÇarşıAlsancak Mah.,2+1,18500.0
MerkezGöksu Mh.,3+1,40000.0
ÇarşıAtakent Mah.,2+1,23000.0
ÇarşıKazım Karabekir Mh.,2+1,22000.0
ÇarşıBağlıca Mh.,3+1,35500.0
MerkezEryaman Mah.,2+1,36000.0
ÇarşıElvan Mah.,3+1,20500.0
EryamanTunahan Mah.,3+1,27000.0
MerkezDevlet Mh.,1+1,35000.0
MerkezGöksu Mh.,1+1,25000.0
ÇarşıYeni Bağlıca Mh.,2+1,34500.0
EryamanŞehit Osman Avcı Mh.,1+1,21000.0
ÇarşıTopçu Mh.,3+1,20500.0
ÇarşıElvan Mah.,3+1,25000.0
MerkezEryaman Mah.,2+1,28000.0
EryamanAltay Mah.,3+1,35000.0
ÇarşıŞeker Mh.,1+1,30000.0
EryamanŞehit Osman Avcı Mh.,Stüdyo (1+0),19000.0
Merkez30 Ağustos Mh.,3+1,21000.0
MerkezEryaman Mah.,3+1,40000.0
EryamanŞehit Osman Avcı Mh.,1+1,25500.0
MerkezDevlet Mh.,1+1,36000.0
ÇarşıAyyıldız Mh.,3+1,45000.0
EryamanŞehit Osman Avcı Mh.,1+1,30500.0
EryamanŞehit Osman Avcı Mh.,1+1,32000.0
MerkezYapracık Mh.,3+1,20000.0
ÇarşıAtakent Mah.,3+1,36000.0
EryamanTunahan Mah.,1+1,25500.0
EryamanŞehit Osman Avcı Mh.,2+1,35250.0
ÇarşıAlsancak Mah.,2+1,22000.0
ÇarşıSüvari Mh.,3+1,26500.0
MerkezEryaman Mah.,1+1,24500.0
EryamanŞehit Osman Avcı Mh.,1+1,29000.0
ÇarşıYeni Bağlıca Mh.,2+1,61000.0
EryamanTunahan Mah.,1+1,20000.0
EryamanAltay Mah.,1+1,27500.0
EryamanŞehit Osman Avcı Mh.,1+1,25500.0
EryamanŞehit Osman Avcı Mh.,1+1,120000.0
Çarşıİstasyon Mh.,3+1,38000.0
ÇarşıAyyıldız Mh.,3+1,22750.0
EryamanGüzelkent Mh.,3+1,30000.0
EryamanŞehit Osman Avcı Mh.,2+1,37000.0
EryamanŞehit Osman Avcı Mh.,1+1,23450.0
ÇarşıSüvari Mh.,1+1,24000.0
ÇarşıSüvari Mh.,3+1,21500.0
ÇarşıTopçu Mh.,3+1,26000.0
MerkezAtayurt Mh.,2+1,17500.0
MerkezAtayurt Mh.,2+1,23550.0
ÇarşıYeni Bağlıca Mh.,1+1,32000.0
Çarşıİstasyon Mh.,3+1,25500.0
ÇarşıEtiler Mah.,3+1,24500.0
ÇarşıTopçu Mh.,3+1,25500.0
ÇarşıSüvari Mh.,3+1,22999.0
EryamanYavuz Selim Mah.,1+1,35000.0
MerkezAtayurt Mh.,2+1,25000.0
Merkez30 Ağustos Mh.,3+1,27000.0
ÇarşıTopçu Mh.,3+1,20000.0
ÇarşıAlsancak Mah.,3+1,32000.0
ÇarşıYeni Bağlıca Mh.,4+1,60000.0
ÇarşıAtakent Mah.,2+1,21750.0
ÇarşıBağlıca Mh.,3+1,41000.0
ÇarşıYeni Bağlıca Mh.,6+2,120000.0
EryamanŞehit Osman Avcı Mh.,1+1,26000.0
EryamanTunahan Mah.,3+1,33000.0
ÇarşıSüvari Mh.,3+1,21000.0
EryamanŞehit Osman Avcı Mh.,2+1,32000.0
Çarşıİstasyon Mh.,3+1,21000.0
EryamanTunahan Mah.,2+1,30000.0
MerkezYapracık Mh.,3+1,24000.0
MerkezGöksu Mh.,2+1,29000.0
MerkezTurkuaz Mh.,2+1,21000.0
ÇarşıYeni Bağlıca Mh.,6+2,150000.0
Merkez30 Ağustos Mh.,3+1,25500.0
EryamanGüzelkent Mh.,3+1,29200.0
MerkezAtayurt Mh.,3+1,25000.0
EryamanŞehit Osman Avcı Mh.,1+1,28000.0
ÇarşıAlsancak Mah.,3+1,23000.0
EryamanŞeyh Şamil Mh.,3+1,40000.0
EryamanAltay Mah.,2+1,23000.0
MerkezEryaman Mah.,4+1,75000.0
ÇarşıSüvari Mh.,3+1,26000.0
MerkezAşağıyurtçu Mh.,4+1,55000.0
EryamanAltay Mah.,1+1,24500.0
ÇarşıEtiler Mah.,3+1,20000.0
MerkezEryaman Mah.,3+1,38000.0
EryamanTunahan Mah.,3+1,50000.0
ÇarşıSüvari Mh.,2+1,37000.0
MerkezTurkuaz Mh.,2+1,20000.0
Merkez30 Ağustos Mh.,3+1,22000.0
MerkezAtayurt Mh.,2+1,25000.0
ÇarşıAyyıldız Mh.,4+1,43500.0
EryamanAltay Mah.,4+1,60000.0
ÇarşıKazım Karabekir Mh.,3+1,22000.0
ÇarşıElvan Mah.,3+1,25000.0
ÇarşıKazım Karabekir Mh.,3+1,18850.0
EryamanTunahan Mah.,4+1,51000.0
ÇarşıElvan Mah.,2+1,19000.0
ÇarşıElvan Mah.,4+1,32000.0
MerkezAtayurt Mh.,3+1,22000.0
ÇarşıKazım Karabekir Mh.,3+1,25000.0
ÇarşıBağlıca Mh.,4+1,64000.0
ÇarşıFatih Sultan Mah.,4+1,62500.0
EryamanŞeyh Şamil Mh.,3+1,30000.0
Merkez30 Ağustos Mh.,2+1,25000.0
ÇarşıTopçu Mh.,2+1,20000.0
ÇarşıPiyade Mah.,1+1,28000.0
MerkezYapracık Mh.,4+1,57000.0
MerkezYapracık Mh.,3+1,27000.0
ÇarşıAtakent Mah.,3+1,35000.0
ÇarşıAtakent Mah.,3+1,25000.0
ÇarşıYeni Bağlıca Mh.,3+1,39500.0
MerkezGöksu Mh.,2+1,34000.0
ÇarşıYeşilova Mh.,2+1,37000.0
EryamanYavuz Selim Mah.,3+1,37500.0
MerkezGöksu Mh.,4+1,47000.0
ÇarşıŞeker Mh.,1+1,27500.0
ÇarşıSüvari Mh.,3+1,23000.0
ÇarşıYeşilova Mh.,2+1,34900.0
ÇarşıAhi Mesut Mah.,3+1,39500.0
EryamanTunahan Mah.,1+1,20000.0
ÇarşıEtiler Mah.,3+1,27000.0
ÇarşıOğuzlar Mh.,3+1,23500.0
ÇarşıTopçu Mh.,2+1,18500.0
ÇarşıAlsancak Mah.,3+1,25000.0
EryamanŞehit Osman Avcı Mh.,1+1,34000.0
MerkezGöksu Mh.,1+1,24000.0
EryamanTunahan Mah.,2+1,24500.0
EryamanŞehit Osman Avcı Mh.,3+1,29000.0
ÇarşıYeni Bağlıca Mh.,1+1,35000.0
ÇarşıOğuzlar Mh.,3+1,22750.0
MerkezTurkuaz Mh.,2+1,21000.0
EryamanŞeyh Şamil Mh.,1+1,28000.0
ÇarşıSüvari Mh.,1+1,23000.0
EryamanAltay Mah.,1+1,25500.0
ÇarşıPiyade Mah.,3+1,25000.0
ÇarşıYeşilova Mh.,2+1,32000.0
ÇarşıBağlıca Mh.,Stüdyo (1+0),19000.0
EryamanTunahan Mah.,2+1,27000.0
ÇarşıYeşilova Mh.,4+1,57000.0
EryamanŞeyh Şamil Mh.,1+1,20000.0
ÇarşıAlsancak Mah.,4+1,40000.0
MerkezYapracık Mh.,2+1,22000.0
MerkezAtayurt Mh.,2+1,25000.0
EryamanTunahan Mah.,1+1,22000.0
Çarşıİstasyon Mh.,3+1,24000.0
EryamanGüzelkent Mh.,4+1,63000.0
Merkez30 Ağustos Mh.,4+1,35500.0
EryamanTunahan Mah.,4+1,65000.0
EryamanŞeyh Şamil Mh.,1+1,24000.0
MerkezAtayurt Mh.,2+1,25750.0
ÇarşıYeni Bağlıca Mh.,2+1,45000.0
EryamanŞeyh Şamil Mh.,3+1,32000.0
MerkezAtayurt Mh.,2+1,31000.0
EryamanŞeyh Şamil Mh.,2+1,25750.0
EryamanŞehit Osman Avcı Mh.,2+1,40000.0
ÇarşıTopçu Mh.,3+1,30000.0
ÇarşıYeşilova Mh.,1+1,27500.0
ÇarşıBağlıca Mh.,Stüdyo (1+0),25750.0
ÇarşıPiyade Mah.,3+1,23000.0
MerkezDevlet Mh.,3+1,31000.0
EryamanŞehit Osman Avcı Mh.,2+1,30500.0
ÇarşıYeni Bağlıca Mh.,1+1,37500.0
EryamanAltay Mah.,1+1,25000.0
MerkezAtayurt Mh.,2+1,20000.0
EryamanTunahan Mah.,3+1,39500.0
ÇarşıAlsancak Mah.,2+1,38000.0
MerkezEryaman Mah.,3+1,37000.0
MerkezAtayurt Mh.,2+1,16000.0
ÇarşıOğuzlar Mh.,3+1,26000.0
ÇarşıAhi Mesut Mah.,3+1,45000.0
ÇarşıSüvari Mh.,3+1,26000.0
MerkezGöksu Mh.,4+1,49000.0
ÇarşıYeni Bağlıca Mh.,3+1,49000.0
MerkezGöksu Mh.,4+1,63000.0
ÇarşıTopçu Mh.,3+1,27000.0
ÇarşıTopçu Mh.,3+1,26500.0
ÇarşıYeni Bağlıca Mh.,4+1,52000.0
ÇarşıAlsancak Mah.,2+1,27500.0
ÇarşıErler Mah.,1+1,42000.0
EryamanŞehit Osman Avcı Mh.,2+1,33000.0
ÇarşıSüvari Mh.,3+1,18500.0
EryamanTunahan Mah.,3+1,27000.0
EryamanŞeyh Şamil Mh.,1+1,24000.0
ÇarşıKazım Karabekir Mh.,3+1,23500.0
ÇarşıYeni Bağlıca Mh.,3+1,26500.0
EryamanTunahan Mah.,1+1,23500.0
MerkezDevlet Mh.,3+1,35000.0
EryamanŞehit Osman Avcı Mh.,1+1,29000.0
Çarşıİstasyon Mh.,3+1,24500.0
EryamanŞehit Osman Avcı Mh.,1+1,31500.0
MerkezDevlet Mh.,1+1,28000.0
ÇarşıSüvari Mh.,1+1,23500.0
ÇarşıSüvari Mh.,4+1,39900.0
ÇarşıŞeker Mh.,1+1,23500.0
MerkezTurkuaz Mh.,2+1,17500.0
ÇarşıOğuzlar Mh.,3+1,22000.0
ÇarşıAlsancak Mah.,3+1,20500.0
ÇarşıKazım Karabekir Mh.,2+1,45000.0
MerkezYapracık Mh.,2+1,18500.0
ÇarşıYeni Bağlıca Mh.,6+2,125000.0
ÇarşıTopçu Mh.,3+1,20000.0
ÇarşıTopçu Mh.,2+1,25000.0
ÇarşıBağlıca Mh.,4+1,55000.0
EryamanTunahan Mah.,3+1,32000.0
EryamanŞeyh Şamil Mh.,3+1,33000.0
ÇarşıAlsancak Mah.,2+1,21000.0
EryamanYavuz Selim Mah.,3+1,38000.0
ÇarşıElvan Mah.,3+1,20000.0
ÇarşıKazım Karabekir Mh.,3+1,25000.0
EryamanTunahan Mah.,1+1,29000.0
ÇarşıAtakent Mah.,2+1,24000.0
EryamanTunahan Mah.,3+1,32750.0
MerkezGöksu Mh.,3+1,35000.0
EryamanŞehit Osman Avcı Mh.,1+1,32000.0
EryamanAltay Mah.,1+1,30500.0
ÇarşıTopçu Mh.,3+1,30000.0
EryamanŞehit Osman Avcı Mh.,2+1,37500.0
EryamanŞehit Osman Avcı Mh.,1+1,35000.0
MerkezTurkuaz Mh.,4+1,33000.0
ÇarşıBağlıca Mh.,2+1,38000.0
ÇarşıYeşilova Mh.,4+1,60000.0
ÇarşıTopçu Mh.,3+1,25000.0
ÇarşıAyyıldız Mh.,2+1,27000.0
Çarşıİstasyon Mh.,3+1,22500.0
Çarşıİstasyon Mh.,3+1,23000.0
ÇarşıTopçu Mh.,2+1,19500.0
MerkezDevlet Mh.,1+1,35000.0
MerkezTurkuaz Mh.,2+1,20000.0
EryamanŞeyh Şamil Mh.,2.5+1,35000.0
MerkezAşağıyurtçu Mh.,2+1,22000.0
ÇarşıElvan Mah.,3+1,24900.0
MerkezTurkuaz Mh.,3+1,25000.0
MerkezEryaman Mah.,3+1,36500.0
ÇarşıBağlıca Mh.,3+1,50000.0
ÇarşıYeni Bağlıca Mh.,5+1,75000.0
EryamanŞehit Osman Avcı Mh.,1+1,30000.0
MerkezDevlet Mh.,2+1,27000.0
ÇarşıSüvari Mh.,3+1,23000.0
MerkezEryaman Mah.,3+1,41000.0
EryamanŞehit Osman Avcı Mh.,1+1,28500.0
EryamanŞehit Osman Avcı Mh.,1+1,30000.0
ÇarşıAhi Mesut Mah.,4+1,36000.0
MerkezGöksu Mh.,2+1,29000.0
ÇarşıAlsancak Mah.,3+1,26000.0
ÇarşıAtakent Mah.,2+1,30500.0
ÇarşıSüvari Mh.,2+1,18000.0
Çarşıİstasyon Mh.,3+1,23500.0
MerkezYukarıyurtçu Mh.,2+1,22000.0
ÇarşıTopçu Mh.,3+1,26000.0
EryamanŞeyh Şamil Mh.,3+1,29000.0
EryamanŞehit Osman Avcı Mh.,1+1,27000.0
MerkezAtayurt Mh.,2+1,18000.0
EryamanŞehit Osman Avcı Mh.,2+1,41000.0
EryamanŞeyh Şamil Mh.,2+1,27000.0
ÇarşıKazım Karabekir Mh.,3+1,21000.0
EryamanAltay Mah.,1+1,25000.0
EryamanŞehit Osman Avcı Mh.,1+1,34000.0
ÇarşıBağlıca Mh.,1+1,30000.0
ÇarşıYeşilova Mh.,2+1,45000.0
ÇarşıElvan Mah.,5+1,35000.0
EryamanTunahan Mah.,3+1,24000.0
ÇarşıSüvari Mh.,1+1,25000.0
ÇarşıYeşilova Mh.,4+1,57000.0
MerkezDevlet Mh.,3+1,32000.0
MerkezTurkuaz Mh.,4+1,26000.0
EryamanTunahan Mah.,2+1,31500.0
ÇarşıYeni Bağlıca Mh.,1+1,36000.0
ÇarşıAtakent Mah.,3+1,38000.0
MerkezAtayurt Mh.,2+1,25000.0
EryamanŞehit Osman Avcı Mh.,3+1,40000.0
ÇarşıTopçu Mh.,3+1,22500.0
EryamanTunahan Mah.,3+1,42000.0
ÇarşıYeni Bağlıca Mh.,1+1,31000.0
EryamanŞehit Osman Avcı Mh.,1+1,23000.0
EryamanŞehit Osman Avcı Mh.,Stüdyo (1+0),20500.0
EryamanAltay Mah.,Stüdyo (1+0),20000.0
ÇarşıPiyade Mah.,3+1,26000.0
MerkezTurkuaz Mh.,2+1,28000.0
ÇarşıOğuzlar Mh.,3+1,20000.0
MerkezDevlet Mh.,2+1,39000.0
ÇarşıElvan Mah.,3+1,22500.0
EryamanŞehit Osman Avcı Mh.,1+1,28000.0
ÇarşıYeşilova Mh.,2+1,38000.0
EryamanŞehit Osman Avcı Mh.,2+1,32000.0
Çarşıİstasyon Mh.,2+1,27000.0
ÇarşıBağlıca Mh.,4+1,52000.0
MerkezDevlet Mh.,3+1,34500.0
ÇarşıElvan Mah.,2+1,35000.0
ÇarşıSüvari Mh.,2+1,20000.0
Çarşıİstasyon Mh.,4+1,35000.0
ÇarşıAyyıldız Mh.,4+1,40500.0
MerkezGöksu Mh.,5+1,72000.0
ÇarşıYeşilova Mh.,2+1,34000.0
EryamanŞeyh Şamil Mh.,3+1,41000.0
ÇarşıEtiler Mah.,2+1,18500.0
EryamanAltay Mah.,1+1,21000.0
MerkezAtayurt Mh.,2+1,23000.0
ÇarşıŞeker Mh.,2+1,25000.0
ÇarşıSüvari Mh.,3+1,45000.0
ÇarşıAlsancak Mah.,3+1,29500.0
Merkez30 Ağustos Mh.,2+1,16000.0
ÇarşıYeni Bağlıca Mh.,1+1,34000.0
ÇarşıBağlıca Mh.,1+1,36000.0
MerkezTurkuaz Mh.,2+1,42000.0
ÇarşıTopçu Mh.,3+1,28000.0
Çarşıİstasyon Mh.,3+1,25000.0
EryamanŞeyh Şamil Mh.,3+1,25500.0
ÇarşıTopçu Mh.,3+1,25500.0
MerkezTurkuaz Mh.,2+1,19500.0
MerkezTurkuaz Mh.,2+1,21500.0
EryamanŞehit Osman Avcı Mh.,2+1,29500.0
ÇarşıEtiler Mah.,2+1,18000.0
MerkezAşağıyurtçu Mh.,2+1,27000.0
EryamanGüzelkent Mh.,3+1,25500.0
MerkezEryaman Mah.,3+1,30250.0
ÇarşıŞeker Mh.,2+1,31000.0
MerkezYapracık Mh.,2+1,21500.0
ÇarşıYeni Bağlıca Mh.,2+1,40000.0
MerkezYukarıyurtçu Mh.,2+1,25000.0
EryamanŞehit Osman Avcı Mh.,2+1,32000.0
EryamanŞehit Osman Avcı Mh.,1+1,26000.0
ÇarşıPiyade Mah.,3+1,25000.0
ÇarşıPiyade Mah.,3+1,25000.0
Çarşıİstasyon Mh.,3+1,20500.0
ÇarşıAhi Mesut Mah.,3+1,41000.0
ÇarşıAlsancak Mah.,1+1,26500.0
Merkez30 Ağustos Mh.,4+1,25000.0
ÇarşıAhi Mesut Mah.,4+2,57000.0
MerkezEryaman Mah.,3+1,45500.0
ÇarşıAhi Mesut Mah.,3+1,30000.0
ÇarşıYeni Bağlıca Mh.,4+1,43000.0
MerkezDevlet Mh.,1+1,32750.0
ÇarşıBağlıca Mh.,3+1,45000.0
ÇarşıYeni Bağlıca Mh.,6+1,95000.0
EryamanYavuz Selim Mah.,3+1,31000.0
Merkez30 Ağustos Mh.,3+1,20500.0
ÇarşıYeni Bağlıca Mh.,3+1,42000.0
EryamanYavuz Selim Mah.,3+1,37500.0
ÇarşıŞeker Mh.,1+1,26000.0
ÇarşıAyyıldız Mh.,4+1,46000.0
EryamanŞehit Osman Avcı Mh.,1+1,25750.0
ÇarşıSüvari Mh.,3+1,27000.0
ÇarşıYeni Bağlıca Mh.,1+1,26000.0
ÇarşıAlsancak Mah.,2+1,23500.0
ÇarşıPiyade Mah.,3+1,31200.0
Çarşıİstasyon Mh.,2+1,29000.0
EryamanŞehit Osman Avcı Mh.,1+1,28500.0
EryamanTunahan Mah.,2+1,50000.0
EryamanGüzelkent Mh.,3+1,28000.0
ÇarşıYeni Bağlıca Mh.,1+1,33000.0
ÇarşıYeni Bağlıca Mh.,1+1,28000.0
ÇarşıAtakent Mah.,3+1,28000.0
MerkezEryaman Mah.,3+1,30000.0
ÇarşıBağlıca Mh.,4+1,60000.0
EryamanŞehit Osman Avcı Mh.,1+1,24500.0
ÇarşıKazım Karabekir Mh.,3+1,25000.0
ÇarşıYeni Bağlıca Mh.,4+1,55000.0
EryamanŞehit Osman Avcı Mh.,1+1,25000.0
ÇarşıSüvari Mh.,3+1,28500.0
ÇarşıBağlıca Mh.,4+1,60000.0
EryamanAltay Mah.,3+1,42000.0
EryamanŞeyh Şamil Mh.,1+1,23500.0
ÇarşıAlsancak Mah.,3+1,20750.0
EryamanTunahan Mah.,3+1,24500.0
EryamanŞehit Osman Avcı Mh.,1+1,26000.0
ÇarşıElvan Mah.,3+1,35000.0
MerkezYapracık Mh.,2+1,18000.0
ÇarşıYeni Bağlıca Mh.,2+1,42000.0
MerkezAtayurt Mh.,3+1,20000.0
ÇarşıAtakent Mah.,2+1,20000.0
MerkezTurkuaz Mh.,2+1,25000.0
ÇarşıAlsancak Mah.,2+1,25500.0
MerkezTurkuaz Mh.,3+1,25000.0
MerkezGöksu Mh.,3+1,32000.0
ÇarşıYeni Bağlıca Mh.,4+1,57000.0
ÇarşıOğuzlar Mh.,3+1,20000.0
EryamanŞehit Osman Avcı Mh.,1+1,31000.0
MerkezYapracık Mh.,2+1,18000.0
MerkezYapracık Mh.,4+1,25000.0
EryamanTunahan Mah.,2+1,21000.0
EryamanŞeyh Şamil Mh.,3+1,32000.0
EryamanTunahan Mah.,1+1,24000.0
ÇarşıAhi Mesut Mah.,3+1,42000.0
MerkezGöksu Mh.,2+1,49000.0
Çarşıİstasyon Mh.,2+1,26000.0
MerkezYukarıyurtçu Mh.,2+1,27000.0
MerkezAtayurt Mh.,2+1,22000.0
MerkezGöksu Mh.,2+1,37250.0
EryamanŞehit Osman Avcı Mh.,1+1,28000.0
MerkezAtayurt Mh.,2+1,18000.0
EryamanGüzelkent Mh.,3+1,35000.0
ÇarşıEtiler Mah.,3+1,25000.0
EryamanŞehit Osman Avcı Mh.,3+1,40000.0
ÇarşıSüvari Mh.,3+1,28000.0
EryamanŞehit Osman Avcı Mh.,3+1,42000.0
ÇarşıPiyade Mah.,1+1,30000.0
MerkezTurkuaz Mh.,2+1,24000.0
ÇarşıAlsancak Mah.,2+1,22000.0
EryamanGüzelkent Mh.,3+1,28000.0
ÇarşıAtakent Mah.,3+1,30000.0
EryamanAltay Mah.,2+1,37000.0
EryamanŞeyh Şamil Mh.,3+1,20000.0
ÇarşıPiyade Mah.,3+1,25500.0
MerkezYukarıyurtçu Mh.,2+1,16000.0
MerkezAtayurt Mh.,2+1,16500.0
ÇarşıAtakent Mah.,3+1,30000.0
ÇarşıAtakent Mah.,3+1,26000.0
EryamanAltay Mah.,1+1,21000.0
ÇarşıYeni Bağlıca Mh.,2+1,40000.0
ÇarşıFatih Sultan Mah.,4+1,68000.0
EryamanŞeyh Şamil Mh.,3+1,35500.0
MerkezYukarıyurtçu Mh.,2+1,25000.0
EryamanŞeyh Şamil Mh.,1+1,22000.0
EryamanAltay Mah.,3+1,32000.0
MerkezDevlet Mh.,2+1,39000.0
ÇarşıAlsancak Mah.,3+1,25750.0
MerkezTurkuaz Mh.,2+1,18000.0
MerkezGöksu Mh.,4.5+1,75000.0
MerkezGöksu Mh.,3+1,30000.0
ÇarşıYeşilova Mh.,3+1,33000.0
EryamanAltay Mah.,1+1,25500.0
ÇarşıYeni Bağlıca Mh.,4+1,43500.0
Çarşıİstasyon Mh.,3+1,20000.0
ÇarşıAlsancak Mah.,3+1,23000.0
ÇarşıPiyade Mah.,3+1,23000.0
ÇarşıYeni Bağlıca Mh.,3+1,51000.0
MerkezGöksu Mh.,4+1,52000.0
EryamanTunahan Mah.,3+1,35000.0
ÇarşıYeni Bağlıca Mh.,1+1,27500.0
MerkezTurkuaz Mh.,3+1,30000.0
ÇarşıTopçu Mh.,2+1,15000.0
MerkezGöksu Mh.,4+1,46000.0
ÇarşıAyyıldız Mh.,3+1,23500.0
ÇarşıŞeker Mh.,1+1,28500.0
EryamanTunahan Mah.,4+1,64000.0
EryamanŞehit Osman Avcı Mh.,Stüdyo (1+0),20000.0
EryamanŞehit Osman Avcı Mh.,1+1,26000.0
MerkezYapracık Mh.,3+1,27000.0
EryamanTunahan Mah.,1+1,26000.0
ÇarşıEtiler Mah.,2+1,21000.0
EryamanŞehit Osman Avcı Mh.,1+1,27000.0
ÇarşıAlsancak Mah.,5+1,32000.0
MerkezEryaman Mah.,3+1,36000.0
EryamanŞehit Osman Avcı Mh.,3+1,33000.0
Merkez30 Ağustos Mh.,3+1,23000.0
ÇarşıYeşilova Mh.,2+1,30000.0
ÇarşıSüvari Mh.,2+1,26000.0
MerkezYukarıyurtçu Mh.,2+1,28000.0
MerkezAtayurt Mh.,2+1,22000.0
ÇarşıYeşilova Mh.,4+1,58500.0
MerkezGöksu Mh.,4+1,51000.0
EryamanAltay Mah.,Stüdyo (1+0),19500.0
MerkezEryaman Mah.,3+1,23000.0
Merkez30 Ağustos Mh.,2+1,25000.0
EryamanŞehit Osman Avcı Mh.,3+1,39000.0
ÇarşıAtakent Mah.,2+1,35000.0
EryamanŞehit Osman Avcı Mh.,2+1,33000.0
EryamanYavuz Selim Mah.,3+1,29500.0
ÇarşıSüvari Mh.,2+1,20000.0
ÇarşıYeni Bağlıca Mh.,3.5+1,61000.0
ÇarşıYeni Bağlıca Mh.,3+1,72000.0
ÇarşıYeşilova Mh.,2+1,45000.0
ÇarşıYeşilova Mh.,2+1,32500.0
ÇarşıYeşilova Mh.,4+1,55000.0
ÇarşıBağlıca Mh.,4+1,55000.0
MerkezGöksu Mh.,3+1,45000.0
ÇarşıKazım Karabekir Mh.,2+1,25000.0
MerkezGöksu Mh.,4+1,52000.0
Çarşıİstasyon Mh.,3+1,26000.0
EryamanTunahan Mah.,1+1,24500.0
ÇarşıTopçu Mh.,3+1,20000.0
EryamanŞehit Osman Avcı Mh.,2+1,28000.0
ÇarşıBağlıca Mh.,3+1,46500.0
MerkezAşağıyurtçu Mh.,2+1,25000.0
EryamanTunahan Mah.,1+1,20000.0
ÇarşıPiyade Mah.,3+1,23000.0
EryamanYavuz Selim Mah.,5+1,55000.0
ÇarşıAhi Mesut Mah.,3+1,35000.0
Merkez30 Ağustos Mh.,3+1,25000.0
ÇarşıAlsancak Mah.,3+1,26000.0
EryamanAltay Mah.,2+1,38000.0
ÇarşıElvan Mah.,3+1,30000.0
ÇarşıBağlıca Mh.,4+1,53000.0
EryamanAltay Mah.,3+1,34000.0
MerkezAtayurt Mh.,2+1,27500.0
MerkezAtayurt Mh.,3+1,22000.0
EryamanTunahan Mah.,3+1,26000.0
EryamanTunahan Mah.,1+1,28500.0
MerkezYapracık Mh.,2+1,26000.0
ÇarşıTopçu Mh.,3+1,25000.0
EryamanŞeyh Şamil Mh.,1+1,20000.0
ÇarşıAlsancak Mah.,3+1,25000.0
ÇarşıAlsancak Mah.,2+1,22000.0
ÇarşıBağlıca Mh.,1+1,35850.0
ÇarşıPiyade Mah.,1+1,20000.0
MerkezAşağıyurtçu Mh.,4+1,47000.0
MerkezTurkuaz Mh.,2+1,17500.0
EryamanAltay Mah.,Stüdyo (1+0),18500.0
ÇarşıAlsancak Mah.,2+1,18000.0
MerkezDevlet Mh.,1+1,36500.0
ÇarşıAlsancak Mah.,3+1,25500.0
MerkezTurkuaz Mh.,2+1,17500.0
EryamanŞehit Osman Avcı Mh.,1+1,35000.0
MerkezAtayurt Mh.,2+1,25000.0
MerkezDevlet Mh.,1+1,32000.0
EryamanAltay Mah.,Stüdyo (1+0),17000.0
ÇarşıOğuzlar Mh.,3+1,24000.0
MerkezYapracık Mh.,3+1,20000.0
EryamanŞehit Osman Avcı Mh.,1+1,35000.0
ÇarşıAtakent Mah.,3+1,22000.0
MerkezDevlet Mh.,3+1,38000.0
MerkezEryaman Mah.,3+1,37500.0
MerkezAtayurt Mh.,2+1,23000.0
EryamanŞehit Osman Avcı Mh.,1+1,27000.0
MerkezYukarıyurtçu Mh.,2+1,25000.0
ÇarşıAlsancak Mah.,2+1,21000.0
ÇarşıElvan Mah.,3+1,40000.0
ÇarşıBağlıca Mh.,Stüdyo (1+0),19750.0
EryamanYavuz Selim Mah.,1+1,26000.0
EryamanŞehit Osman Avcı Mh.,Stüdyo (1+0),22000.0
ÇarşıYeni Bağlıca Mh.,6+1,135000.0
ÇarşıYeni Bağlıca Mh.,2+1,37000.0
EryamanŞehit Osman Avcı Mh.,1+1,28300.0
MerkezAtayurt Mh.,2.5+1,25500.0
MerkezAtayurt Mh.,2+1,25000.0
EryamanAltay Mah.,Stüdyo (1+0),19000.0
MerkezGöksu Mh.,1+1,34000.0
MerkezYapracık Mh.,2+1,17500.0
EryamanŞehit Osman Avcı Mh.,2+1,35750.0
EryamanŞehit Osman Avcı Mh.,1+1,31000.0
ÇarşıOğuzlar Mh.,3+1,25000.0
ÇarşıAlsancak Mah.,3+1,24750.0
ÇarşıBağlıca Mh.,4+1,57500.0
EryamanŞeyh Şamil Mh.,3+1,27000.0
ÇarşıYeşilova Mh.,2+1,33000.0
EryamanŞehit Osman Avcı Mh.,1+1,26500.0
Çarşıİstasyon Mh.,3+1,24000.0
ÇarşıYeşilova Mh.,1+1,29000.0
MerkezTurkuaz Mh.,2+1,23000.0
EryamanŞehit Osman Avcı Mh.,2+1,28000.0
ÇarşıEtiler Mah.,2+1,22500.0
ÇarşıAlsancak Mah.,2+1,27000.0
MerkezDevlet Mh.,1+1,30000.0
ÇarşıYeni Bağlıca Mh.,2+1,62500.0
ÇarşıYeni Bağlıca Mh.,1+1,31000.0
ÇarşıSüvari Mh.,2+1,32000.0
EryamanAltay Mah.,2+1,30000.0
EryamanŞeyh Şamil Mh.,1+1,23000.0
EryamanŞehit Osman Avcı Mh.,3+1,27500.0
Çarşıİstasyon Mh.,3+1,23900.0
EryamanYavuz Selim Mah.,3+1,30000.0
MerkezTurkuaz Mh.,2+1,18500.0
ÇarşıPiyade Mah.,3+1,29900.0
ÇarşıYeni Bağlıca Mh.,3+1,48500.0
MerkezTurkuaz Mh.,3+1,30000.0
ÇarşıYeni Bağlıca Mh.,4+1,50000.0
ÇarşıBağlıca Mh.,1+1,35000.0
ÇarşıYeşilova Mh.,4+1,56000.0
MerkezYapracık Mh.,2+1,21000.0
ÇarşıYeşilova Mh.,2+1,42000.0
MerkezGöksu Mh.,1+1,25000.0
ÇarşıOğuzlar Mh.,3+1,23000.0
ÇarşıŞeker Mh.,1+1,27000.0
ÇarşıPiyade Mah.,3+1,28500.0
EryamanAltay Mah.,2+1,37500.0
ÇarşıAtakent Mah.,3+1,29000.0
EryamanYavuz Selim Mah.,3+1,30500.0
EryamanŞehit Osman Avcı Mh.,3+1,36000.0
MerkezTurkuaz Mh.,3+1,23000.0
MerkezDevlet Mh.,2+1,37000.0
ÇarşıPiyade Mah.,3+1,27000.0
ÇarşıAhi Mesut Mah.,3+1,29000.0
MerkezTurkuaz Mh.,3+1,21500.0
EryamanŞehit Osman Avcı Mh.,2+1,33000.0
ÇarşıTopçu Mh.,3+1,28000.0
EryamanYavuz Selim Mah.,3+1,35000.0
MerkezGöksu Mh.,4+1,69000.0
Çarşıİstasyon Mh.,2+1,19500.0
MerkezEryaman Mah.,3+1,45000.0
ÇarşıPiyade Mah.,3+1,22500.0
EryamanTunahan Mah.,2+1,26500.0
EryamanŞehit Osman Avcı Mh.,2+1,40000.0
ÇarşıPiyade Mah.,2+1,19500.0
MerkezAtayurt Mh.,2+1,17000.0
ÇarşıYeni Bağlıca Mh.,2+1,39000.0
ÇarşıPiyade Mah.,3+1,22000.0
ÇarşıTopçu Mh.,3+1,29000.0
Merkez30 Ağustos Mh.,3+1,24000.0
EryamanYavuz Selim Mah.,1+1,25500.0
MerkezTurkuaz Mh.,2+1,19500.0
Merkez30 Ağustos Mh.,3+1,20000.0
ÇarşıOğuzlar Mh.,3+1,25000.0
ÇarşıAlsancak Mah.,2+1,25000.0
ÇarşıYeni Bağlıca Mh.,Stüdyo (1+0),27500.0
ÇarşıYeni Bağlıca Mh.,Stüdyo (1+0),25750.0
Çarşıİstasyon Mh.,3+1,17500.0
Merkez30 Ağustos Mh.,3+1,20500.0
MerkezYapracık Mh.,3+1,19900.0
ÇarşıPiyade Mah.,2+1,28000.0
EryamanŞehit Osman Avcı Mh.,1+1,35000.0
ÇarşıAhi Mesut Mah.,4+1,48000.0
ÇarşıŞeker Mh.,2+1,29500.0
Çarşıİstasyon Mh.,3+1,25500.0
ÇarşıPiyade Mah.,3+1,24500.0
ÇarşıYeni Bağlıca Mh.,4+1,50000.0
ÇarşıBağlıca Mh.,2+1,24000.0
MerkezGöksu Mh.,3+1,48000.0
ÇarşıTopçu Mh.,2+1,32000.0
ÇarşıKazım Karabekir Mh.,1+1,26000.0
ÇarşıYeşilova Mh.,1+1,28500.0
MerkezYapracık Mh.,3+1,55000.0
Çarşıİstasyon Mh.,3+1,24000.0
EryamanTunahan Mah.,2+1,25000.0
ÇarşıSüvari Mh.,3+1,22000.0
ÇarşıAlsancak Mah.,3+1,24500.0
ÇarşıTopçu Mh.,2+1,18500.0
ÇarşıYeşilova Mh.,4+1,57000.0
EryamanŞeyh Şamil Mh.,1+1,19000.0
ÇarşıSüvari Mh.,3+1,30000.0
MerkezAtayurt Mh.,3+1,22000.0
Çarşıİstasyon Mh.,3+1,26000.0
EryamanŞehit Osman Avcı Mh.,2+1,26000.0
ÇarşıYeni Bağlıca Mh.,4+1,39750.0
ÇarşıAhi Mesut Mah.,3+1,25999.0
MerkezTurkuaz Mh.,2+1,30000.0
MerkezYapracık Mh.,2+1,25500.0
ÇarşıPiyade Mah.,2+1,20000.0
ÇarşıŞeker Mh.,4+1,58500.0
ÇarşıElvan Mah.,3+1,30000.0
MerkezYapracık Mh.,2+1,27000.0
ÇarşıYeşilova Mh.,1+1,32000.0
ÇarşıYeni Bağlıca Mh.,1+1,30000.0
ÇarşıYeni Bağlıca Mh.,3+1,52000.0
EryamanŞehit Osman Avcı Mh.,Stüdyo (1+0),19750.0
MerkezYukarıyurtçu Mh.,3+1,30000.0
EryamanTunahan Mah.,1+1,25000.0
EryamanŞehit Osman Avcı Mh.,3+1,32000.0
MerkezYukarıyurtçu Mh.,2+1,16000.0
Çarşıİstasyon Mh.,3+1,23000.0
ÇarşıBağlıca Mh.,4+1,62500.0
ÇarşıAyyıldız Mh.,3+1,26000.0
EryamanŞehit Osman Avcı Mh.,Stüdyo (1+0),17500.0
ÇarşıElvan Mah.,3+1,36500.0
MerkezAtayurt Mh.,2+1,25000.0
MerkezAtayurt Mh.,2+1,30000.0
ÇarşıOğuzlar Mh.,3+1,25000.0
EryamanŞeyh Şamil Mh.,1+1,21000.0
ÇarşıBağlıca Mh.,1+1,32500.0
ÇarşıAtakent Mah.,3+1,38500.0
MerkezEryaman Mah.,2+1,35000.0
ÇarşıYeni Bağlıca Mh.,1+1,32000.0
EryamanAltay Mah.,3+1,38000.0
ÇarşıBağlıca Mh.,3.5+1,65000.0
MerkezAtayurt Mh.,2+1,25500.0
MerkezYukarıyurtçu Mh.,2+1,26000.0
MerkezAtayurt Mh.,2+1,25000.0
EryamanTunahan Mah.,3+1,42000.0
ÇarşıAtakent Mah.,5+1,27000.0
EryamanŞehit Osman Avcı Mh.,Stüdyo (1+0),21000.0
ÇarşıTopçu Mh.,2+1,25000.0
EryamanŞeyh Şamil Mh.,3+1,47500.0
EryamanYavuz Selim Mah.,3+1,28000.0
MerkezTurkuaz Mh.,1+1,33000.0
ÇarşıSüvari Mh.,4+1,33500.0
EryamanTunahan Mah.,3+1,34000.0
ÇarşıAtakent Mah.,3+1,34500.0
EryamanAltay Mah.,Stüdyo (1+0),18500.0
ÇarşıAtakent Mah.,3+1,26000.0
MerkezEryaman Mah.,1+1,29000.0
Çarşıİstasyon Mh.,3+1,26000.0
MerkezGöksu Mh.,3+1,42000.0
MerkezAtayurt Mh.,2+1,18500.0
EryamanŞehit Osman Avcı Mh.,4+1,47000.0
EryamanTunahan Mah.,4+1,60000.0
EryamanGüzelkent Mh.,3+1,28000.0
ÇarşıYeni Bağlıca Mh.,2+1,36500.0
MerkezEryaman Mah.,3+1,47000.0
ÇarşıPiyade Mah.,3+1,25500.0
MerkezTurkuaz Mh.,2+1,21000.0
MerkezTurkuaz Mh.,2+1,18750.0
ÇarşıPiyade Mah.,2+1,16500.0
MerkezEryaman Mah.,1+1,24000.0
ÇarşıAtakent Mah.,5+2,35000.0
ÇarşıAhi Mesut Mah.,3+1,26000.0
ÇarşıAhi Mesut Mah.,3+1,43000.0
ÇarşıPiyade Mah.,3+1,20250.0
MerkezDevlet Mh.,2+1,46000.0
MerkezGöksu Mh.,4+1,72000.0
EryamanŞehit Osman Avcı Mh.,1+1,24650.0
MerkezEryaman Mah.,3+1,30500.0
ÇarşıSüvari Mh.,3+1,21000.0
EryamanŞehit Osman Avcı Mh.,1+1,27000.0
ÇarşıBağlıca Mh.,1+1,35000.0
EryamanAltay Mah.,1+1,35000.0
MerkezGöksu Mh.,4+1,51500.0
Çarşıİstasyon Mh.,3+1,26500.0
EryamanYavuz Selim Mah.,1+1,27000.0
MerkezAtayurt Mh.,3+1,24750.0
MerkezEryaman Mah.,3+1,47000.0
ÇarşıAlsancak Mah.,3+1,33000.0
EryamanŞehit Osman Avcı Mh.,1+1,27000.0
EryamanGüzelkent Mh.,3+1,28000.0
Merkez30 Ağustos Mh.,3+1,22000.0
ÇarşıTopçu Mh.,3+1,26000.0
Çarşıİstasyon Mh.,2+1,26000.0
ÇarşıYeşilova Mh.,2+1,38000.0
ÇarşıTopçu Mh.,3+1,32000.0
EryamanTunahan Mah.,4+1,65000.0
EryamanŞehit Osman Avcı Mh.,1+1,30000.0
ÇarşıYeni Bağlıca Mh.,3+1,52000.0
MerkezDevlet Mh.,1+1,34000.0
EryamanTunahan Mah.,2+1,51000.0
ÇarşıPiyade Mah.,2+1,17500.0
ÇarşıBağlıca Mh.,4+1,43500.0
ÇarşıYeşilova Mh.,2+1,37500.0
ÇarşıBağlıca Mh.,2+1,57000.0
MerkezAtayurt Mh.,2+1,25000.0
MerkezDevlet Mh.,3+1,27000.0
EryamanŞeyh Şamil Mh.,1+1,25500.0
Merkez30 Ağustos Mh.,3+1,18000.0
ÇarşıBağlıca Mh.,Stüdyo (1+0),27000.0
ÇarşıAyyıldız Mh.,3+1,20250.0
ÇarşıTopçu Mh.,2+1,19500.0
ÇarşıKazım Karabekir Mh.,3+1,26000.0
ÇarşıYeni Bağlıca Mh.,4+1,46000.0
MerkezYapracık Mh.,3+1,24000.0
ÇarşıYeşilova Mh.,2+1,36000.0
ÇarşıKazım Karabekir Mh.,3+1,35000.0
EryamanTunahan Mah.,1+1,21000.0
EryamanGüzelkent Mh.,3+1,28000.0
Merkez30 Ağustos Mh.,3+1,24000.0
EryamanYavuz Selim Mah.,3+1,35000.0
ÇarşıTopçu Mh.,2+1,15000.0
ÇarşıOğuzlar Mh.,3+1,24000.0
ÇarşıElvan Mah.,3+1,26000.0
MerkezGöksu Mh.,4+1,52000.0
ÇarşıAyyıldız Mh.,4+1,42000.0
EryamanŞehit Osman Avcı Mh.,1+1,27000.0
MerkezYapracık Mh.,2+1,18500.0
EryamanYavuz Selim Mah.,3+1,31000.0
EryamanTunahan Mah.,3+1,32000.0
MerkezGöksu Mh.,4+1,60000.0
EryamanŞehit Osman Avcı Mh.,3.5+1,47000.0
EryamanŞehit Osman Avcı Mh.,2+1,31000.0
MerkezAtayurt Mh.,2+1,25000.0
ÇarşıŞeker Mh.,3+1,24750.0
ÇarşıYeşilova Mh.,2+1,41000.0
ÇarşıYeşilova Mh.,1+1,28500.0
ÇarşıAlsancak Mah.,3+1,25500.0
EryamanŞehit Osman Avcı Mh.,2+1,32500.0
ÇarşıBağlıca Mh.,4+1,60000.0
EryamanŞeyh Şamil Mh.,3+1,37000.0
ÇarşıAtakent Mah.,1+1,20500.0
MerkezYukarıyurtçu Mh.,2+1,26000.0
ÇarşıSüvari Mh.,3+1,26000.0
EryamanTunahan Mah.,3+1,24000.0
ÇarşıŞeker Mh.,1+1,29500.0
EryamanAltay Mah.,3+1,29000.0
EryamanŞehit Osman Avcı Mh.,3+1,34000.0
EryamanŞehit Osman Avcı Mh.,1+1,30000.0
EryamanŞeyh Şamil Mh.,3+1,27500.0
ÇarşıYeşilova Mh.,1+1,29999.0
MerkezDevlet Mh.,1+1,35000.0
MerkezGöksu Mh.,2+1,38000.0
EryamanŞehit Osman Avcı Mh.,2+1,47000.0
MerkezDevlet Mh.,2+1,37000.0
ÇarşıAlsancak Mah.,2+1,31000.0
ÇarşıKazım Karabekir Mh.,3+1,23000.0
ÇarşıYeni Bağlıca Mh.,4+1,47000.0
ÇarşıYeni Bağlıca Mh.,5+1,69000.0
MerkezAtayurt Mh.,2+1,24000.0
Merkez30 Ağustos Mh.,3+1,21000.0
EryamanTunahan Mah.,2+1,39250.0
EryamanTunahan Mah.,1+1,21400.0
Çarşıİstasyon Mh.,3+1,38000.0
EryamanTunahan Mah.,2+1,26500.0
MerkezTurkuaz Mh.,3+1,19500.0
ÇarşıŞeker Mh.,2+1,33000.0
ÇarşıŞeker Mh.,2+1,32500.0
Çarşıİstasyon Mh.,3+1,25999.0
EryamanŞehit Osman Avcı Mh.,1+1,28500.0
MerkezYukarıyurtçu Mh.,1+1,32500.0
ÇarşıOğuzlar Mh.,3+1,25000.0
EryamanŞehit Osman Avcı Mh.,1+1,31500.0
ÇarşıYeşilova Mh.,2+1,34000.0
ÇarşıKazım Karabekir Mh.,2+1,26500.0
MerkezYapracık Mh.,3+1,24000.0
EryamanŞehit Osman Avcı Mh.,1+1,28000.0
MerkezGöksu Mh.,4+1,78000.0
ÇarşıYeni Bağlıca Mh.,1+1,32500.0
EryamanAltay Mah.,1+1,30500.0
Merkez30 Ağustos Mh.,2+1,17000.0
ÇarşıBağlıca Mh.,Stüdyo (1+0),17500.0
MerkezGöksu Mh.,2+1,37000.0
ÇarşıYeşilova Mh.,2+1,41000.0
MerkezGöksu Mh.,3+1,35500.0
EryamanAltay Mah.,1+1,25750.0
ÇarşıKazım Karabekir Mh.,3+1,22000.0
ÇarşıBağlıca Mh.,5+1,45000.0
ÇarşıPiyade Mah.,3+1,22000.0
EryamanŞehit Osman Avcı Mh.,2+1,35000.0
ÇarşıKazım Karabekir Mh.,3+1,27000.0
EryamanAltay Mah.,1+1,25000.0
EryamanAltay Mah.,4+1,60000.0
ÇarşıYeni Bağlıca Mh.,4+1,70000.0
ÇarşıEtiler Mah.,3+1,30000.0
MerkezYukarıyurtçu Mh.,2+1,18000.0
ÇarşıŞeker Mh.,3+1,32000.0
ÇarşıBağlıca Mh.,3+1,42000.0
EryamanŞehit Osman Avcı Mh.,1+1,28000.0
MerkezAtayurt Mh.,3+1,18000.0
EryamanŞeyh Şamil Mh.,3+1,32500.0
ÇarşıBağlıca Mh.,5+1,57000.0
ÇarşıElvan Mah.,2+1,23750.0
ÇarşıOğuzlar Mh.,3+1,23250.0
ÇarşıSüvari Mh.,3+1,28999.0
ÇarşıAlsancak Mah.,3+1,29000.0
ÇarşıAlsancak Mah.,3+1,23000.0
MerkezAtayurt Mh.,3+1,16000.0
EryamanTunahan Mah.,2+1,29000.0
ÇarşıBağlıca Mh.,2+1,52000.0
MerkezAtayurt Mh.,2+1,25000.0
EryamanŞehit Osman Avcı Mh.,3+1,38000.0
MerkezAtayurt Mh.,3+1,25000.0
EryamanTunahan Mah.,1+1,27500.0
EryamanŞehit Osman Avcı Mh.,3+1,31000.0
ÇarşıYeni Bağlıca Mh.,1+1,33000.0
MerkezTurkuaz Mh.,2+1,22000.0
ÇarşıAlsancak Mah.,2+1,18500.0
ÇarşıYeni Bağlıca Mh.,3+1,67000.0
ÇarşıŞeker Mh.,1+1,26000.0
MerkezEryaman Mah.,3+1,41000.0
EryamanŞehit Osman Avcı Mh.,1+1,27500.0
EryamanYavuz Selim Mah.,3+1,42000.0
ÇarşıAyyıldız Mh.,3+1,23000.0
ÇarşıSüvari Mh.,2+1,25000.0
EryamanTunahan Mah.,3+1,36000.0
MerkezTurkuaz Mh.,3+1,23000.0
ÇarşıElvan Mah.,3+1,22000.0
ÇarşıSüvari Mh.,3+1,20999.0
ÇarşıYeşilova Mh.,3+1,41000.0
EryamanŞehit Osman Avcı Mh.,3+1,37000.0
MerkezYapracık Mh.,2+1,20000.0
ÇarşıOğuzlar Mh.,3+1,25000.0
EryamanAltay Mah.,4+1,56500.0
ÇarşıAtakent Mah.,3+1,36000.0
ÇarşıYeni Bağlıca Mh.,1+1,35000.0
EryamanŞeyh Şamil Mh.,1+1,20000.0
ÇarşıSüvari Mh.,3+1,24500.0
ÇarşıTopçu Mh.,3+1,20000.0
EryamanŞehit Osman Avcı Mh.,1+1,27500.0
EryamanTunahan Mah.,3+1,34000.0
EryamanŞehit Osman Avcı Mh.,1+1,28500.0
MerkezYapracık Mh.,4+1,98000.0
ÇarşıBağlıca Mh.,2+1,31000.0
EryamanTunahan Mah.,2+1,32000.0
EryamanŞehit Osman Avcı Mh.,3+1,43000.0
ÇarşıAyyıldız Mh.,3+1,26000.0
MerkezAtayurt Mh.,2+1,19000.0
ÇarşıAlsancak Mah.,3+1,18650.0
ÇarşıBağlıca Mh.,4+1,59000.0
ÇarşıAlsancak Mah.,3+1,25000.0
MerkezYukarıyurtçu Mh.,2+1,30000.0
ÇarşıTopçu Mh.,3+1,22500.0
EryamanAltay Mah.,3+1,26000.0
MerkezYukarıyurtçu Mh.,3+1,18500.0
ÇarşıBağlıca Mh.,4+1,44000.0
ÇarşıYeni Bağlıca Mh.,4+1,42000.0
EryamanGüzelkent Mh.,3+1,26000.0
EryamanTunahan Mah.,1+1,26500.0
ÇarşıYeni Bağlıca Mh.,5+1,60000.0
EryamanŞehit Osman Avcı Mh.,3+1,45000.0
ÇarşıSüvari Mh.,3+1,20000.0
MerkezDevlet Mh.,1+1,35000.0
ÇarşıYeni Bağlıca Mh.,3+1,55000.0
MerkezYapracık Mh.,4+1,18000.0
MerkezDevlet Mh.,1+1,27000.0
ÇarşıBağlıca Mh.,1+1,35000.0
ÇarşıTopçu Mh.,3+1,27000.0
ÇarşıPiyade Mah.,2+1,21500.0
ÇarşıAlsancak Mah.,3+1,28000.0
MerkezTurkuaz Mh.,2+1,39600.0
MerkezAtayurt Mh.,3+1,22000.0
MerkezGöksu Mh.,4+1,55000.0
EryamanGüzelkent Mh.,3+1,28500.0
ÇarşıŞeker Mh.,3+1,28000.0
EryamanŞehit Osman Avcı Mh.,2+1,18000.0
MerkezEryaman Mah.,3+1,30000.0
ÇarşıAhi Mesut Mah.,4+1,52000.0
EryamanTunahan Mah.,1+1,29000.0
EryamanŞehit Osman Avcı Mh.,1+1,32500.0
EryamanŞeyh Şamil Mh.,1+1,20000.0
ÇarşıAhi Mesut Mah.,3+1,45000.0
ÇarşıBağlıca Mh.,5+1,75000.0
ÇarşıAhi Mesut Mah.,3+1,26000.0
Çarşıİstasyon Mh.,3+1,19500.0
EryamanŞeyh Şamil Mh.,1+1,25000.0
EryamanŞehit Osman Avcı Mh.,2+1,39000.0
Merkez30 Ağustos Mh.,4+1,21500.0
ÇarşıAtakent Mah.,3+1,25000.0
ÇarşıEtiler Mah.,3+1,25000.0
MerkezYapracık Mh.,2+1,18000.0
Merkez30 Ağustos Mh.,3+1,26500.0
MerkezDevlet Mh.,2+1,35500.0
ÇarşıAhi Mesut Mah.,3+1,35000.0
ÇarşıSüvari Mh.,3+1,26000.0
ÇarşıElvan Mah.,3+1,20500.0
ÇarşıYeni Bağlıca Mh.,3+1,44500.0
MerkezGöksu Mh.,4+1,67000.0
ÇarşıElvan Mah.,2+1,21500.0
EryamanGüzelkent Mh.,4+1,51000.0
EryamanTunahan Mah.,1+1,28000.0
EryamanŞehit Osman Avcı Mh.,2+1,29000.0
EryamanTunahan Mah.,3+1,35500.0
ÇarşıPiyade Mah.,3+1,28000.0
EryamanŞehit Osman Avcı Mh.,1+1,28000.0
ÇarşıAtakent Mah.,2+1,20500.0
EryamanTunahan Mah.,4+1,75000.0
MerkezAtayurt Mh.,2+1,18000.0
EryamanŞehit Osman Avcı Mh.,2+1,26000.0
EryamanŞehit Osman Avcı Mh.,1+1,25000.0
ÇankayaTopraklık/Kurtuluş,2+1,27200.0
Altındağ,3+1,17000.0
MamakAbidinpaşa,2+1,25500.0
KeçiörenEtlik / İncirli,3+1,66000.0
EtimesgutÇarşı,2+1,34500.0
Çubuk,3+1,25000.0
ÇankayaBahçelievler,2+1,46000.0
ÇankayaGaziosmanpaşa(Gop),6+1,440000.0
EtimesgutEryaman,1+1,25500.0
Gölbaşı,1+1,35000.0
GölbaşıÖrencik Mh.,3+1,30000.0
GölbaşıÖrencik Mh.,1+1,30000.0
GölbaşıHacılar Mh.,4+1,52000.0
Gölbaşıİncek Mh.,1+1,26000.0
GölbaşıEymir Mah.,3+1,39500.0
Gölbaşıİncek Mh.,1+1,23500.0
GölbaşıKızılcaşar Mh.,5+2,180000.0
GölbaşıKızılcaşar Mh.,Stüdyo (1+0),30000.0
GölbaşıKızılcaşar Mh.,1+1,26000.0
GölbaşıTaşpınar Mh.,2+1,28750.0
GölbaşıTaşpınar Mh.,1+1,26000.0
GölbaşıHacılar Mh.,1+1,35000.0
Gölbaşıİncek Mh.,3+1,27900.0
GölbaşıKızılcaşar Mh.,1+1,26500.0
GölbaşıTaşpınar Mh.,2+1,40000.0
GölbaşıKızılcaşar Mh.,1+1,24500.0
Gölbaşıİncek Mh.,3+1,53000.0
GölbaşıGaziosmanpaşa Mh.,3+1,30000.0
GölbaşıTaşpınar Mh.,1+1,25000.0
Gölbaşıİncek Mh.,2+1,21000.0
Gölbaşıİncek Mh.,1+1,20000.0
Gölbaşıİncek Mh.,2+1,30000.0
GölbaşıSeğmenler Mh.,2+1,22500.0
GölbaşıTaşpınar Mh.,1+1,26000.0
GölbaşıTaşpınar Mh.,Stüdyo (1+0),25000.0
GölbaşıHacılar Mh.,1+1,39500.0
GölbaşıTaşpınar Mh.,2+1,32000.0
GölbaşıKarşıyaka Mh.,1+1,25000.0
Gölbaşıİncek Mh.,4.5+1,76000.0
GölbaşıBahçelievler Mh.,3+1,35000.0
Gölbaşıİncek Mh.,2+1,31000.0
GölbaşıTaşpınar Mh.,4.5+1,73000.0
GölbaşıTaşpınar Mh.,1+1,22000.0
GölbaşıBahçelievler Mh.,1+1,27000.0
GölbaşıTaşpınar Mh.,3+1,37500.0
GölbaşıÖrencik Mh.,3+1,31500.0
GölbaşıTaşpınar Mh.,2+1,27500.0
Gölbaşıİncek Mh.,2+1,45000.0
GölbaşıBahçelievler Mh.,1+1,23000.0
Gölbaşıİncek Mh.,2+1,32000.0
GölbaşıBahçelievler Mh.,1+1,20000.0
Gölbaşıİncek Mh.,3+1,35000.0
GölbaşıTaşpınar Mh.,1+1,25000.0
GölbaşıTaşpınar Mh.,4.5+1,60000.0
GölbaşıKızılcaşar Mh.,1+1,35000.0
GölbaşıSeğmenler Mh.,3+1,26500.0
GölbaşıHacılar Mh.,1+1,40000.0
Gölbaşıİncek Mh.,2+1,28500.0
Gölbaşıİncek Mh.,1+1,33000.0
GölbaşıTaşpınar Mh.,1+1,27000.0
GölbaşıKarşıyaka Mh.,1+1,27000.0
GölbaşıEymir Mah.,2+1,25000.0
GölbaşıTaşpınar Mh.,2+1,37500.0
GölbaşıGaziosmanpaşa Mh.,2+1,16500.0
GölbaşıKarşıyaka Mh.,1+1,27000.0
GölbaşıTaşpınar Mh.,1+1,30000.0
GölbaşıBahçelievler Mh.,1+1,28000.0
GölbaşıBahçelievler Mh.,3+1,33000.0
GölbaşıKızılcaşar Mh.,7+1,110000.0
GölbaşıKarşıyaka Mh.,1+1,27000.0
GölbaşıKızılcaşar Mh.,1+1,35000.0
Gölbaşıİncek Mh.,2+1,40000.0
GölbaşıTaşpınar Mh.,2+1,39000.0
GölbaşıTaşpınar Mh.,2+1,38000.0
GölbaşıTaşpınar Mh.,1+1,21500.0
Gölbaşıİncek Mh.,2+1,30000.0
GölbaşıTaşpınar Mh.,1+1,27500.0
Gölbaşıİncek Mh.,3+1,50000.0
GölbaşıKarşıyaka Mh.,5+2,95000.0
GölbaşıEymir Mah.,4+1,75000.0
Gölbaşıİncek Mh.,1+1,22000.0
GölbaşıTaşpınar Mh.,2+1,36000.0
GölbaşıTaşpınar Mh.,1+1,29500.0
GölbaşıŞafak Mh.,3+1,25000.0
Gölbaşıİncek Mh.,1+1,36000.0
GölbaşıBahçelievler Mh.,1+1,23000.0
GölbaşıTaşpınar Mh.,4.5+1,65000.0
GölbaşıTulumtaş Mh.,3+1,18000.0
GölbaşıGaziosmanpaşa Mh.,3+1,32000.0
GölbaşıTaşpınar Mh.,4+1,83000.0
Gölbaşıİncek Mh.,1+1,22250.0
GölbaşıTaşpınar Mh.,2+1,30000.0
Gölbaşıİncek Mh.,1+1,23000.0
GölbaşıÖrencik Mh.,2+1,33000.0
GölbaşıKızılcaşar Mh.,2+1,42500.0
GölbaşıTaşpınar Mh.,2+1,42000.0
GölbaşıGaziosmanpaşa Mh.,3+1,23500.0
Gölbaşıİncek Mh.,1+1,24000.0
Gölbaşıİncek Mh.,2+1,42000.0
GölbaşıKızılcaşar Mh.,3+1,39000.0
GölbaşıTaşpınar Mh.,1+1,25000.0
Gölbaşıİncek Mh.,1+1,23000.0
Gölbaşıİncek Mh.,1+1,17000.0
GölbaşıKızılcaşar Mh.,1+1,28500.0
GölbaşıTaşpınar Mh.,2+1,25000.0
Gölbaşıİncek Mh.,3+1,33000.0
Gölbaşıİncek Mh.,2+1,25000.0
GölbaşıÖrencik Mh.,3+1,26750.0
Gölbaşıİncek Mh.,1+1,30000.0
GölbaşıTulumtaş Mh.,2+1,37000.0
Gölbaşıİncek Mh.,1+1,29000.0
Gölbaşıİncek Mh.,5+1,250000.0
GölbaşıTaşpınar Mh.,1+1,20500.0
Gölbaşıİncek Mh.,1+1,26000.0
Gölbaşıİncek Mh.,4+1,42000.0
GölbaşıKızılcaşar Mh.,2+1,41500.0
GölbaşıTaşpınar Mh.,5+2,175000.0
GölbaşıSeğmenler Mh.,3+1,42000.0
GölbaşıTaşpınar Mh.,1+1,27000.0
GölbaşıKızılcaşar Mh.,3+1,37000.0
GölbaşıTaşpınar Mh.,1+1,22000.0
GölbaşıEymir Mah.,2+1,28000.0
GölbaşıEymir Mah.,3+1,28000.0
GölbaşıKızılcaşar Mh.,1+1,29000.0
GölbaşıKızılcaşar Mh.,4+1,79000.0
GölbaşıTaşpınar Mh.,1+1,21000.0
GölbaşıKızılcaşar Mh.,3+1,43000.0
GölbaşıKızılcaşar Mh.,6+2,300000.0
GölbaşıTaşpınar Mh.,4+1,49750.0
GölbaşıKarşıyaka Mh.,1+1,37000.0
GölbaşıKızılcaşar Mh.,1+1,40000.0
GölbaşıKızılcaşar Mh.,3+1,42500.0
GölbaşıŞafak Mh.,3+1,23000.0
GölbaşıKızılcaşar Mh.,10+2,450000.0
Gölbaşıİncek Mh.,4+1,46000.0
GölbaşıEymir Mah.,1+1,22300.0
Gölbaşıİncek Mh.,1+1,20000.0
GölbaşıSeğmenler Mh.,1+1,25000.0
GölbaşıTulumtaş Mh.,3+1,18500.0
GölbaşıTaşpınar Mh.,1+1,32000.0
GölbaşıKızılcaşar Mh.,2+1,25000.0
Gölbaşıİncek Mh.,1+1,27000.0
Gölbaşıİncek Mh.,1+1,24500.0
GölbaşıTaşpınar Mh.,2+1,30000.0
GölbaşıKızılcaşar Mh.,1+1,27500.0
GölbaşıKarşıyaka Mh.,1+1,29500.0
GölbaşıKarşıyaka Mh.,1+1,25000.0
GölbaşıTaşpınar Mh.,1+1,27000.0
GölbaşıBahçelievler Mh.,2+1,11000.0
GölbaşıKızılcaşar Mh.,2+1,35000.0
GölbaşıTaşpınar Mh.,2+1,30000.0
GölbaşıEymir Mah.,3+1,26000.0
GölbaşıŞafak Mh.,2+1,30000.0
GölbaşıTaşpınar Mh.,2+1,42000.0
GölbaşıTaşpınar Mh.,2+1,30000.0
GölbaşıHacılar Mh.,1+1,38000.0
Gölbaşıİncek Mh.,2+1,27000.0
Gölbaşıİncek Mh.,1+1,40000.0
GölbaşıKarşıyaka Mh.,3+1,37000.0
GölbaşıKızılcaşar Mh.,2+1,24500.0
Gölbaşıİncek Mh.,1+1,29000.0
GölbaşıHacılar Mh.,2+1,60000.0
GölbaşıTaşpınar Mh.,2+1,34000.0
Gölbaşıİncek Mh.,1+1,23000.0
GölbaşıKızılcaşar Mh.,2+1,47500.0
Gölbaşıİncek Mh.,3+1,33000.0
Gölbaşıİncek Mh.,1+1,30000.0
GölbaşıSeğmenler Mh.,2+1,35000.0
GölbaşıTaşpınar Mh.,1+1,26000.0
GölbaşıBahçelievler Mh.,3+1,31000.0
Gölbaşıİncek Mh.,2+1,35000.0
GölbaşıTulumtaş Mh.,3+1,20000.0
Gölbaşıİncek Mh.,2.5+1,36500.0
GölbaşıKızılcaşar Mh.,3+1,65000.0
GölbaşıBahçelievler Mh.,1+1,23250.0
GölbaşıTaşpınar Mh.,2+1,40000.0
GölbaşıÖrencik Mh.,1+1,22000.0
Gölbaşıİncek Mh.,1+1,19000.0
GölbaşıBahçelievler Mh.,8+2,400000.0
GölbaşıÖrencik Mh.,1+1,25000.0
GölbaşıTaşpınar Mh.,2+1,25000.0
Gölbaşıİncek Mh.,1+1,18500.0
Gölbaşıİncek Mh.,2+1,27000.0
GölbaşıTaşpınar Mh.,2+1,40000.0
GölbaşıTaşpınar Mh.,1+1,30000.0
GölbaşıTaşpınar Mh.,1+1,27000.0
GölbaşıKarşıyaka Mh.,5+1,120000.0
GölbaşıTaşpınar Mh.,4.5+1,59950.0
GölbaşıBahçelievler Mh.,1+1,23000.0
GölbaşıKızılcaşar Mh.,Stüdyo (1+0),22500.0
Gölbaşıİncek Mh.,1+1,25000.0
GölbaşıTulumtaş Mh.,2+1,45000.0
GölbaşıBahçelievler Mh.,3+1,30000.0
GölbaşıTaşpınar Mh.,3+1,35000.0
GölbaşıTaşpınar Mh.,1+1,38000.0
GölbaşıTulumtaş Mh.,2+1,37000.0
GölbaşıÖrencik Mh.,1+1,24000.0
GölbaşıBahçelievler Mh.,1+1,23500.0
GölbaşıKızılcaşar Mh.,2+1,60000.0
GölbaşıGaziosmanpaşa Mh.,4+1,35000.0
Gölbaşıİncek Mh.,3+1,30000.0
GölbaşıTaşpınar Mh.,2+1,40000.0
GölbaşıTaşpınar Mh.,1+1,30000.0
GölbaşıTaşpınar Mh.,1+1,37500.0
Gölbaşıİncek Mh.,4+1,60000.0
Gölbaşıİncek Mh.,2+1,28000.0
GölbaşıTaşpınar Mh.,2+1,35000.0
GölbaşıTaşpınar Mh.,3+1,36000.0
GölbaşıTaşpınar Mh.,4.5+1,67500.0
GölbaşıBahçelievler Mh.,1+1,27000.0
Gölbaşıİncek Mh.,4+2,88000.0
GölbaşıKızılcaşar Mh.,1+1,27000.0
Gölbaşıİncek Mh.,2+1,26500.0
GölbaşıÖrencik Mh.,1+1,20000.0
GölbaşıEymir Mah.,3+1,29500.0
GölbaşıTaşpınar Mh.,4.5+1,51000.0
GölbaşıTaşpınar Mh.,3+1,14000.0
Gölbaşıİncek Mh.,1+1,18000.0
GölbaşıBahçelievler Mh.,2+1,35000.0
GölbaşıTaşpınar Mh.,2.5+1,55000.0
GölbaşıKarşıyaka Mh.,1+1,37500.0
GölbaşıBahçelievler Mh.,2+1,29000.0
GölbaşıOyaca Akarsu Mah.,1+1,20000.0
Gölbaşıİncek Mh.,3+1,29750.0
GölbaşıÖrencik Mh.,2+1,27250.0
Gölbaşıİncek Mh.,1+1,18000.0
GölbaşıKızılcaşar Mh.,1+1,28000.0
GölbaşıEymir Mah.,4+1,42500.0
GölbaşıTaşpınar Mh.,4.5+1,60000.0
GölbaşıTaşpınar Mh.,4.5+1,60000.0
Gölbaşıİncek Mh.,1+1,22000.0
Gölbaşıİncek Mh.,2+1,31500.0
Gölbaşıİncek Mh.,1+1,21000.0
GölbaşıKarşıyaka Mh.,2+1,27000.0
Gölbaşıİncek Mh.,1+1,29500.0
GölbaşıTaşpınar Mh.,2+1,32000.0
GölbaşıÖrencik Mh.,2+1,30000.0
Gölbaşıİncek Mh.,1+1,23500.0
Gölbaşıİncek Mh.,2+1,20000.0
Gölbaşıİncek Mh.,1+1,22000.0
GölbaşıTaşpınar Mh.,1+1,27000.0
GölbaşıSeğmenler Mh.,1+1,20000.0
GölbaşıTaşpınar Mh.,2+1,30500.0
Gölbaşıİncek Mh.,2+1,37000.0
Gölbaşıİncek Mh.,1+1,30000.0
GölbaşıTaşpınar Mh.,2+1,30000.0
Gölbaşıİncek Mh.,4+1,49000.0
GölbaşıTaşpınar Mh.,2+1,39000.0
GölbaşıBahçelievler Mh.,3+1,27000.0
GölbaşıKızılcaşar Mh.,3+1,42000.0
GölbaşıBahçelievler Mh.,3+1,29000.0
GölbaşıTaşpınar Mh.,4.5+1,59000.0
GölbaşıTaşpınar Mh.,1+1,25500.0
GölbaşıGaziosmanpaşa Mh.,1+1,24000.0
Gölbaşıİncek Mh.,1+1,18500.0
GölbaşıTaşpınar Mh.,2+1,41000.0
GölbaşıTaşpınar Mh.,5+1,135000.0
GölbaşıBahçelievler Mh.,1+1,32000.0
GölbaşıBahçelievler Mh.,2+1,35000.0
GölbaşıTaşpınar Mh.,2+1,30500.0
GölbaşıBahçelievler Mh.,2+1,25000.0
GölbaşıTaşpınar Mh.,1+1,30000.0
GölbaşıBahçelievler Mh.,6+1,110000.0
GölbaşıEymir Mah.,2+1,20000.0
GölbaşıTaşpınar Mh.,2+1,35000.0
Gölbaşıİncek Mh.,1+1,28000.0
GölbaşıKızılcaşar Mh.,2+1,50000.0
Gölbaşıİncek Mh.,3+1,47000.0
Gölbaşıİncek Mh.,10 Üzeri,500000.0
GölbaşıYavrucuk Mah.,4+2,65000.0
GölbaşıTaşpınar Mh.,1+1,24000.0
GölbaşıTulumtaş Mh.,4+1,55000.0
GölbaşıKızılcaşar Mh.,4.5+2,79000.0
GölbaşıSeğmenler Mh.,2+1,32500.0
GölbaşıTaşpınar Mh.,3+1,40000.0
GölbaşıEymir Mah.,3+1,32500.0
Gölbaşıİncek Mh.,1+1,17500.0
GölbaşıKızılcaşar Mh.,2+1,27000.0
Gölbaşıİncek Mh.,1+1,41000.0
GölbaşıTaşpınar Mh.,1+1,21500.0
GölbaşıBahçelievler Mh.,1+1,21500.0
GölbaşıKızılcaşar Mh.,1+1,28500.0
GölbaşıÖrencik Mh.,2+1,23000.0
GölbaşıTaşpınar Mh.,1+1,26000.0
GölbaşıSeğmenler Mh.,2+1,24500.0
GölbaşıTaşpınar Mh.,1+1,26900.0
GölbaşıTaşpınar Mh.,4.5+1,55000.0
GölbaşıŞafak Mh.,2+1,27000.0
GölbaşıKızılcaşar Mh.,4+1,75000.0
GölbaşıTaşpınar Mh.,1+1,24000.0
GölbaşıTaşpınar Mh.,1+1,31750.0
GölbaşıÖrencik Mh.,1+1,22750.0
GölbaşıBahçelievler Mh.,1+1,27000.0
GölbaşıTaşpınar Mh.,3+1,32000.0
GölbaşıBahçelievler Mh.,3+1,34000.0
Gölbaşıİncek Mh.,1+1,20000.0
GölbaşıHacılar Mh.,2+1,31000.0
GölbaşıGaziosmanpaşa Mh.,2+1,25000.0
GölbaşıTaşpınar Mh.,3+1,36000.0
GölbaşıTaşpınar Mh.,1+1,33000.0
GölbaşıEymir Mah.,3+1,25000.0
GölbaşıTaşpınar Mh.,4+1,65000.0
GölbaşıKızılcaşar Mh.,2+1,27000.0
GölbaşıGaziosmanpaşa Mh.,3+1,36000.0
GölbaşıÖrencik Mh.,1+1,20750.0
GölbaşıTaşpınar Mh.,1+1,25500.0
GölbaşıKızılcaşar Mh.,2+1,27500.0
GölbaşıEymir Mah.,2+1,27000.0
GölbaşıKızılcaşar Mh.,6+2,155000.0
GölbaşıŞafak Mh.,3+1,28000.0
GölbaşıBahçelievler Mh.,2+1,36000.0
GölbaşıTaşpınar Mh.,1+1,29500.0
GölbaşıTaşpınar Mh.,3+1,57000.0
GölbaşıTulumtaş Mh.,2+1,34000.0
Gölbaşıİncek Mh.,1+1,21000.0
GölbaşıEymir Mah.,1+1,30000.0
GölbaşıTaşpınar Mh.,1+1,21000.0
GölbaşıÖrencik Mh.,Stüdyo (1+0),20000.0
GölbaşıEymir Mah.,3+1,31500.0
GölbaşıBallıkpınar Mh.,6+2,100000.0
Gölbaşıİncek Mh.,4+1,52000.0
GölbaşıKızılcaşar Mh.,1+1,39000.0
GölbaşıBahçelievler Mh.,1+1,26500.0
GölbaşıTaşpınar Mh.,1+1,22000.0
GölbaşıTaşpınar Mh.,2+1,42000.0
GölbaşıTaşpınar Mh.,2+1,25000.0
GölbaşıTaşpınar Mh.,1+1,21500.0
Gölbaşıİncek Mh.,3+1,31000.0
GölbaşıTaşpınar Mh.,2+1,32000.0
GölbaşıGaziosmanpaşa Mh.,2+1,25500.0
GölbaşıTaşpınar Mh.,2+1,32000.0
GölbaşıTaşpınar Mh.,1+1,27000.0
GölbaşıTaşpınar Mh.,2+1,55000.0
GölbaşıTaşpınar Mh.,2+1,40000.0
GölbaşıSeğmenler Mh.,4+1,45000.0
Gölbaşıİncek Mh.,1+1,20500.0
GölbaşıTulumtaş Mh.,2+1,38000.0
GölbaşıKarşıyaka Mh.,4+1,145000.0
Gölbaşıİncek Mh.,2.5+1,36000.0
GölbaşıKarşıyaka Mh.,3+1,42000.0
GölbaşıKızılcaşar Mh.,1+1,25000.0
GölbaşıTaşpınar Mh.,2+1,32000.0
Gölbaşıİncek Mh.,2+1,26500.0
GölbaşıTaşpınar Mh.,5+2,150000.0
GölbaşıŞafak Mh.,2+1,29500.0
Gölbaşıİncek Mh.,3+1,35000.0
GölbaşıTaşpınar Mh.,1+1,25500.0
GölbaşıEymir Mah.,3+1,28000.0
GölbaşıKarşıyaka Mh.,2+1,37000.0
GölbaşıTaşpınar Mh.,2+1,30000.0
GölbaşıKarşıyaka Mh.,5+1,60000.0
GölbaşıTaşpınar Mh.,4+1,67000.0
Gölbaşıİncek Mh.,2+1,50000.0
GölbaşıHacılar Mh.,1+1,36000.0
GölbaşıEymir Mah.,3+1,39000.0
Gölbaşıİncek Mh.,1+1,20000.0
GölbaşıTaşpınar Mh.,1+1,20000.0
GölbaşıYavrucuk Mah.,8+1,99000.0
GölbaşıÖrencik Mh.,1+1,26000.0
GölbaşıTaşpınar Mh.,1+1,23750.0
Gölbaşıİncek Mh.,3+1,30500.0
GölbaşıKarşıyaka Mh.,4+1,145000.0
GölbaşıKızılcaşar Mh.,1+1,35000.0
GölbaşıKızılcaşar Mh.,1+1,18250.0
GölbaşıKızılcaşar Mh.,2+1,58000.0
GölbaşıKızılcaşar Mh.,3+2,155000.0
GölbaşıTaşpınar Mh.,2+1,40500.0
GölbaşıTaşpınar Mh.,1+1,23250.0
Gölbaşıİncek Mh.,1+1,43000.0
GölbaşıSeğmenler Mh.,1+1,29000.0
GölbaşıTaşpınar Mh.,1+1,26000.0
GölbaşıTaşpınar Mh.,4.5+1,65000.0
GölbaşıTaşpınar Mh.,2+1,43000.0
Gölbaşıİncek Mh.,2+1,28500.0
GölbaşıSeğmenler Mh.,2+1,28500.0
GölbaşıKarşıyaka Mh.,7+1,260000.0
GölbaşıTaşpınar Mh.,4.5+1,56000.0
GölbaşıTaşpınar Mh.,Stüdyo (1+0),25000.0
GölbaşıTaşpınar Mh.,1+1,23500.0
GölbaşıSeğmenler Mh.,3+1,24500.0
GölbaşıKarşıyaka Mh.,2+1,31500.0
GölbaşıKarşıyaka Mh.,1+1,25500.0
GölbaşıŞafak Mh.,3+1,25000.0
GölbaşıÖrencik Mh.,2+1,28000.0
GölbaşıGaziosmanpaşa Mh.,1+1,20500.0
GölbaşıTaşpınar Mh.,4.5+1,72500.0
GölbaşıKarşıyaka Mh.,1+1,25000.0
GölbaşıŞafak Mh.,3+1,20500.0
GölbaşıGaziosmanpaşa Mh.,3+1,35000.0
Gölbaşıİncek Mh.,1+1,19000.0
GölbaşıÖrencik Mh.,2+1,32000.0
GölbaşıSeğmenler Mh.,2+1,33000.0
GölbaşıEymir Mah.,1+1,25000.0
Gölbaşıİncek Mh.,2+1,45000.0
GölbaşıTaşpınar Mh.,1+1,26500.0
GölbaşıKızılcaşar Mh.,2+1,55000.0
GölbaşıKızılcaşar Mh.,2+1,50000.0
GölbaşıKızılcaşar Mh.,1+1,26000.0
Gölbaşıİncek Mh.,1+1,25000.0
GölbaşıTaşpınar Mh.,1+1,23250.0
GölbaşıBahçelievler Mh.,3+1,39000.0
Gölbaşıİncek Mh.,1+1,22000.0
GölbaşıTaşpınar Mh.,4.5+1,75000.0
GölbaşıTaşpınar Mh.,2+1,40000.0
GölbaşıKızılcaşar Mh.,1+1,20500.0
GölbaşıKızılcaşar Mh.,1+1,32000.0
GölbaşıHacılar Mh.,5+2,70000.0
Gölbaşıİncek Mh.,1+1,30000.0
GölbaşıBahçelievler Mh.,1+1,24500.0
Gölbaşıİncek Mh.,1+1,22000.0
GölbaşıTaşpınar Mh.,1+1,26500.0
Gölbaşıİncek Mh.,2+1,33000.0
GölbaşıTaşpınar Mh.,2+0,47000.0
GölbaşıÖrencik Mh.,1+1,19000.0
GölbaşıKarşıyaka Mh.,5+2,120000.0
GölbaşıTulumtaş Mh.,2+1,37500.0
Gölbaşıİncek Mh.,2+1,27000.0
GölbaşıTaşpınar Mh.,1+1,43000.0
GölbaşıBahçelievler Mh.,1+1,29500.0
GölbaşıTaşpınar Mh.,2+1,28000.0
GölbaşıŞafak Mh.,2+1,26000.0
GölbaşıKızılcaşar Mh.,1+1,35000.0
Gölbaşıİncek Mh.,1+1,20000.0
GölbaşıSeğmenler Mh.,2+1,30000.0
GölbaşıKızılcaşar Mh.,3+1,45000.0
Gölbaşıİncek Mh.,3+1,45000.0
GölbaşıTaşpınar Mh.,1+1,70000.0
GölbaşıTaşpınar Mh.,1+1,32000.0
GölbaşıKarşıyaka Mh.,3+1,25000.0
GölbaşıTaşpınar Mh.,1+1,27000.0
GölbaşıŞafak Mh.,3+1,26000.0
Gölbaşıİncek Mh.,1+1,24500.0
GölbaşıKızılcaşar Mh.,4+1,75000.0
GölbaşıKızılcaşar Mh.,1+1,19500.0
GölbaşıHacılar Mh.,2+1,40000.0
GölbaşıŞafak Mh.,2+1,28000.0
GölbaşıKızılcaşar Mh.,2+1,42000.0
Gölbaşıİncek Mh.,3+1,41000.0
GölbaşıKızılcaşar Mh.,7+2,150000.0
Gölbaşıİncek Mh.,1+1,23500.0
GölbaşıEymir Mah.,4+1,39000.0
GölbaşıSeğmenler Mh.,4+1,67000.0
GölbaşıSeğmenler Mh.,3+1,26000.0
GölbaşıTaşpınar Mh.,1+1,21000.0
GölbaşıBahçelievler Mh.,Stüdyo (1+0),22000.0
GölbaşıTaşpınar Mh.,2+1,36000.0
GölbaşıBahçelievler Mh.,3+1,30000.0
GölbaşıTaşpınar Mh.,3+1,42000.0
GölbaşıSeğmenler Mh.,2+1,21000.0
GölbaşıBahçelievler Mh.,1+1,27000.0
GölbaşıTaşpınar Mh.,4.5+1,58000.0
GölbaşıÖrencik Mh.,1+1,19000.0
Gölbaşıİncek Mh.,1+1,21000.0
GölbaşıSeğmenler Mh.,1+1,28500.0
GölbaşıKızılcaşar Mh.,2+1,62500.0
GölbaşıKızılcaşar Mh.,1+1,27000.0
Gölbaşıİncek Mh.,1+1,32000.0
Gölbaşıİncek Mh.,1+1,15500.0
GölbaşıKızılcaşar Mh.,2+1,27000.0
GölbaşıTaşpınar Mh.,2+1,32500.0
GölbaşıTaşpınar Mh.,2+1,39000.0
GölbaşıTaşpınar Mh.,2+1,36000.0
Gölbaşıİncek Mh.,1+1,21000.0
Gölbaşıİncek Mh.,1+1,26000.0
GölbaşıBahçelievler Mh.,1+1,21000.0
GölbaşıTulumtaş Mh.,5+2,195000.0
Gölbaşıİncek Mh.,1+1,21000.0
GölbaşıŞafak Mh.,3+1,23000.0
GölbaşıHacılar Mh.,6+2,155000.0
GölbaşıTaşpınar Mh.,2+1,40000.0
GölbaşıTaşpınar Mh.,2+1,42000.0
GölbaşıKarşıyaka Mh.,3+1,32000.0
GölbaşıTaşpınar Mh.,4.5+1,55000.0
Gölbaşıİncek Mh.,3+1,32000.0
GölbaşıTaşpınar Mh.,1+1,23000.0
GölbaşıTaşpınar Mh.,2+1,50000.0
GölbaşıBahçelievler Mh.,1+1,26000.0
GölbaşıBallıkpınar Mh.,6+1,225000.0
Gölbaşıİncek Mh.,4+1,76000.0
GölbaşıSeğmenler Mh.,1+1,25000.0
GölbaşıTaşpınar Mh.,1+1,26000.0
GölbaşıÖrencik Mh.,1+1,25000.0
GölbaşıKarşıyaka Mh.,5+1,120000.0
Gölbaşıİncek Mh.,4+1,200000.0
GölbaşıÖrencik Mh.,1+1,25000.0
GölbaşıKızılcaşar Mh.,1+1,24500.0
GölbaşıTaşpınar Mh.,2+1,33000.0
GölbaşıTaşpınar Mh.,2+1,25000.0
GölbaşıSeğmenler Mh.,2+1,29000.0
GölbaşıKızılcaşar Mh.,1+1,26000.0
GölbaşıŞafak Mh.,3+1,28000.0
GölbaşıTulumtaş Mh.,2+1,38000.0
GölbaşıTaşpınar Mh.,1+1,31000.0
GölbaşıBahçelievler Mh.,1+1,26000.0
GölbaşıKızılcaşar Mh.,1+1,26500.0
GölbaşıÖrencik Mh.,2+1,30000.0
Gölbaşıİncek Mh.,1+1,20000.0
GölbaşıBahçelievler Mh.,1+1,23500.0
GölbaşıGaziosmanpaşa Mh.,3+1,31000.0
GölbaşıBahçelievler Mh.,3+1,29000.0
GölbaşıKarşıyaka Mh.,1+1,24000.0
GölbaşıKarşıyaka Mh.,5+2,110000.0
GölbaşıKızılcaşar Mh.,8+2,375000.0
GölbaşıTaşpınar Mh.,2+1,38000.0
GölbaşıTaşpınar Mh.,1+1,23000.0
GölbaşıTaşpınar Mh.,2+1,35000.0
GölbaşıSeğmenler Mh.,1+1,26000.0
Gölbaşıİncek Mh.,1+1,26000.0
GölbaşıHacılar Mh.,1+1,34000.0
Gölbaşıİncek Mh.,1+1,24000.0
GölbaşıKızılcaşar Mh.,2+1,26500.0
GölbaşıTaşpınar Mh.,4.5+1,69000.0
GölbaşıEymir Mah.,3+1,41000.0
GölbaşıTaşpınar Mh.,2+1,32500.0
GölbaşıKarşıyaka Mh.,1+1,30000.0
GölbaşıBahçelievler Mh.,Stüdyo (1+0),22500.0
GölbaşıTaşpınar Mh.,2+1,62500.0
GölbaşıTaşpınar Mh.,2+1,29750.0
Gölbaşıİncek Mh.,1+1,35000.0
GölbaşıŞafak Mh.,2+1,31999.0
GölbaşıTaşpınar Mh.,3+1,64000.0
Gölbaşıİncek Mh.,6+2,300000.0
GölbaşıBahçelievler Mh.,Stüdyo (1+0),20000.0
GölbaşıKarşıyaka Mh.,5+2,110000.0
GölbaşıEymir Mah.,3+1,28500.0
GölbaşıŞafak Mh.,1+1,27500.0
GölbaşıTaşpınar Mh.,2+1,35000.0
Gölbaşıİncek Mh.,2+1,24000.0
GölbaşıSeğmenler Mh.,2+1,31000.0
Gölbaşıİncek Mh.,2+1,30000.0
GölbaşıTaşpınar Mh.,1+1,28500.0
GölbaşıBahçelievler Mh.,1+1,23500.0
GölbaşıKızılcaşar Mh.,1+1,24500.0
Gölbaşıİncek Mh.,2+1,65000.0
GölbaşıSeğmenler Mh.,2+1,27000.0
GölbaşıEymir Mah.,2+1,30000.0
GölbaşıÖrencik Mh.,1+1,28000.0
GölbaşıTaşpınar Mh.,4.5+1,65000.0
GölbaşıSeğmenler Mh.,2+1,22000.0
GölbaşıTaşpınar Mh.,2+1,50000.0
GölbaşıKızılcaşar Mh.,2+1,41000.0
Gölbaşıİncek Mh.,1+1,25000.0
GölbaşıTaşpınar Mh.,2+1,40000.0
GölbaşıHacılar Mh.,4.5+1,58000.0
Gölbaşıİncek Mh.,1+1,18500.0
Gölbaşıİncek Mh.,1+1,25000.0
GölbaşıÖrencik Mh.,1+1,22000.0
Gölbaşıİncek Mh.,1+1,23500.0
GölbaşıTaşpınar Mh.,2+1,45000.0
Gölbaşıİncek Mh.,1+1,18000.0
GölbaşıKızılcaşar Mh.,2.5+1,40000.0
GölbaşıTaşpınar Mh.,Stüdyo (1+0),18500.0
GölbaşıTaşpınar Mh.,1+1,30000.0
Gölbaşıİncek Mh.,1+1,19000.0
GölbaşıKarşıyaka Mh.,3+1,37000.0
GölbaşıBahçelievler Mh.,1+1,23000.0
GölbaşıHacılar Mh.,5+1,60000.0
GölbaşıSeğmenler Mh.,1+1,30000.0
GölbaşıŞafak Mh.,3+1,26000.0
Gölbaşıİncek Mh.,1+1,21500.0
GölbaşıTaşpınar Mh.,2+1,41000.0
Gölbaşıİncek Mh.,1+1,23000.0
Gölbaşıİncek Mh.,1+1,35000.0
GölbaşıTaşpınar Mh.,2+1,41000.0
Gölbaşıİncek Mh.,4+1,80000.0
GölbaşıKarşıyaka Mh.,4+1,38000.0
GölbaşıTaşpınar Mh.,2+1,29000.0
GölbaşıBahçelievler Mh.,Stüdyo (1+0),18500.0
GölbaşıTaşpınar Mh.,2+1,32000.0
GölbaşıEymir Mah.,1+1,25000.0
GölbaşıTaşpınar Mh.,3+1,65000.0
GölbaşıKızılcaşar Mh.,1+1,23000.0
GölbaşıTaşpınar Mh.,4+1,67000.0
GölbaşıTaşpınar Mh.,1+1,25000.0
GölbaşıKızılcaşar Mh.,1+1,25250.0
GölbaşıTaşpınar Mh.,1+1,21000.0
GölbaşıEymir Mah.,3+1,35000.0
GölbaşıÖrencik Mh.,2+1,34500.0
GölbaşıSeğmenler Mh.,3+1,30000.0
Gölbaşıİncek Mh.,2+1,30000.0
GölbaşıKarşıyaka Mh.,3+1,34000.0
Gölbaşıİncek Mh.,1+1,24000.0
Gölbaşıİncek Mh.,4+1,75000.0
Gölbaşıİncek Mh.,1+1,20500.0
GölbaşıKızılcaşar Mh.,1+1,21000.0
GölbaşıTaşpınar Mh.,2+1,45000.0
Gölbaşıİncek Mh.,1+1,25000.0
GölbaşıTaşpınar Mh.,4+1,40000.0
GölbaşıEymir Mah.,1+1,28500.0
Gölbaşıİncek Mh.,5+1,65000.0
GölbaşıBahçelievler Mh.,1+1,25000.0
GölbaşıTaşpınar Mh.,2+1,33500.0
Gölbaşıİncek Mh.,4+1,76000.0
GölbaşıÖrencik Mh.,1+1,18000.0
Gölbaşıİncek Mh.,1+1,33000.0
GölbaşıKızılcaşar Mh.,1+1,24500.0
Gölbaşıİncek Mh.,4+1,77500.0
GölbaşıSeğmenler Mh.,6+2,26000.0
GölbaşıHacılar Mh.,3+1,57000.0
Gölbaşıİncek Mh.,2+1,38000.0
GölbaşıTaşpınar Mh.,1+1,26000.0
Gölbaşıİncek Mh.,1+1,24750.0
GölbaşıŞafak Mh.,6+1,9000.0
Gölbaşıİncek Mh.,1+1,18500.0
Gölbaşıİncek Mh.,1+1,23750.0
GölbaşıTaşpınar Mh.,1+1,29000.0
GölbaşıKarşıyaka Mh.,5+2,120000.0
GölbaşıSeğmenler Mh.,2+1,25000.0
Gölbaşıİncek Mh.,2+1,25500.0
GölbaşıKızılcaşar Mh.,2+1,26000.0
Gölbaşıİncek Mh.,3+1,26500.0
GölbaşıKızılcaşar Mh.,1+1,38000.0
GölbaşıŞafak Mh.,2+1,28500.0
GölbaşıKoparan Mah.,6+2,80000.0
GölbaşıYavrucuk Mah.,6+2,45000.0
Gölbaşıİncek Mh.,1+1,28500.0
Gölbaşıİncek Mh.,1+1,23000.0
GölbaşıHacılar Mh.,1+1,46000.0
Gölbaşıİncek Mh.,4+1,56500.0
GölbaşıKızılcaşar Mh.,3+1,50000.0
GölbaşıSeğmenler Mh.,1+1,25000.0
GölbaşıSeğmenler Mh.,3+1,21500.0
GölbaşıEymir Mah.,1+1,25500.0
GölbaşıEymir Mah.,3+1,28000.0
GölbaşıBallıkpınar Mh.,4+1,57000.0
Gölbaşıİncek Mh.,2+1,25000.0
GölbaşıTaşpınar Mh.,1+1,28750.0
GölbaşıKızılcaşar Mh.,1+1,29000.0
GölbaşıTaşpınar Mh.,2+1,35000.0
GölbaşıKızılcaşar Mh.,1+1,26500.0
GölbaşıGaziosmanpaşa Mh.,4+1,45000.0
Gölbaşıİncek Mh.,1+1,17000.0
GölbaşıTaşpınar Mh.,2+1,25000.0
GölbaşıKarşıyaka Mh.,3+1,24000.0
Gölbaşıİncek Mh.,1+1,21000.0
GölbaşıKızılcaşar Mh.,1+1,26000.0
Gölbaşıİncek Mh.,3+1,35000.0
GölbaşıTaşpınar Mh.,4.5+1,60000.0
GölbaşıŞafak Mh.,3+1,19500.0
GölbaşıTaşpınar Mh.,2+1,30500.0
Gölbaşıİncek Mh.,3+1,23000.0
GölbaşıEymir Mah.,2+1,25000.0
GölbaşıTaşpınar Mh.,4.5+1,69000.0
GölbaşıTaşpınar Mh.,1+1,22000.0
GölbaşıTaşpınar Mh.,1+1,24000.0
GölbaşıKızılcaşar Mh.,Stüdyo (1+0),24000.0
Gölbaşıİncek Mh.,7+2,480000.0
GölbaşıBahçelievler Mh.,2+1,27500.0
Gölbaşıİncek Mh.,1+1,24000.0
GölbaşıKarşıyaka Mh.,5+1,135000.0
GölbaşıTaşpınar Mh.,1+1,24250.0
GölbaşıTaşpınar Mh.,1+1,21500.0
Gölbaşıİncek Mh.,2+1,21000.0
GölbaşıÖrencik Mh.,2+1,35000.0
GölbaşıBahçelievler Mh.,1+1,33000.0
Gölbaşıİncek Mh.,1+1,28000.0
Gölbaşıİncek Mh.,3+1,45000.0
GölbaşıTaşpınar Mh.,Stüdyo (1+0),21000.0
GölbaşıTaşpınar Mh.,2+1,33500.0
GölbaşıTaşpınar Mh.,1+1,23000.0
GölbaşıKızılcaşar Mh.,2+1,40000.0
GölbaşıŞafak Mh.,3+1,30000.0
GölbaşıSeğmenler Mh.,3+1,26000.0
GölbaşıTaşpınar Mh.,1+1,25000.0
GölbaşıBahçelievler Mh.,Stüdyo (1+0),25000.0
Gölbaşıİncek Mh.,3+1,30500.0
GölbaşıTaşpınar Mh.,5+2,150000.0
GölbaşıBahçelievler Mh.,Stüdyo (1+0),21000.0
GölbaşıBahçelievler Mh.,6+1,81000.0
GölbaşıTulumtaş Mh.,6+2,68500.0
GölbaşıTaşpınar Mh.,4.5+1,75000.0
GölbaşıÖrencik Mh.,2+1,29000.0
GölbaşıTulumtaş Mh.,2+1,34500.0
GölbaşıÖrencik Mh.,1+1,28000.0
GölbaşıÖrencik Mh.,2+1,30250.0
GölbaşıÖrencik Mh.,2+1,30000.0
GölbaşıTaşpınar Mh.,1+1,35000.0
GölbaşıTaşpınar Mh.,4+1,44000.0
GölbaşıTaşpınar Mh.,4+1,57500.0
GölbaşıHacılar Mh.,2+1,40000.0
Gölbaşıİncek Mh.,1+1,18500.0
GölbaşıTaşpınar Mh.,1+1,20000.0
Gölbaşıİncek Mh.,1+1,25000.0
GölbaşıÖrencik Mh.,2+1,33000.0
GölbaşıKızılcaşar Mh.,1+1,29750.0
Gölbaşıİncek Mh.,1+1,17000.0
Gölbaşıİncek Mh.,1+1,20000.0
Gölbaşıİncek Mh.,3+1,42000.0
GölbaşıKızılcaşar Mh.,1+1,21500.0
GölbaşıBahçelievler Mh.,1+1,30000.0
Gölbaşıİncek Mh.,1+1,26500.0
GölbaşıTaşpınar Mh.,1+1,32000.0
GölbaşıÖrencik Mh.,2+1,26500.0
Gölbaşıİncek Mh.,1+1,23000.0
GölbaşıTaşpınar Mh.,1+1,25000.0
GölbaşıKızılcaşar Mh.,1+1,35000.0
GölbaşıTaşpınar Mh.,3+1,35000.0
GölbaşıKarşıyaka Mh.,2+1,25400.0
GölbaşıKarşıyaka Mh.,2+1,30000.0
GölbaşıÖrencik Mh.,1.5+1,26500.0
GölbaşıÖrencik Mh.,1+1,25000.0
GölbaşıKarşıyaka Mh.,4+1,120000.0
Gölbaşıİncek Mh.,1+1,15100.0
Gölbaşıİncek Mh.,1.5+1,29000.0
GölbaşıKaraoğlan Mh.,4+1,70000.0
GölbaşıKarşıyaka Mh.,1+1,35000.0
GölbaşıHacılar Mh.,1+1,36000.0
GölbaşıBahçelievler Mh.,1+1,26500.0
GölbaşıEymir Mah.,3+1,29000.0
GölbaşıÖrencik Mh.,2+1,35000.0
GölbaşıHacılar Mh.,4+1,55500.0
Gölbaşıİncek Mh.,1+1,29000.0
GölbaşıEymir Mah.,2+1,25000.0
GölbaşıŞafak Mh.,3+1,25000.0
GölbaşıŞafak Mh.,1+1,20000.0
GölbaşıBahçelievler Mh.,2+1,30000.0
GölbaşıEymir Mah.,1+1,24000.0
GölbaşıKızılcaşar Mh.,2+1,31500.0
GölbaşıTaşpınar Mh.,1+1,25000.0
GölbaşıKarşıyaka Mh.,5+1,135000.0
GölbaşıTaşpınar Mh.,1+1,27000.0
GölbaşıBallıkpınar Mh.,9+1,100000.0
GölbaşıTaşpınar Mh.,3+1,35000.0
GölbaşıGaziosmanpaşa Mh.,1+1,25000.0
GölbaşıÖrencik Mh.,1+1,25000.0
Gölbaşıİncek Mh.,1+1,18000.0
Gölbaşıİncek Mh.,1+1,15000.0
GölbaşıTaşpınar Mh.,2+1,33000.0
GölbaşıTaşpınar Mh.,4.5+1,59000.0
Gölbaşıİncek Mh.,5+1,75000.0
GölbaşıBahçelievler Mh.,3+1,25000.0
GölbaşıKızılcaşar Mh.,1+1,28000.0
GölbaşıSeğmenler Mh.,1+1,23000.0
Gölbaşıİncek Mh.,1+1,28000.0
Gölbaşıİncek Mh.,1+1,21500.0
GölbaşıEymir Mah.,3+1,29000.0
Gölbaşıİncek Mh.,1+1,21000.0
GölbaşıSeğmenler Mh.,4+1,33750.0
GölbaşıKarşıyaka Mh.,3+1,37000.0
GölbaşıTaşpınar Mh.,1+1,28000.0
GölbaşıÖrencik Mh.,2+1,30000.0
GölbaşıTulumtaş Mh.,2+1,35500.0
GölbaşıÖrencik Mh.,2+1,25000.0
GölbaşıHacılar Mh.,Stüdyo (1+0),38000.0
GölbaşıHacılar Mh.,3+1,63000.0
GölbaşıTaşpınar Mh.,1+1,38000.0
GölbaşıTaşpınar Mh.,1+1,24000.0
GölbaşıTaşpınar Mh.,4+1,63000.0
GölbaşıKarşıyaka Mh.,2+1,44000.0
Gölbaşıİncek Mh.,1+1,21900.0
GölbaşıÖrencik Mh.,2+1,30000.0
GölbaşıBahçelievler Mh.,4+1,28000.0
GölbaşıSeğmenler Mh.,4+1,60000.0
Gölbaşıİncek Mh.,1+1,20000.0
GölbaşıTaşpınar Mh.,1+1,35000.0
GölbaşıKızılcaşar Mh.,4+1,90000.0
Gölbaşıİncek Mh.,5+1,65000.0
GölbaşıEymir Mah.,2+1,20000.0
GölbaşıGaziosmanpaşa Mh.,3+1,26000.0
GölbaşıBahçelievler Mh.,Stüdyo (1+0),21000.0
GölbaşıKarşıyaka Mh.,3+1,35000.0
GölbaşıTaşpınar Mh.,2+1,38000.0
GölbaşıTaşpınar Mh.,2+1,30000.0
GölbaşıTaşpınar Mh.,1+1,20500.0
GölbaşıKızılcaşar Mh.,4.5+2,78000.0
GölbaşıKızılcaşar Mh.,Stüdyo (1+0),25000.0
GölbaşıTaşpınar Mh.,2+1,30000.0
GölbaşıKoparan Mah.,7+2,150000.0
GölbaşıTaşpınar Mh.,4.5+1,73500.0
GölbaşıTaşpınar Mh.,1+1,31000.0
GölbaşıTaşpınar Mh.,1+1,20000.0
GölbaşıŞafak Mh.,4+1,34500.0
GölbaşıHacılar Mh.,2+1,45000.0
GölbaşıTaşpınar Mh.,1+1,24000.0
GölbaşıEymir Mah.,3+1,41500.0
GölbaşıTaşpınar Mh.,1+1,21500.0
GölbaşıTaşpınar Mh.,2+1,41000.0
GölbaşıKızılcaşar Mh.,1+1,22500.0
GölbaşıBahçelievler Mh.,1+1,30000.0
GölbaşıTaşpınar Mh.,1+1,21000.0
GölbaşıKarşıyaka Mh.,3+1,29500.0
Gölbaşıİncek Mh.,1+1,17000.0
Gölbaşıİncek Mh.,4.5+1,67000.0
GölbaşıTaşpınar Mh.,4.5+1,62000.0
GölbaşıBahçelievler Mh.,2+1,30000.0
Gölbaşıİncek Mh.,3+1,38000.0
Gölbaşıİncek Mh.,3+1,39000.0
GölbaşıSeğmenler Mh.,1+1,26000.0
GölbaşıTaşpınar Mh.,4+1,66000.0
Gölbaşıİncek Mh.,Stüdyo (1+0),28500.0
Gölbaşıİncek Mh.,7+1,200000.0
GölbaşıÖrencik Mh.,3+1,30500.0
GölbaşıTaşpınar Mh.,1+1,34000.0
Gölbaşıİncek Mh.,1+1,24000.0
Gölbaşıİncek Mh.,1+1,20000.0
Gölbaşıİncek Mh.,2+1,24500.0
GölbaşıKarşıyaka Mh.,2+1,45000.0
Gölbaşıİncek Mh.,3+1,27999.0
GölbaşıTaşpınar Mh.,4.5+1,78000.0
GölbaşıEymir Mah.,2+1,25000.0
GölbaşıKızılcaşar Mh.,1+1,30000.0
GölbaşıTaşpınar Mh.,2+1,40500.0
GölbaşıTulumtaş Mh.,5+2,82500.0
GölbaşıBahçelievler Mh.,1+1,30500.0
GölbaşıÖrencik Mh.,1+1,21000.0
GölbaşıŞafak Mh.,3+1,29500.0
GölbaşıKarşıyaka Mh.,7+2,102500.0
GölbaşıTaşpınar Mh.,4+1,65000.0
GölbaşıKızılcaşar Mh.,1+1,30000.0
GölbaşıKızılcaşar Mh.,1+1,34000.0
GölbaşıÖrencik Mh.,2+1,29000.0
GölbaşıTulumtaş Mh.,6+1,50000.0
GölbaşıGaziosmanpaşa Mh.,3+1,30000.0
Gölbaşıİncek Mh.,1+1,20500.0
Gölbaşıİncek Mh.,1+1,40000.0
GölbaşıÖrencik Mh.,2+1,34000.0
GölbaşıTaşpınar Mh.,2+1,29000.0
GölbaşıTaşpınar Mh.,1+1,30000.0
Gölbaşıİncek Mh.,2+1,30500.0
GölbaşıTaşpınar Mh.,2+1,29000.0
GölbaşıTaşpınar Mh.,2+1,45000.0
GölbaşıÖrencik Mh.,1+1,23000.0
GölbaşıBahçelievler Mh.,1+1,30000.0
GölbaşıHacılar Mh.,2+1,40000.0
GölbaşıŞafak Mh.,3+1,26000.0
GölbaşıÖrencik Mh.,1+1,25000.0
Gölbaşıİncek Mh.,2+1,36000.0
GölbaşıEymir Mah.,3+1,36000.0
Gölbaşıİncek Mh.,2+1,45000.0
GölbaşıEymir Mah.,3+1,30000.0
Gölbaşıİncek Mh.,4+1,48000.0
GölbaşıGaziosmanpaşa Mh.,3+1,27000.0
GölbaşıKızılcaşar Mh.,3+1,75000.0
Gölbaşıİncek Mh.,1+1,29500.0
GölbaşıKızılcaşar Mh.,1+1,28000.0
GölbaşıTaşpınar Mh.,1+1,27000.0
GölbaşıTaşpınar Mh.,2+1,34500.0
GölbaşıEymir Mah.,3+1,32000.0
Gölbaşıİncek Mh.,1+1,25000.0
GölbaşıSeğmenler Mh.,3+1,25000.0
GölbaşıKızılcaşar Mh.,1+1,33250.0
Gölbaşıİncek Mh.,3+1,52000.0
GölbaşıKızılcaşar Mh.,2+1,52000.0
Gölbaşıİncek Mh.,1+1,30000.0
Gölbaşıİncek Mh.,2+1,33000.0
GölbaşıBahçelievler Mh.,1+1,28000.0
GölbaşıKarşıyaka Mh.,4+2,150000.0
GölbaşıÖrencik Mh.,2+1,30000.0
GölbaşıGaziosmanpaşa Mh.,3+1,26500.0
GölbaşıBahçelievler Mh.,Stüdyo (1+0),25000.0
GölbaşıÖrencik Mh.,1+1,19500.0
Gölbaşıİncek Mh.,2+1,25000.0
Gölbaşıİncek Mh.,2+1,33500.0
GölbaşıKızılcaşar Mh.,3+1,63000.0
GölbaşıTaşpınar Mh.,2+1,35000.0
GölbaşıBahçelievler Mh.,4+1,200000.0
GölbaşıTulumtaş Mh.,4+1,55000.0
GölbaşıKızılcaşar Mh.,1+1,29000.0
GölbaşıKarşıyaka Mh.,3+1,25500.0
GölbaşıÖrencik Mh.,2+1,27500.0
GölbaşıKarşıyaka Mh.,1+1,28000.0
GölbaşıSeğmenler Mh.,3+1,50000.0
GölbaşıTaşpınar Mh.,2+1,28000.0
Gölbaşıİncek Mh.,2+1,57000.0
GölbaşıTaşpınar Mh.,1+1,20000.0
GölbaşıBahçelievler Mh.,1+1,25000.0
GölbaşıKızılcaşar Mh.,2+1,40000.0
GölbaşıSeğmenler Mh.,3+1,30000.0
Gölbaşıİncek Mh.,1+1,23500.0
GölbaşıHacılar Mh.,5+1,325000.0
GölbaşıKarşıyaka Mh.,4+2,165000.0
GölbaşıKarşıyaka Mh.,4+2,165000.0
GölbaşıTaşpınar Mh.,2+1,24000.0
Gölbaşıİncek Mh.,2.5+1,30500.0
GölbaşıÖrencik Mh.,1+1,28500.0
Gölbaşıİncek Mh.,2+1,21000.0
GölbaşıBahçelievler Mh.,1+1,26000.0
GölbaşıÖrencik Mh.,1+1,20000.0
Gölbaşıİncek Mh.,3+1,50000.0
GölbaşıBahçelievler Mh.,1+1,18000.0
Gölbaşıİncek Mh.,1+1,24000.0
Gölbaşıİncek Mh.,2+1,59000.0
GölbaşıKarşıyaka Mh.,5+1,110000.0
Gölbaşıİncek Mh.,2+1,35000.0
GölbaşıBahçelievler Mh.,1+1,25500.0
GölbaşıKarşıyaka Mh.,6+2,120000.0
GölbaşıEymir Mah.,3+1,35000.0
GölbaşıKızılcaşar Mh.,3+1,33000.0
Gölbaşıİncek Mh.,1+1,25000.0
Gölbaşıİncek Mh.,1+1,25000.0
GölbaşıTaşpınar Mh.,1+1,27500.0
GölbaşıÖrencik Mh.,3+1,31500.0
Gölbaşıİncek Mh.,1+1,19500.0
GölbaşıBahçelievler Mh.,2+1,45000.0
GölbaşıBahçelievler Mh.,1+1,26500.0
GölbaşıÖrencik Mh.,1+1,25000.0
GölbaşıBahçelievler Mh.,2+1,25000.0
GölbaşıEymir Mah.,2+1,30000.0
GölbaşıTaşpınar Mh.,2+1,39000.0
GölbaşıEymir Mah.,2+1,32000.0
GölbaşıGaziosmanpaşa Mh.,2+1,24000.0
GölbaşıKarşıyaka Mh.,2+1,41000.0
GölbaşıKızılcaşar Mh.,4+2,110000.0
GölbaşıEymir Mah.,2+1,21500.0
Gölbaşıİncek Mh.,3+1,35000.0
GölbaşıTaşpınar Mh.,1+1,24500.0
GölbaşıTaşpınar Mh.,1+1,20000.0
GölbaşıBahçelievler Mh.,3+1,32000.0
GölbaşıTaşpınar Mh.,1+1,30000.0
GölbaşıKızılcaşar Mh.,3+1,67000.0
GölbaşıTulumtaş Mh.,4+1,57000.0
Gölbaşıİncek Mh.,Stüdyo (1+0),25000.0
GölbaşıSeğmenler Mh.,4+1,65000.0
GölbaşıKızılcaşar Mh.,1+1,27000.0
GölbaşıEymir Mah.,3+1,33000.0
Gölbaşıİncek Mh.,1+1,28500.0
Gölbaşıİncek Mh.,1+1,25000.0
GölbaşıTaşpınar Mh.,1+1,26500.0
GölbaşıBahçelievler Mh.,1+1,27000.0
GölbaşıBahçelievler Mh.,3+1,31000.0
Gölbaşıİncek Mh.,1+1,19500.0
GölbaşıBahçelievler Mh.,1+1,26500.0
GölbaşıSeğmenler Mh.,3+1,37500.0
GölbaşıEymir Mah.,2+1,24500.0
Gölbaşıİncek Mh.,2+1,25900.0
GölbaşıTaşpınar Mh.,1+1,25000.0
GölbaşıSeğmenler Mh.,3+1,25000.0
GölbaşıKızılcaşar Mh.,1+1,25000.0
GölbaşıTaşpınar Mh.,1+1,29900.0
GölbaşıKızılcaşar Mh.,2+1,35000.0
GölbaşıBahçelievler Mh.,4+1,58000.0
GölbaşıBahçelievler Mh.,1+1,31000.0
GölbaşıTaşpınar Mh.,2+1,35000.0
GölbaşıÖrencik Mh.,1+1,25000.0
GölbaşıKarşıyaka Mh.,1+1,25000.0
GölbaşıTaşpınar Mh.,1+1,20000.0
Gölbaşıİncek Mh.,1+1,30000.0
GölbaşıTulumtaş Mh.,2+1,36000.0
GölbaşıBahçelievler Mh.,1+1,26000.0
GölbaşıTaşpınar Mh.,1+1,27000.0
GölbaşıBahçelievler Mh.,Stüdyo (1+0),20000.0
GölbaşıHacılar Mh.,2+1,55000.0
Gölbaşıİncek Mh.,1+1,40000.0
GölbaşıBahçelievler Mh.,Stüdyo (1+0),23000.0
Gölbaşıİncek Mh.,3+1,55000.0
Gölbaşıİncek Mh.,4.5+1,75000.0
Gölbaşıİncek Mh.,1+1,22000.0
GölbaşıBahçelievler Mh.,3+1,35000.0
GölbaşıSeğmenler Mh.,1+1,32000.0
GölbaşıKızılcaşar Mh.,1+1,40000.0
GölbaşıBahçelievler Mh.,1+1,30000.0
Gölbaşıİncek Mh.,1+1,20500.0
Gölbaşıİncek Mh.,2+1,22000.0
Gölbaşıİncek Mh.,2+1,38500.0
GölbaşıBahçelievler Mh.,1+1,23500.0
Gölbaşıİncek Mh.,1+1,35000.0
GölbaşıEymir Mah.,2+1,23000.0
GölbaşıTaşpınar Mh.,2+1,28000.0
GölbaşıTaşpınar Mh.,1+1,22000.0
GölbaşıTaşpınar Mh.,1+1,24000.0
GölbaşıTaşpınar Mh.,2+1,36000.0
GölbaşıKızılcaşar Mh.,1+1,42000.0
GölbaşıKızılcaşar Mh.,1+1,26500.0
GölbaşıÖrencik Mh.,1+1,25000.0
GölbaşıTaşpınar Mh.,1+1,24000.0
GölbaşıTaşpınar Mh.,2+1,24000.0
GölbaşıÖrencik Mh.,1+1,21000.0
GölbaşıÖrencik Mh.,1+1,26000.0
GölbaşıTaşpınar Mh.,2+1,38000.0
Gölbaşıİncek Mh.,1+1,18500.0
Gölbaşıİncek Mh.,1+1,21000.0
GölbaşıBahçelievler Mh.,2+1,30000.0
Gölbaşıİncek Mh.,2+1,35000.0
GölbaşıKızılcaşar Mh.,1+1,26000.0
GölbaşıSeğmenler Mh.,2+1,27500.0
Gölbaşıİncek Mh.,1+1,30000.0
GölbaşıÖrencik Mh.,1+1,32000.0
GölbaşıEymir Mah.,3+1,32000.0
GölbaşıTaşpınar Mh.,2+1,38500.0
Gölbaşıİncek Mh.,4+1,41000.0
Gölbaşıİncek Mh.,1+1,22000.0
GölbaşıTaşpınar Mh.,1+1,25000.0
Gölbaşıİncek Mh.,1+1,28500.0
GölbaşıSeğmenler Mh.,3+1,37000.0
GölbaşıSeğmenler Mh.,2+1,28000.0
GölbaşıTaşpınar Mh.,1+1,23500.0
GölbaşıÖrencik Mh.,2+1,29000.0
Gölbaşıİncek Mh.,1+1,20500.0
GölbaşıTaşpınar Mh.,2+1,41000.0
GölbaşıHacılar Mh.,5+2,90000.0
GölbaşıTaşpınar Mh.,2+1,45000.0
GölbaşıTulumtaş Mh.,2+1,37000.0
GölbaşıŞafak Mh.,3+1,26000.0
GölbaşıKızılcaşar Mh.,1+1,26500.0
Gölbaşıİncek Mh.,2+1,40000.0
GölbaşıTaşpınar Mh.,1+1,20000.0
GölbaşıBahçelievler Mh.,2+1,28500.0
GölbaşıÖrencik Mh.,1+1,22000.0
GölbaşıKızılcaşar Mh.,2+1,30500.0
Gölbaşıİncek Mh.,3+1,32000.0
Gölbaşıİncek Mh.,1+1,31000.0
GölbaşıHacılar Mh.,1+1,43000.0
Gölbaşıİncek Mh.,5+1,160000.0
GölbaşıBahçelievler Mh.,3+1,30000.0
GölbaşıÖrencik Mh.,2+1,24500.0
GölbaşıKızılcaşar Mh.,2+1,49000.0
GölbaşıKızılcaşar Mh.,1+1,25000.0
Gölbaşıİncek Mh.,6+1,160000.0
GölbaşıKızılcaşar Mh.,1+1,31250.0
Gölbaşıİncek Mh.,3+1,34000.0
Gölbaşıİncek Mh.,1+1,28500.0
GölbaşıBahçelievler Mh.,Stüdyo (1+0),23000.0
Gölbaşıİncek Mh.,1+1,27000.0
GölbaşıTaşpınar Mh.,1+1,42500.0
GölbaşıTaşpınar Mh.,2+1,24000.0
GölbaşıEymir Mah.,2+1,22000.0
GölbaşıKızılcaşar Mh.,2+1,29500.0
GölbaşıKızılcaşar Mh.,2+1,45000.0
GölbaşıÖrencik Mh.,2+1,32000.0
GölbaşıTaşpınar Mh.,3+1,36000.0
ÇankayaÇayyolu/Ümitköy,1+1,28000.0
SincanYenikent,1+1,22000.0
Altındağ,2+1,21000.0
ÇankayaGaziosmanpaşa(Gop),2+1,32000.0
KeçiörenEtlik / İncirli,3+1,29000.0
ÇankayaMerkez,4.5+1,89000.0
ÇankayaMerkez,1+1,41000.0
KeçiörenSanatoryum,5.5+1,63000.0
KeçiörenEsertepe / Yayla,3+1,23900.0
PursaklarMerkez,3+1,19000.0
Gölbaşı,1+1,27000.0
ÇankayaYıldız,4+1,50000.0
SincanYenikent,3+1,24000.0
Yenimahalle,3+1,18500.0
Mamak,3.5+1,17000.0
YenimahalleBatıkent,1+1,28500.0
YenimahalleŞentepe,3+1,45000.0
YenimahalleBatıkent,1+1,29000.0
Gölbaşı,1+1,20000.0
Altındağ,3+1,22500.0
KazanFatih Mah.,3+1,20000.0
KazanAtatürk Mh.,3+1,23000.0
KazanFatih Mah.,3+1,22000.0
KazanAtatürk Mh.,3+1,25000.0
KazanSaray Mah.,1+1,21000.0
KazanAtatürk Mh.,4+1,60000.0
KazanAtatürk Mh.,2+1,17000.0
KazanAtatürk Mh.,2+1,16000.0
KazanAtatürk Mh.,2+1,23000.0
KazanAtatürk Mh.,2+1,26000.0
KazanAtatürk Mh.,3+1,27500.0
KazanFatih Mah.,4+1,27000.0
KazanAtatürk Mh.,1+1,13000.0
KazanAtatürk Mh.,3+1,23000.0
KazanAtatürk Mh.,3+1,24000.0
KazanAtatürk Mh.,4+1,37000.0
KazanAtatürk Mh.,4+1,25000.0
KazanAtatürk Mh.,3+1,31000.0
KazanAtatürk Mh.,3+1,23000.0
KazanAtatürk Mh.,3+1,20000.0
KazanAtatürk Mh.,3+1,19000.0
KazanAtatürk Mh.,4+1,37000.0
KazanAtatürk Mh.,3+1,19250.0
KazanFatih Mah.,8+2,50000.0
KazanSatıkadın Mh.,3+1,20750.0
KazanSatıkadın Mh.,4+1,35000.0
KazanSaray Mah.,1+1,25000.0
KazanAtatürk Mh.,4+1,38000.0
KazanAtatürk Mh.,3+1,30000.0
KazanSatıkadın Mh.,3+1,25000.0
KazanAtatürk Mh.,2+1,18500.0
KazanAtatürk Mh.,3+1,20000.0
KazanAtatürk Mh.,3+1,19000.0
KazanSaray Mah.,Stüdyo (1+0),21000.0
KazanAtatürk Mh.,3+1,35000.0
KazanAtatürk Mh.,4+1,35000.0
KazanAtatürk Mh.,3+1,19000.0
KazanAtatürk Mh.,2+1,18000.0
KazanAtatürk Mh.,2+1,24000.0
KazanAtatürk Mh.,2+1,18500.0
KazanAtatürk Mh.,4+1,35000.0
KazanAtatürk Mh.,3+1,22000.0
KazanAtatürk Mh.,2+1,22000.0
KazanAtatürk Mh.,2+1,27000.0
KazanAtatürk Mh.,3+1,24500.0
KazanSaray Mah.,Stüdyo (1+0),21000.0
KazanKayı Mh.,2+0,25000.0
KazanAtatürk Mh.,2+1,25000.0
KazanYıldırımbeyazıt Mh.,4+1,32000.0
KazanSatıkadın Mh.,3+1,18000.0
KazanSatıkadın Mh.,3+1,17000.0
KazanYıldırımbeyazıt Mh.,3+1,22000.0
KazanAtatürk Mh.,3+1,40000.0
KazanAtatürk Mh.,3+1,18000.0
KazanAtatürk Mh.,3+1,16500.0
KazanSatıkadın Mh.,3+1,18000.0
KazanFatih Mah.,3+1,18500.0
KazanAtatürk Mh.,2+1,17000.0
KazanAtatürk Mh.,3+1,30000.0
KazanAtatürk Mh.,3+1,26000.0
KazanKayı Mh.,3+1,15000.0
KazanAtatürk Mh.,4+1,24000.0
KazanAtatürk Mh.,2+1,25400.0
KazanAtatürk Mh.,2+1,25000.0
KazanAtatürk Mh.,3+1,25000.0
KazanAtatürk Mh.,2+1,25000.0
KazanAtatürk Mh.,2+1,24000.0
Sincan,3+1,18250.0
SincanFatih,4+1,38850.0
ÇankayaBalgat,2+1,125000.0
YenimahalleŞentepe,4+1,35000.0
ÇankayaBahçelievler,2+1,29500.0
Şereflikoçhisar,2+0,13000.0
ÇankayaZafertepe,3+1,30000.0
AltındağUlubey,3+1,20000.0
ÇankayaBahçelievler,3+1,38000.0
SincanYenikent,2+1,17500.0
SanatoryumOvacık Mh.,4+1,54000.0
UfuktepeAtapark Mah.,3+1,20000.0
Etlik / İncirliEtlik Mah.,3+1,23000.0
SanatoryumOvacık Mh.,3+1,15000.0
Esertepe / YaylaYükseltepe Mh.,2+1,25750.0
Etlik / İncirliAşağı Eğlence Mh.,3+1,30000.0
UfuktepePınarbaşı Mh.,4+1,30000.0
Etlik / İncirliAşağı Eğlence Mh.,2+1,19100.0
SanatoryumOvacık Mh.,4+1,59000.0
Esertepe / YaylaYükseltepe Mh.,3+1,24700.0
Etlik / İncirliAşağı Eğlence Mh.,3+1,25000.0
Etlik / İncirliAyvalı Mh.,3+1,35000.0
Etlik / İncirliAyvalı Mh.,3+0,41000.0
Etlik / İncirliEtlik Mah.,3+1,20000.0
Esertepe / YaylaYükseltepe Mh.,2+1,13000.0
Esertepe / YaylaŞehit Kubilay Mh.,3+1,23900.0
Etlik / İncirliAşağı Eğlence Mh.,3+1,26000.0
SanatoryumOvacık Mh.,4+1,68000.0
Etlik / İncirliAyvalı Mh.,3+1,35000.0
Etlik / İncirliAyvalı Mh.,3+1,47500.0
Etlik / İncirliEtlik Mah.,3+1,35000.0
Etlik / İncirliAşağı Eğlence Mh.,3+1,30500.0
UfuktepeKuşcağız Mh.,3+1,25000.0
Etlik / İncirliAyvalı Mh.,1+1,38000.0
Etlik / İncirliAyvalı Mh.,3+1,40000.0
Esertepe / YaylaSancaktepe Mah.,3+1,32500.0
SanatoryumOvacık Mh.,4.5+1,57500.0
Etlik / İncirliEtlik Mah.,3+1,25000.0
Esertepe / YaylaEsertepe Mah.,3+1,28000.0
Etlik / İncirliEtlik Mah.,3+1,23000.0
AktepeYeşiltepe Mh.,3+1,20500.0
Etlik / İncirliEtlik Mah.,3+1,26000.0
Etlik / İncirliAşağı Eğlence Mh.,2+1,31000.0
Etlik / İncirliEtlik Mah.,3+1,25000.0
SanatoryumOvacık Mh.,4+1,55000.0
Etlik / İncirliEtlik Mah.,4+1,51750.0
AktepeBademlik Mah.,3+1,30000.0
SanatoryumOvacık Mh.,4+1,59000.0
MerkezKavacık Subayevleri Mh.,3+1,25000.0
Etlik / İncirliAyvalı Mh.,3+1,20000.0
AktepeŞenyuva Mh.,4+1,22500.0
Etlik / İncirliAyvalı Mh.,3+1,35000.0
SanatoryumOvacık Mh.,4+1,38000.0
Etlik / İncirliAyvalı Mh.,1+1,34700.0
Etlik / İncirliAşağı Eğlence Mh.,4+1,29000.0
UfuktepeKuşcağız Mh.,3+1,21500.0
Esertepe / YaylaYükseltepe Mh.,3+1,25750.0
Etlik / İncirliAşağı Eğlence Mh.,3+1,20800.0
UfuktepeAtapark Mah.,3+1,24750.0
Etlik / İncirliEtlik Mah.,3+1,25000.0
Etlik / İncirliEmrah Mah.,3+1,25000.0
AktepeŞenyuva Mh.,4+1,25000.0
AktepeUyanış Mh.,2+1,16500.0
KalabaKarargahtepe Mah.,2+1,20000.0
Etlik / İncirliAyvalı Mh.,2+1,20000.0
SanatoryumOvacık Mh.,4+1,53000.0
SanatoryumTepebaşı Mh.,3+1,27000.0
Etlik / İncirliAşağı Eğlence Mh.,3+1,25000.0
Etlik / İncirliEtlik Mah.,3+1,29000.0
Etlik / İncirliAyvalı Mh.,6+1,35000.0
Etlik / İncirliAyvalı Mh.,5+1,34000.0
Etlik / İncirliAyvalı Mh.,3+1,33999.0
Etlik / İncirliAyvalı Mh.,3+1,66000.0
BağlumKarşıyaka Mh.,3+1,24000.0
Şenlik/GüçlükayaŞenlik Mh.,3+1,24500.0
MerkezKavacık Subayevleri Mh.,3+1,29500.0
Etlik / İncirliAyvalı Mh.,2+1,22000.0
Etlik / İncirliAyvalı Mh.,3+1,24500.0
KalabaKarargahtepe Mah.,3+1,27000.0
Etlik / İncirliAyvalı Mh.,3+1,66000.0
SanatoryumOvacık Mh.,4+1,57000.0
Kalaba,2+1,30000.0
Etlik / İncirliÇiçekli Mh.,3+1,16000.0
Esertepe / YaylaYükseltepe Mh.,3+1,24000.0
UfuktepeAtapark Mah.,3+1,25000.0
Etlik / İncirliİncirli Mh.,3+1,25000.0
Esertepe / YaylaYükseltepe Mh.,3+1,33000.0
Esertepe / YaylaYayla Mah.,3+1,25000.0
Esertepe / YaylaYükseltepe Mh.,4+1,38000.0
BağlumKafkas Mah.,3+1,17000.0
Esertepe / YaylaSancaktepe Mah.,3+1,28500.0
BağlumKarşıyaka Mh.,3+1,15000.0
Etlik / İncirliAyvalı Mh.,3+1,20500.0
Etlik / İncirliAyvalı Mh.,5+1,45000.0
SanatoryumOvacık Mh.,4+1,63000.0
AktepeŞefkat Mh.,3+1,20000.0
Ufuktepe,3+1,22000.0
Etlik / İncirliEtlik Mah.,2+1,22000.0
SanatoryumGüçlükaya Mh.,2+1,18000.0
BağlumKarakaya Mah.,3+1,25500.0
Etlik / İncirliEtlik Mah.,3+1,25000.0
UfuktepeAtapark Mah.,3+1,25500.0
Etlik / İncirliEtlik Mah.,3+1,29000.0
Etlik / İncirliEtlik Mah.,3+1,21000.0
Etlik / İncirliAşağı Eğlence Mh.,3+1,26500.0
SanatoryumTepebaşı Mh.,3+1,24500.0
Etlik / İncirliEtlik Mah.,3+1,26000.0
Etlik / İncirliEmrah Mah.,3+1,30000.0
SanatoryumOvacık Mh.,5.5+1,63000.0
MerkezBasınevleri Mh.,3+1,25000.0
MerkezBasınevleri Mh.,2+1,30000.0
Etlik / İncirliİncirli Mh.,3+1,17500.0
UfuktepePınarbaşı Mh.,2+1,20500.0
Esertepe / YaylaEsertepe Mah.,3+1,23000.0
AktepeYeşiltepe Mh.,3+1,15500.0
UfuktepeAtapark Mah.,3+1,20000.0
SanatoryumOvacık Mh.,4.5+1,47000.0
UfuktepeKuşcağız Mh.,3+1,30000.0
Etlik / İncirliEtlik Mah.,3+1,26900.0
UfuktepeAtapark Mah.,3+1,28000.0
Esertepe / YaylaYükseltepe Mh.,4+1,45000.0
Etlik / İncirliEtlik Mah.,3+1,24000.0
Etlik / İncirliAyvalı Mh.,3+1,23000.0
Şenlik/GüçlükayaŞenlik Mh.,3+1,14000.0
Şenlik/GüçlükayaŞenlik Mh.,3+1,25000.0
Esertepe / YaylaYayla Mah.,3+1,25000.0
Etlik / İncirliAşağı Eğlence Mh.,2+1,19000.0
Etlik / İncirliAyvalı Mh.,3+1,21500.0
Şenlik/GüçlükayaYakacık Mh.,3+1,22000.0
Etlik / İncirliAyvalı Mh.,3+1,23000.0
Esertepe / YaylaYükseltepe Mh.,2+1,23000.0
Etlik / İncirliAyvalı Mh.,3+1,27500.0
UfuktepePınarbaşı Mh.,3+1,19500.0
SanatoryumTepebaşı Mh.,3+1,25500.0
Etlik / İncirliAşağı Eğlence Mh.,3+1,23000.0
BağlumKarakaya Mah.,3+1,25000.0
Esertepe / YaylaSancaktepe Mah.,3+1,35000.0
Esertepe / YaylaŞehit Kubilay Mh.,3+1,22000.0
Etlik / İncirliAşağı Eğlence Mh.,3+1,21000.0
SanatoryumGüçlükaya Mh.,3+1,25000.0
Aktepe23 Nisan Mah.,2+1,16500.0
UfuktepePınarbaşı Mh.,3+1,20500.0
MerkezKavacık Subayevleri Mh.,3+1,35000.0
Etlik / İncirliEtlik Mah.,2+1,16000.0
UfuktepeOsmangazi Mah.,3+1,25000.0
UfuktepeKanuni Mah.,3+1,17900.0
Etlik / İncirliİncirli Mh.,3+1,22000.0
Etlik / İncirliEtlik Mah.,3+1,35000.0
AktepeAdnan Menderes Mah.,3+1,17000.0
Sanatoryum19 Mayıs Mh.,3+1,27500.0
SanatoryumTepebaşı Mh.,3+1,25000.0
Etlik / İncirliAyvalı Mh.,3+1,27000.0
BağlumKarşıyaka Mh.,3+1,24000.0
Etlik / İncirliAyvalı Mh.,Stüdyo (1+0),15000.0
Esertepe / YaylaŞehit Kubilay Mh.,3+1,28000.0
AktepeBağlarbaşı Mh.,3+1,25000.0
Esertepe / YaylaSancaktepe Mah.,3+1,29000.0
Esertepe / YaylaEsertepe Mah.,3+1,30000.0
Etlik / İncirliAyvalı Mh.,3+1,28000.0
BağlumHisar Mah.,2+0,18500.0
Etlik / İncirliAyvalı Mh.,3+1,25000.0
Etlik / İncirliEtlik Mah.,2+1,17500.0
Etlik / İncirliİncirli Mh.,2+1,16500.0
Etlik / İncirliEmrah Mah.,3+1,23000.0
UfuktepeKanuni Mah.,3+1,25000.0
Etlik / İncirliİncirli Mh.,3+1,26500.0
KalabaKarargahtepe Mah.,2+1,19500.0
Esertepe / YaylaYükseltepe Mh.,4+1,43000.0
Esertepe / YaylaSancaktepe Mah.,2+1,40000.0
Etlik / İncirliEtlik Mah.,3+1,20000.0
Esertepe / YaylaYayla Mah.,2+1,17000.0
Esertepe / YaylaSancaktepe Mah.,3+1,28000.0
Ufuktepe,3+1,23000.0
SanatoryumOvacık Mh.,4+1,57000.0
UfuktepeOsmangazi Mah.,3+1,25000.0
UfuktepePınarbaşı Mh.,3+1,23000.0
Etlik / İncirliEtlik Mah.,3+1,15500.0
MerkezKavacık Subayevleri Mh.,2+1,22500.0
Etlik / İncirliAşağı Eğlence Mh.,3+1,30000.0
Esertepe / YaylaYayla Mah.,3+1,31000.0
Etlik / İncirliEmrah Mah.,3+1,22500.0
BağlumKarşıyaka Mh.,3+1,25000.0
AktepeŞefkat Mh.,3+1,22500.0
AktepeŞefkat Mh.,2+1,35000.0
Esertepe / YaylaYayla Mah.,3+1,20000.0
Şenlik/GüçlükayaŞenlik Mh.,3+1,25000.0
AktepeKamil Ocak Mah.,3+1,21000.0
MerkezBasınevleri Mh.,4.5+1,28000.0
KalabaKarargahtepe Mah.,3+1,26500.0
UfuktepeKanuni Mah.,3+1,28000.0
AktepeKamil Ocak Mah.,3+1,31000.0
AktepeKöşk Mh.,3+1,23250.0
UfuktepeAtapark Mah.,3+1,30000.0
UfuktepeKuşcağız Mh.,2+1,23500.0
Sanatoryum19 Mayıs Mh.,3+1,25500.0
Etlik / İncirliAşağı Eğlence Mh.,3+1,38000.0
Etlik / İncirliAşağı Eğlence Mh.,3+1,31500.0
AktepeBademlik Mah.,3+1,22000.0
Esertepe / YaylaYükseltepe Mh.,3+1,26500.0
UfuktepeKuşcağız Mh.,3+1,25000.0
Esertepe / YaylaSancaktepe Mah.,3+1,28000.0
Etlik / İncirliEtlik Mah.,3+1,29500.0
Etlik / İncirliAşağı Eğlence Mh.,2+1,31000.0
AktepeBademlik Mah.,2+1,20000.0
Esertepe / YaylaYükseltepe Mh.,4.5+1,44000.0
Etlik / İncirliAşağı Eğlence Mh.,2+1,31000.0
Etlik / İncirliAyvalı Mh.,3+1,26999.0
Etlik / İncirliEtlik Mah.,3+1,27500.0
Esertepe / YaylaYayla Mah.,3+1,29000.0
UfuktepeAtapark Mah.,5+1,32000.0
SanatoryumOvacık Mh.,4.5+1,49000.0
SanatoryumOvacık Mh.,4+1,58000.0
SanatoryumOvacık Mh.,4+1,58900.0
UfuktepeKuşcağız Mh.,4+1,38000.0
SanatoryumTepebaşı Mh.,3+1,20000.0
UfuktepeKuşcağız Mh.,3+1,24000.0
UfuktepeAtapark Mah.,3+1,27900.0
Esertepe / YaylaSancaktepe Mah.,3+1,26000.0
UfuktepeKuşcağız Mh.,4+1,38500.0
UfuktepeKuşcağız Mh.,3+1,47500.0
Sanatoryum19 Mayıs Mh.,3+1,16500.0
Esertepe / YaylaYayla Mah.,2+1,22000.0
SanatoryumOvacık Mh.,4+1,50000.0
AktepeBağlarbaşı Mh.,2+1,19000.0
Etlik / İncirliAşağı Eğlence Mh.,3+1,25000.0
Etlik / İncirliİncirli Mh.,3+1,21000.0
UfuktepeAtapark Mah.,2+1,19900.0
Esertepe / YaylaYayla Mah.,3+1,25000.0
Etlik / İncirliEtlik Mah.,3+1,23000.0
Ufuktepe,3+1,21000.0
Esertepe / YaylaŞehit Kubilay Mh.,3+1,26500.0
BağlumHisar Mah.,3+1,17000.0
UfuktepeKuşcağız Mh.,3+1,25500.0
SanatoryumTepebaşı Mh.,3+1,23000.0
Aktepe23 Nisan Mah.,3+1,19000.0
Esertepe / YaylaYayla Mah.,3+1,16000.0
AktepeBağlarbaşı Mh.,3+1,24000.0
Etlik / İncirliAyvalı Mh.,3+1,26000.0
Etlik / İncirliAşağı Eğlence Mh.,3+1,28000.0
Etlik / İncirliAyvalı Mh.,3+1,36000.0
Etlik / İncirliİncirli Mh.,3+1,27000.0
Esertepe / YaylaŞehit Kubilay Mh.,3+1,24000.0
Şenlik/GüçlükayaYakacık Mh.,3+1,18750.0
Etlik / İncirliİncirli Mh.,3+1,20000.0
UfuktepeKuşcağız Mh.,3+1,32000.0
SanatoryumGüçlükaya Mh.,3+1,19000.0
Etlik / İncirliAyvalı Mh.,3+1,22500.0
UfuktepeKuşcağız Mh.,2+1,20500.0
UfuktepeKuşcağız Mh.,3+1,19500.0
Etlik / İncirliAyvalı Mh.,3+1,28000.0
AktepeKamil Ocak Mah.,3+1,20000.0
UfuktepeAtapark Mah.,3+1,31000.0
SanatoryumTepebaşı Mh.,3+1,15500.0
Şenlik/GüçlükayaYakacık Mh.,3+1,30000.0
Ufuktepe,3+1,24000.0
BağlumKarşıyaka Mh.,3+1,16500.0
Etlik / İncirliEtlik Mah.,2+1,16000.0
UfuktepeKanuni Mah.,3+1,20000.0
Esertepe / YaylaYayla Mah.,3+1,21000.0
Şenlik/GüçlükayaŞenlik Mh.,3+1,26000.0
AktepeÇaldıran Mh.,3+1,25000.0
Aktepe,3+1,33000.0
AktepeBademlik Mah.,3+1,24000.0
Etlik / İncirliAyvalı Mh.,3+1,19500.0
UfuktepeKanuni Mah.,3+1,18500.0
AktepeUyanış Mh.,2+1,28000.0
Kalaba,3+1,30000.0
BağlumKarakaya Mah.,3+1,27000.0
AktepeKöşk Mh.,2+1,19500.0
Esertepe / YaylaYayla Mah.,3+1,21500.0
BağlumKarşıyaka Mh.,3+1,19500.0
BağlumKarşıyaka Mh.,3+1,20000.0
AktepeUyanış Mh.,2+1,20000.0
Etlik / İncirliİncirli Mh.,3+1,31000.0
Etlik / İncirliAyvalı Mh.,2+1,25000.0
SanatoryumOvacık Mh.,4+1,57000.0
Etlik / İncirliİncirli Mh.,4+1,42500.0
Etlik / İncirliAyvalı Mh.,2+1,21000.0
BağlumHisar Mah.,4+1,25000.0
UfuktepePınarbaşı Mh.,4+1,49000.0
Etlik / İncirliAşağı Eğlence Mh.,3+1,35500.0
Şenlik/GüçlükayaŞenlik Mh.,3+1,47000.0
Esertepe / YaylaEsertepe Mah.,3+1,20000.0
Etlik / İncirliEtlik Mah.,3+1,23000.0
MerkezKavacık Subayevleri Mh.,3+1,27000.0
AktepeÇaldıran Mh.,3+1,22500.0
BağlumHisar Mah.,3+1,22750.0
AktepeBağlarbaşı Mh.,3+1,21250.0
Esertepe / YaylaEsertepe Mah.,2+1,25000.0
AktepeUyanış Mh.,4+1,45000.0
Esertepe / YaylaEsertepe Mah.,3+1,29000.0
Ufuktepe,3+1,25000.0
Esertepe / YaylaSancaktepe Mah.,2+1,16500.0
SanatoryumOvacık Mh.,4+1,48000.0
Esertepe / YaylaYayla Mah.,3+1,25500.0
Etlik / İncirliAşağı Eğlence Mh.,3+1,43000.0
AktepeAdnan Menderes Mah.,2+1,15000.0
Kalaba,3+1,21000.0
Etlik / İncirliEmrah Mah.,3+1,40000.0
Etlik / İncirliAşağı Eğlence Mh.,3+1,34000.0
Etlik / İncirliAyvalı Mh.,3+1,19500.0
SanatoryumTepebaşı Mh.,3+1,20000.0
Etlik / İncirliİncirli Mh.,3+1,16000.0
UfuktepeKuşcağız Mh.,3+1,15000.0
UfuktepeOsmangazi Mah.,3+1,20000.0
Etlik / İncirliEtlik Mah.,3+1,19000.0
UfuktepeKuşcağız Mh.,3+1,21000.0
AktepeBademlik Mah.,3+1,29000.0
Şenlik/GüçlükayaŞenlik Mh.,3+1,22500.0
Etlik / İncirliAşağı Eğlence Mh.,2+1,20000.0
Etlik / İncirliAşağı Eğlence Mh.,3+1,18500.0
Etlik / İncirliEtlik Mah.,3+1,22500.0
Etlik / İncirliÇiçekli Mh.,3+1,25000.0
Sanatoryum19 Mayıs Mh.,3+1,22000.0
Etlik / İncirliEtlik Mah.,4+1,36000.0
UfuktepeKanuni Mah.,3+1,23000.0
AktepeKamil Ocak Mah.,3+1,23000.0
KalabaKarargahtepe Mah.,4+1,43000.0
SanatoryumOvacık Mh.,4+1,69000.0
Esertepe / YaylaYayla Mah.,3+1,26000.0
Esertepe / YaylaYayla Mah.,2+1,20000.0
BağlumKarakaya Mah.,3+1,27000.0
AktepeAdnan Menderes Mah.,6+1,42000.0
AktepeUyanış Mh.,3+1,25000.0
Şenlik/GüçlükayaŞenlik Mh.,3+1,23000.0
Etlik / İncirliAşağı Eğlence Mh.,3+1,23000.0
BağlumHisar Mah.,3+1,26000.0
UfuktepeAtapark Mah.,3+1,25000.0
Etlik / İncirliEtlik Mah.,3+1,18500.0
UfuktepeOsmangazi Mah.,3+1,21000.0
Esertepe / YaylaSancaktepe Mah.,3+1,28000.0
Etlik / İncirliAşağı Eğlence Mh.,2+1,45000.0
Etlik / İncirliAyvalı Mh.,3+1,32000.0
UfuktepeOsmangazi Mah.,3+1,23000.0
BağlumHisar Mah.,3+1,19500.0
Etlik / İncirliAyvalı Mh.,4+1,13000.0
Esertepe / YaylaYükseltepe Mh.,4+1,31000.0
SanatoryumGüçlükaya Mh.,3+1,17500.0
UfuktepePınarbaşı Mh.,3+1,50000.0
UfuktepeOsmangazi Mah.,2+1,25000.0
SanatoryumOvacık Mh.,3+1,20200.0
Etlik / İncirliAyvalı Mh.,4+1,36000.0
AktepeBağlarbaşı Mh.,3+1,17000.0
Esertepe / YaylaEsertepe Mah.,2+1,17500.0
SanatoryumTepebaşı Mh.,2+1,20500.0
SanatoryumTepebaşı Mh.,3+1,29900.0
AktepeBademlik Mah.,3+1,23500.0
Etlik / İncirliAyvalı Mh.,3+1,18000.0
Etlik / İncirliAyvalı Mh.,3+1,25500.0
Etlik / İncirliAşağı Eğlence Mh.,3+1,25250.0
UfuktepeKuşcağız Mh.,3+1,25000.0
SanatoryumOvacık Mh.,4.5+1,48000.0
Esertepe / YaylaSancaktepe Mah.,3+1,29000.0
KalabaKarargahtepe Mah.,3+1,21000.0
MerkezBasınevleri Mh.,3+1,30000.0
UfuktepePınarbaşı Mh.,3+1,21000.0
UfuktepeOsmangazi Mah.,3+1,24000.0
UfuktepePınarbaşı Mh.,4+1,45000.0
UfuktepeKuşcağız Mh.,3+1,25500.0
SanatoryumOvacık Mh.,4+1,59000.0
UfuktepePınarbaşı Mh.,2+1,15000.0
AktepeUyanış Mh.,3+1,21500.0
Etlik / İncirliİncirli Mh.,1+1,22000.0
Esertepe / YaylaYükseltepe Mh.,4+1,45000.0
SanatoryumOvacık Mh.,3+2,62000.0
AktepeŞenyuva Mh.,2+1,37000.0
BağlumKarakaya Mah.,3+1,22000.0
Esertepe / YaylaŞehit Kubilay Mh.,2+1,22000.0
Aktepe23 Nisan Mah.,2+1,26000.0
UfuktepeAtapark Mah.,3+1,17000.0
Esertepe / YaylaSancaktepe Mah.,4+1,42000.0
AktepeBağlarbaşı Mh.,3+1,28000.0
SanatoryumGüçlükaya Mh.,3+1,22000.0
Etlik / İncirliAyvalı Mh.,3+1,19000.0
AktepeBademlik Mah.,3+1,23000.0
AktepeUyanış Mh.,3+1,23000.0
UfuktepePınarbaşı Mh.,3+1,25000.0
UfuktepePınarbaşı Mh.,3+1,20000.0
Etlik / İncirliAyvalı Mh.,2+1,22500.0
BağlumHisar Mah.,3+1,25000.0
Etlik / İncirliAyvalı Mh.,3+1,18000.0
Etlik / İncirliÇiçekli Mh.,2+1,21000.0
Ufuktepe,3+1,22000.0
Esertepe / YaylaYükseltepe Mh.,3+1,29000.0
AktepeUyanış Mh.,3+1,22000.0
Etlik / İncirliAşağı Eğlence Mh.,3+1,40000.0
Etlik / İncirliAyvalı Mh.,3+1,22500.0
Etlik / İncirliAyvalı Mh.,3+1,26000.0
BağlumKarşıyaka Mh.,3+1,22000.0
AktepeŞefkat Mh.,4+1,47500.0
SanatoryumOvacık Mh.,4+1,50990.0
Şenlik/GüçlükayaŞenlik Mh.,3+1,16500.0
AktepeUyanış Mh.,3+1,32000.0
Esertepe / YaylaEsertepe Mah.,3+1,28000.0
Esertepe / YaylaSancaktepe Mah.,3+1,28500.0
Etlik / İncirliEtlik Mah.,5+1,45000.0
UfuktepeKuşcağız Mh.,3+1,21500.0
Etlik / İncirliAyvalı Mh.,2+1,21000.0
Etlik / İncirliAşağı Eğlence Mh.,2+1,22500.0
Etlik / İncirliAyvalı Mh.,3+1,23750.0
AktepeKamil Ocak Mah.,3+1,20500.0
SanatoryumTepebaşı Mh.,3+1,16000.0
Etlik / İncirliÇiçekli Mh.,2+1,18500.0
UfuktepeKuşcağız Mh.,4+1,25000.0
SanatoryumTepebaşı Mh.,3+1,18500.0
Esertepe / YaylaYayla Mah.,3+1,26000.0
Etlik / İncirliEtlik Mah.,2+1,19000.0
Esertepe / YaylaYükseltepe Mh.,4+1,49000.0
Esertepe / YaylaYayla Mah.,4.5+1,58000.0
SanatoryumGüçlükaya Mh.,2+1,25000.0
UfuktepeKuşcağız Mh.,3+1,22000.0
Etlik / İncirliEtlik Mah.,3+1,26000.0
UfuktepePınarbaşı Mh.,4+1,43000.0
Esertepe / YaylaYayla Mah.,3+1,38000.0
SanatoryumTepebaşı Mh.,3+1,23000.0
BağlumKarakaya Mah.,3+1,18000.0
BağlumKarakaya Mah.,3+1,29900.0
Esertepe / YaylaYükseltepe Mh.,3+1,42000.0
Etlik / İncirliEtlik Mah.,3+1,20000.0
AktepeŞefkat Mh.,3+1,18000.0
Etlik / İncirliİncirli Mh.,3+1,25000.0
Etlik / İncirliEmrah Mah.,2+1,26000.0
MerkezBasınevleri Mh.,3+1,28500.0
UfuktepeKanuni Mah.,3+1,25500.0
UfuktepePınarbaşı Mh.,3+1,22500.0
UfuktepeKuşcağız Mh.,3+1,28000.0
Esertepe / YaylaYayla Mah.,4+1,55000.0
AktepeUyanış Mh.,3+1,22000.0
Şenlik/GüçlükayaŞenlik Mh.,3+1,20000.0
Esertepe / YaylaYayla Mah.,3+1,21000.0
Esertepe / YaylaYükseltepe Mh.,2+1,26999.0
Etlik / İncirliEtlik Mah.,3+1,28000.0
Etlik / İncirliAyvalı Mh.,3+1,34000.0
Etlik / İncirliEtlik Mah.,3+1,23000.0
AktepeYeşiltepe Mh.,3+1,22000.0
Esertepe / YaylaYayla Mah.,3+1,22000.0
Esertepe / YaylaYükseltepe Mh.,4+1,45000.0
AktepeBağlarbaşı Mh.,3+1,21000.0
Etlik / İncirliAyvalı Mh.,3+1,22000.0
SanatoryumOvacık Mh.,4+1,60750.0
Etlik / İncirliAyvalı Mh.,3+1,20000.0
Etlik / İncirliİncirli Mh.,3+1,23000.0
SanatoryumOvacık Mh.,5.5+1,75000.0
Esertepe / YaylaYayla Mah.,3+2,54500.0
UfuktepeAtapark Mah.,3+1,24500.0
SanatoryumTepebaşı Mh.,3+1,19000.0
Etlik / İncirliAşağı Eğlence Mh.,2+1,24750.0
Etlik / İncirliEmrah Mah.,3+1,25000.0
Esertepe / YaylaYükseltepe Mh.,4+1,43000.0
Etlik / İncirliAşağı Eğlence Mh.,3+1,29000.0
Esertepe / YaylaEsertepe Mah.,3+1,22900.0
Etlik / İncirliAyvalı Mh.,3+1,24000.0
Etlik / İncirliEmrah Mah.,3+1,27500.0
UfuktepePınarbaşı Mh.,3+1,20000.0
UfuktepeAtapark Mah.,3+1,25000.0
AktepeHasköy Mh.,3+1,27000.0
Etlik / İncirliÇiçekli Mh.,4+1,43000.0
AktepeKamil Ocak Mah.,2+1,19500.0
AktepeYeşiltepe Mh.,3+1,19500.0
Etlik / İncirliEtlik Mah.,3+1,24500.0
Kalaba,3+1,23500.0
Etlik / İncirliAşağı Eğlence Mh.,3+1,25000.0
SanatoryumTepebaşı Mh.,3+1,18500.0
Ufuktepe,3+1,18500.0
UfuktepeAtapark Mah.,3+1,35500.0
Etlik / İncirliÇiçekli Mh.,3+1,22000.0
Etlik / İncirliAşağı Eğlence Mh.,3+1,23000.0
AktepeKöşk Mh.,2+1,20750.0
Etlik / İncirliAşağı Eğlence Mh.,2+1,24900.0
UfuktepePınarbaşı Mh.,3+1,23000.0
Etlik / İncirliEtlik Mah.,3+1,27000.0
UfuktepeKuşcağız Mh.,3+1,20000.0
Esertepe / YaylaŞehit Kubilay Mh.,2+1,20000.0
Sanatoryum19 Mayıs Mh.,3+1,19000.0
Esertepe / YaylaYayla Mah.,2+1,18000.0
UfuktepePınarbaşı Mh.,3+1,18000.0
Etlik / İncirliAşağı Eğlence Mh.,3+1,21000.0
SanatoryumTepebaşı Mh.,3+1,17000.0
Esertepe / YaylaSancaktepe Mah.,3+0,29000.0
Etlik / İncirliEtlik Mah.,3+1,27000.0
UfuktepeKuşcağız Mh.,3+1,20000.0
UfuktepeKanuni Mah.,3+1,22000.0
Esertepe / YaylaSancaktepe Mah.,3+1,25500.0
Şenlik/GüçlükayaYakacık Mh.,3+1,20000.0
AktepeHasköy Mh.,3+1,22000.0
Etlik / İncirliAyvalı Mh.,3+1,25000.0
UfuktepeKuşcağız Mh.,4.5+1,26250.0
UfuktepePınarbaşı Mh.,3+1,21000.0
SanatoryumOvacık Mh.,4+1,65000.0
Esertepe / YaylaŞehit Kubilay Mh.,3+1,23000.0
UfuktepeKuşcağız Mh.,4+1,25500.0
Esertepe / YaylaYayla Mah.,3+1,26000.0
UfuktepePınarbaşı Mh.,4.5+1,45000.0
AktepeKöşk Mh.,2+1,15000.0
Etlik / İncirliAyvalı Mh.,2+1,51000.0
Sanatoryum19 Mayıs Mh.,3+1,21000.0
UfuktepeAtapark Mah.,3+1,23000.0
UfuktepeKuşcağız Mh.,2+1,16500.0
SanatoryumOvacık Mh.,4+1,53000.0
AktepeŞenyuva Mh.,4+1,26000.0
AktepeHasköy Mh.,3+1,20000.0
Aktepe23 Nisan Mah.,2+1,16000.0
UfuktepeOsmangazi Mah.,3+1,17000.0
Etlik / İncirliEtlik Mah.,3+1,26750.0
AktepeBağlarbaşı Mh.,3+1,22000.0
AktepeBademlik Mah.,3+1,24000.0
Aktepe,3+1,16499.0
AktepeKamil Ocak Mah.,3+1,22000.0
SanatoryumOvacık Mh.,3+1,58000.0
Şenlik/GüçlükayaYakacık Mh.,3+1,20500.0
UfuktepeKuşcağız Mh.,3+1,47500.0
Etlik / İncirliAyvalı Mh.,3+1,22500.0
KalabaKarargahtepe Mah.,3+1,20000.0
AktepeAdnan Menderes Mah.,3+1,13500.0
Etlik / İncirliAyvalı Mh.,3+1,23000.0
UfuktepeKuşcağız Mh.,3+1,19000.0
Etlik / İncirliAyvalı Mh.,3+1,25000.0
AktepeBademlik Mah.,3+1,22500.0
UfuktepeAtapark Mah.,5+2,41000.0
Sanatoryum19 Mayıs Mh.,1+1,21000.0
Şenlik/GüçlükayaŞenlik Mh.,3+1,19000.0
BağlumHisar Mah.,3+1,21500.0
Etlik / İncirliİncirli Mh.,3+1,22000.0
SanatoryumOvacık Mh.,4+1,49500.0
SanatoryumTepebaşı Mh.,3+1,21500.0
Esertepe / YaylaEsertepe Mah.,3+1,22000.0
SanatoryumTepebaşı Mh.,2+1,22000.0
AktepeAdnan Menderes Mah.,3+1,23750.0
Etlik / İncirliAyvalı Mh.,3+1,23500.0
BağlumHisar Mah.,3+1,30500.0
Etlik / İncirliAyvalı Mh.,3+1,32000.0
UfuktepePınarbaşı Mh.,3+1,27500.0
Etlik / İncirliAyvalı Mh.,3+1,32000.0
Etlik / İncirliAyvalı Mh.,3+1,21000.0
Aktepe,3+1,25000.0
UfuktepeKuşcağız Mh.,2+1,20000.0
Esertepe / YaylaSancaktepe Mah.,3+1,25000.0
UfuktepeKuşcağız Mh.,3+1,23000.0
Esertepe / YaylaYayla Mah.,3+1,23000.0
BağlumKarakaya Mah.,3+1,15500.0
Aktepe23 Nisan Mah.,3+1,25500.0
Şenlik/GüçlükayaYakacık Mh.,3+1,16000.0
SanatoryumGüçlükaya Mh.,3+1,37500.0
Etlik / İncirliEtlik Mah.,2+1,23000.0
BağlumKarşıyaka Mh.,3+1,22500.0
Etlik / İncirliAyvalı Mh.,3+1,22500.0
AktepeAdnan Menderes Mah.,5+1,42000.0
Etlik / İncirliEtlik Mah.,2.5+1,27000.0
AktepeKamil Ocak Mah.,3+1,19000.0
Etlik / İncirliİncirli Mh.,3+1,24000.0
SanatoryumOvacık Mh.,4+1,55000.0
Sanatoryum19 Mayıs Mh.,3+1,18000.0
BağlumHisar Mah.,4+1,26500.0
Etlik / İncirliİncirli Mh.,2+1,24000.0
UfuktepeAtapark Mah.,3+1,26500.0
SanatoryumTepebaşı Mh.,3+1,25500.0
Etlik / İncirliEtlik Mah.,3+1,26500.0
UfuktepePınarbaşı Mh.,1+1,18000.0
Etlik / İncirliAyvalı Mh.,3+1,25000.0
Etlik / İncirliEtlik Mah.,2+1,20000.0
AktepeBağlarbaşı Mh.,3+1,20000.0
Etlik / İncirliAyvalı Mh.,3+1,22000.0
BağlumKarakaya Mah.,3+1,25000.0
SanatoryumTepebaşı Mh.,2+1,25000.0
SanatoryumTepebaşı Mh.,2+1,25000.0
Şenlik/GüçlükayaŞenlik Mh.,3+1,22000.0
Etlik / İncirliAyvalı Mh.,3+1,34000.0
Etlik / İncirliİncirli Mh.,2+1,32000.0
Etlik / İncirliAşağı Eğlence Mh.,3+1,40000.0
Etlik / İncirliÇiçekli Mh.,4+1,42000.0
UfuktepeOsmangazi Mah.,3+1,23000.0
Sanatoryum19 Mayıs Mh.,3+1,15500.0
KalabaKarargahtepe Mah.,3+1,22000.0
Şenlik/GüçlükayaŞenlik Mh.,3+1,17500.0
AktepeUyanış Mh.,2+1,28000.0
Etlik / İncirliAşağı Eğlence Mh.,3+1,30000.0
UfuktepeOsmangazi Mah.,3+1,24000.0
Esertepe / YaylaYükseltepe Mh.,3+1,30000.0
AktepeBademlik Mah.,3+1,23500.0
SanatoryumTepebaşı Mh.,2+1,23000.0
Etlik / İncirliAşağı Eğlence Mh.,3+1,22000.0
Esertepe / YaylaYayla Mah.,4.5+1,56000.0
SanatoryumOvacık Mh.,4+1,43000.0
Esertepe / YaylaEsertepe Mah.,2.5+1,35000.0
Şenlik/GüçlükayaŞenlik Mh.,2+1,20000.0
SanatoryumOvacık Mh.,4.5+1,62000.0
Etlik / İncirliAyvalı Mh.,3.5+1,25000.0
Etlik / İncirliAşağı Eğlence Mh.,3+1,28000.0
BağlumHisar Mah.,3+1,28000.0
UfuktepePınarbaşı Mh.,3+1,24000.0
Esertepe / YaylaYükseltepe Mh.,2+1,21000.0
Etlik / İncirliAşağı Eğlence Mh.,3+1,33000.0
Etlik / İncirliAşağı Eğlence Mh.,3+1,22000.0
UfuktepePınarbaşı Mh.,3+1,20000.0
Kalaba,3+1,23000.0
AktepeKamil Ocak Mah.,3+1,18500.0
Esertepe / YaylaYayla Mah.,3+1,22000.0
Sanatoryum19 Mayıs Mh.,3+1,23000.0
Aktepe,3+1,20000.0
Esertepe / YaylaYayla Mah.,2+1,15500.0
SanatoryumTepebaşı Mh.,3+1,22000.0
Esertepe / YaylaYayla Mah.,3+1,26500.0
Etlik / İncirliİncirli Mh.,3+1,23000.0
Etlik / İncirliAşağı Eğlence Mh.,3+1,25000.0
Etlik / İncirliAyvalı Mh.,3+1,32000.0
Etlik / İncirliAyvalı Mh.,5+1,29750.0
MerkezKavacık Subayevleri Mh.,3.5+1,25000.0
Esertepe / YaylaYayla Mah.,3+1,17500.0
MerkezBasınevleri Mh.,5+1,30000.0
AktepeŞenyuva Mh.,2+1,40000.0
AktepeYeşiltepe Mh.,4+1,22000.0
Ufuktepe,3+1,25000.0
UfuktepeAtapark Mah.,3+1,26000.0
Esertepe / YaylaYayla Mah.,3+1,25000.0
Esertepe / YaylaEsertepe Mah.,2+1,16000.0
Esertepe / YaylaEsertepe Mah.,3+1,14000.0
UfuktepeOsmangazi Mah.,3+1,21900.0
AktepeBağlarbaşı Mh.,3+1,18000.0
Aktepe,2+1,26000.0
SanatoryumOvacık Mh.,4+1,68000.0
AktepeBağlarbaşı Mh.,3+1,20000.0
SanatoryumGüçlükaya Mh.,3+1,20000.0
Etlik / İncirliEtlik Mah.,3+1,42000.0
UfuktepeKuşcağız Mh.,3+1,23000.0
Ufuktepe,3+1,22000.0
Etlik / İncirliEtlik Mah.,3+1,12000.0
AktepeŞenyuva Mh.,3+1,22000.0
Ufuktepe,3+1,57500.0
UfuktepeAtapark Mah.,5+1,35000.0
AktepeKöşk Mh.,3+1,17000.0
SanatoryumTepebaşı Mh.,3+1,25000.0
Etlik / İncirliAşağı Eğlence Mh.,3+1,21000.0
Etlik / İncirliAşağı Eğlence Mh.,3+1,29500.0
Etlik / İncirliEtlik Mah.,3+1,24500.0
Şenlik/GüçlükayaYakacık Mh.,2+1,20700.0
Esertepe / YaylaYayla Mah.,4.5+1,59000.0
Etlik / İncirliEtlik Mah.,3+1,35000.0
UfuktepeKuşcağız Mh.,3+1,19000.0
Etlik / İncirliAyvalı Mh.,2+1,37000.0
Etlik / İncirliAyvalı Mh.,3+1,25000.0
UfuktepeAtapark Mah.,3+1,25000.0
Esertepe / YaylaYayla Mah.,3+1,26000.0
Esertepe / YaylaEsertepe Mah.,2+1,17500.0
Etlik / İncirliEtlik Mah.,2+1,20000.0
BağlumHisar Mah.,3+1,30000.0
Esertepe / YaylaSancaktepe Mah.,3+1,29000.0
UfuktepeAtapark Mah.,3+1,32000.0
UfuktepeKuşcağız Mh.,3+1,25000.0
Etlik / İncirliİncirli Mh.,3+1,20000.0
Sanatoryum19 Mayıs Mh.,3+1,20400.0
Esertepe / YaylaYükseltepe Mh.,3+1,35000.0
AktepeAdnan Menderes Mah.,3+1,25000.0
Etlik / İncirliAşağı Eğlence Mh.,3+1,30000.0
Etlik / İncirliAyvalı Mh.,3+1,21000.0
Etlik / İncirliAşağı Eğlence Mh.,2.5+1,22000.0
AktepeBağlarbaşı Mh.,3+1,25000.0
MerkezBasınevleri Mh.,3+1,20000.0
SanatoryumOvacık Mh.,4.5+1,52000.0
Etlik / İncirliAyvalı Mh.,3+1,19000.0
Şenlik/GüçlükayaŞenlik Mh.,3+1,25000.0
Sanatoryum19 Mayıs Mh.,3+1,19500.0
MerkezBasınevleri Mh.,3+1,36750.0
Etlik / İncirliAyvalı Mh.,3+1,26000.0
AktepeKamil Ocak Mah.,2+1,23000.0
BağlumHisar Mah.,3+1,20000.0
Esertepe / YaylaYayla Mah.,3+1,25000.0
Etlik / İncirliEtlik Mah.,3+1,25000.0
Esertepe / YaylaSancaktepe Mah.,3+1,29000.0
KalabaKarargahtepe Mah.,3+1,22000.0
Etlik / İncirliEtlik Mah.,3+1,22000.0
Etlik / İncirliAşağı Eğlence Mh.,3+1,23400.0
Etlik / İncirliAyvalı Mh.,3+1,24750.0
UfuktepeAtapark Mah.,3+1,25000.0
Kalaba,3+1,19000.0
Etlik / İncirliAşağı Eğlence Mh.,2+1,36000.0
Etlik / İncirliAşağı Eğlence Mh.,3+1,35000.0
AktepeUyanış Mh.,3+1,32000.0
SanatoryumOvacık Mh.,2+1,40000.0
UfuktepeKuşcağız Mh.,3+1,25000.0
SanatoryumTepebaşı Mh.,3+1,19500.0
UfuktepeKuşcağız Mh.,3+1,20000.0
AktepeBağlarbaşı Mh.,2+1,18500.0
AktepeUyanış Mh.,2+1,20000.0
Şenlik/GüçlükayaŞenlik Mh.,3+1,18000.0
UfuktepeAtapark Mah.,2+1,21950.0
Şenlik/GüçlükayaYakacık Mh.,3+1,25000.0
Etlik / İncirliAşağı Eğlence Mh.,3+1,30000.0
Etlik / İncirliAşağı Eğlence Mh.,3+1,38000.0
UfuktepeAtapark Mah.,2+1,15500.0
AktepeUyanış Mh.,3+1,23000.0
Etlik / İncirliİncirli Mh.,3+1,30000.0
Aktepe,2+1,20000.0
Esertepe / YaylaYayla Mah.,3+1,27000.0
BağlumKarakaya Mah.,3+1,24500.0
Etlik / İncirliİncirli Mh.,3+1,22000.0
Etlik / İncirliAyvalı Mh.,3+1,17000.0
SanatoryumGüçlükaya Mh.,3+1,35000.0
Etlik / İncirliAyvalı Mh.,2+1,35000.0
Şenlik/GüçlükayaŞenlik Mh.,2+1,18000.0
AktepeÇaldıran Mh.,2+1,15500.0
Etlik / İncirliAşağı Eğlence Mh.,3+1,24000.0
Şenlik/GüçlükayaYakacık Mh.,1+1,16000.0
Etlik / İncirliAyvalı Mh.,3+1,17500.0
AktepeŞenyuva Mh.,3+1,20000.0
Etlik / İncirliEtlik Mah.,3+1,19000.0
Esertepe / YaylaYükseltepe Mh.,3+1,25000.0
Etlik / İncirliEmrah Mah.,3+1,25000.0
SanatoryumTepebaşı Mh.,3+1,22000.0
Esertepe / YaylaEsertepe Mah.,3+1,20000.0
Şenlik/GüçlükayaŞenlik Mh.,1+1,19500.0
Esertepe / YaylaEsertepe Mah.,4+1,40000.0
AktepeŞenyuva Mh.,4+1,22900.0
AktepeBağlarbaşı Mh.,3+1,25750.0
UfuktepePınarbaşı Mh.,3+1,20000.0
Kalaba,3+1,26000.0
Esertepe / YaylaŞehit Kubilay Mh.,1+1,23000.0
UfuktepeKuşcağız Mh.,3+1,21500.0
Kalaba,3+1,30000.0
Esertepe / YaylaŞehit Kubilay Mh.,3+1,26000.0
Aktepe,3+1,23500.0
BağlumKarakaya Mah.,3+1,25000.0
Etlik / İncirliAyvalı Mh.,4+1,33000.0
UfuktepePınarbaşı Mh.,2+1,18000.0
AktepeHasköy Mh.,2.5+1,16500.0
SanatoryumOvacık Mh.,3+2,69000.0
Etlik / İncirliEtlik Mah.,2+1,25750.0
AktepeKamil Ocak Mah.,3+1,20500.0
Etlik / İncirliİncirli Mh.,5+1,24000.0
Şenlik/GüçlükayaŞenlik Mh.,3+1,20000.0
AktepeAdnan Menderes Mah.,3+1,19000.0
MerkezKavacık Subayevleri Mh.,3+1,34000.0
Etlik / İncirliAyvalı Mh.,4+1,25000.0
UfuktepeKuşcağız Mh.,3+1,25750.0
Ufuktepe,3+1,21000.0
AktepeBademlik Mah.,3+1,25000.0
Etlik / İncirliAşağı Eğlence Mh.,3+1,30000.0
UfuktepeAtapark Mah.,3+1,25000.0
SanatoryumOvacık Mh.,4+1,53000.0
Etlik / İncirliAyvalı Mh.,3+1,34000.0
UfuktepeKuşcağız Mh.,3+1,16000.0
Sanatoryum19 Mayıs Mh.,3+1,27500.0
Esertepe / YaylaSancaktepe Mah.,3+1,25000.0
AktepeUyanış Mh.,3+1,25000.0
Etlik / İncirliAyvalı Mh.,3+1,26000.0
BağlumKarakaya Mah.,3+1,30000.0
Etlik / İncirliAşağı Eğlence Mh.,3+1,26000.0
Şenlik/GüçlükayaŞenlik Mh.,3+1,22000.0
BağlumKarakaya Mah.,3+1,20000.0
Şenlik/GüçlükayaŞenlik Mh.,3+1,25450.0
UfuktepeKanuni Mah.,3+1,22000.0
AktepeBağlarbaşı Mh.,3+1,20500.0
AktepeYeşiltepe Mh.,4+1,21000.0
Esertepe / YaylaŞehit Kubilay Mh.,3+1,16000.0
Etlik / İncirliEtlik Mah.,3+1,23000.0
SanatoryumTepebaşı Mh.,3+1,17000.0
Etlik / İncirliİncirli Mh.,3+1,18000.0
AktepeBağlarbaşı Mh.,3+1,17000.0
Şenlik/GüçlükayaYakacık Mh.,3+1,19000.0
Etlik / İncirliİncirli Mh.,2+1,22000.0
Esertepe / YaylaŞehit Kubilay Mh.,3+1,18000.0
Sanatoryum19 Mayıs Mh.,3+1,27000.0
UfuktepeAtapark Mah.,2+1,37000.0
AktepeUyanış Mh.,3+1,20500.0
Etlik / İncirliEtlik Mah.,2+1,16000.0
Etlik / İncirliAyvalı Mh.,3+1,27000.0
Etlik / İncirliEtlik Mah.,3+1,23000.0
BağlumKarşıyaka Mh.,2+1,30000.0
UfuktepeAtapark Mah.,3+1,27000.0
Esertepe / YaylaYükseltepe Mh.,3+1,40000.0
AktepeGüzelyurt Mh.,3+1,28000.0
UfuktepeAtapark Mah.,3+1,17000.0
Şenlik/GüçlükayaŞenlik Mh.,3+1,23000.0
Esertepe / YaylaŞehit Kubilay Mh.,3+1,21000.0
Etlik / İncirliAyvalı Mh.,3+1,30000.0
Etlik / İncirliÇiçekli Mh.,3+1,25000.0
Esertepe / YaylaEsertepe Mah.,4+1,44900.0
Etlik / İncirliAyvalı Mh.,3+1,28000.0
Aktepe23 Nisan Mah.,3+1,23500.0
UfuktepeKanuni Mah.,3+1,25000.0
AktepeKöşk Mh.,3+1,17900.0
Esertepe / YaylaŞehit Kubilay Mh.,3+1,26500.0
Esertepe / YaylaYükseltepe Mh.,4+1,31500.0
Ufuktepe,3+1,23000.0
AktepeBağlarbaşı Mh.,3+1,28500.0
Esertepe / YaylaYayla Mah.,3+1,20000.0
MerkezBasınevleri Mh.,5+1,35000.0
Etlik / İncirliAşağı Eğlence Mh.,3+1,27000.0
KalabaKarargahtepe Mah.,2+1,19500.0
AktepeŞenyuva Mh.,2+1,38000.0
Etlik / İncirliİncirli Mh.,3+1,35000.0
Aktepe23 Nisan Mah.,3+1,32500.0
Esertepe / YaylaYayla Mah.,3+1,17000.0
Esertepe / YaylaŞehit Kubilay Mh.,3+1,26000.0
Etlik / İncirliAyvalı Mh.,3+1,21000.0
UfuktepeKanuni Mah.,3+1,24250.0
Esertepe / YaylaYayla Mah.,3+1,35000.0
KalabaKarargahtepe Mah.,3+1,23000.0
Etlik / İncirliEtlik Mah.,3+1,22500.0
Etlik / İncirliAşağı Eğlence Mh.,3+1,24000.0
UfuktepeAtapark Mah.,3+1,29250.0
Etlik / İncirliAyvalı Mh.,2+1,24000.0
Etlik / İncirliAşağı Eğlence Mh.,3+1,25000.0
Etlik / İncirliAşağı Eğlence Mh.,3+1,23500.0
UfuktepeKanuni Mah.,3+1,20000.0
Esertepe / YaylaYayla Mah.,3+1,27000.0
Aktepe23 Nisan Mah.,3+1,20500.0
Etlik / İncirliEtlik Mah.,3+1,20000.0
Esertepe / YaylaYayla Mah.,3+1,20000.0
Etlik / İncirliAyvalı Mh.,2+1,19000.0
UfuktepeKuşcağız Mh.,3+1,21000.0
Etlik / İncirliEtlik Mah.,3+1,20000.0
Esertepe / YaylaYükseltepe Mh.,1+1,22000.0
UfuktepeKuşcağız Mh.,3+1,18000.0
Esertepe / YaylaEsertepe Mah.,2+1,22000.0
Etlik / İncirliEtlik Mah.,3+1,20000.0
SanatoryumGüçlükaya Mh.,5+1,52000.0
SanatoryumTepebaşı Mh.,3+1,24500.0
Etlik / İncirliAyvalı Mh.,3+1,25000.0
AktepeKamil Ocak Mah.,3+1,25000.0
MerkezKavacık Subayevleri Mh.,4+1,50000.0
MerkezKavacık Subayevleri Mh.,3+1,23500.0
AktepeBağlarbaşı Mh.,3+1,26000.0
AktepeYeşiltepe Mh.,3+1,27000.0
KalabaKarargahtepe Mah.,3+1,22500.0
Kalaba,3+1,24000.0
Şenlik/GüçlükayaYakacık Mh.,3+1,30000.0
Aktepe,3+1,20500.0
SanatoryumTepebaşı Mh.,3+1,30000.0
AktepeŞefkat Mh.,5+1,32000.0
Etlik / İncirliİncirli Mh.,3+1,27000.0
AktepeUyanış Mh.,3+1,22500.0
Etlik / İncirliİncirli Mh.,2+1,20500.0
UfuktepeAtapark Mah.,3+1,30000.0
Esertepe / YaylaEsertepe Mah.,4+1,40000.0
Etlik / İncirliAyvalı Mh.,3+1,35750.0
UfuktepePınarbaşı Mh.,3+1,19000.0
UfuktepeKanuni Mah.,3+1,11000.0
Esertepe / YaylaSancaktepe Mah.,3+1,28000.0
Etlik / İncirliEtlik Mah.,3+1,37000.0
BağlumHisar Mah.,3+1,25000.0
UfuktepeAtapark Mah.,3+1,26000.0
Esertepe / YaylaYükseltepe Mh.,4+1,42000.0
Ufuktepe,3+1,19500.0
Etlik / İncirliAyvalı Mh.,3+1,19500.0
Etlik / İncirliEtlik Mah.,3+1,25000.0
MerkezKavacık Subayevleri Mh.,3+1,33999.0
Etlik / İncirliEtlik Mah.,3+1,18500.0
AktepeAdnan Menderes Mah.,3+1,19000.0
Esertepe / YaylaYayla Mah.,3+1,27000.0
UfuktepePınarbaşı Mh.,4+1,42500.0
KalabaKarargahtepe Mah.,3+1,25000.0
AktepeŞefkat Mh.,3+1,25000.0
Etlik / İncirliEtlik Mah.,2+1,33000.0
Esertepe / YaylaŞehit Kubilay Mh.,3+1,15000.0
Etlik / İncirliAşağı Eğlence Mh.,2+1,30500.0
Etlik / İncirliÇiçekli Mh.,3+1,30000.0
Şenlik/GüçlükayaŞenlik Mh.,3+1,20000.0
AktepeAdnan Menderes Mah.,1+1,11000.0
Etlik / İncirliEmrah Mah.,3+1,27000.0
AktepeHasköy Mh.,3+1,21000.0
Etlik / İncirliAyvalı Mh.,4+1,17500.0
UfuktepeKanuni Mah.,3+1,18000.0
Esertepe / YaylaYayla Mah.,3+1,19900.0
Etlik / İncirliAyvalı Mh.,3+1,20500.0
SanatoryumOvacık Mh.,1+1,21500.0
Etlik / İncirliİncirli Mh.,3+1,18500.0
Etlik / İncirliİncirli Mh.,3+1,16500.0
Esertepe / YaylaEsertepe Mah.,3+1,21000.0
UfuktepePınarbaşı Mh.,3+1,22750.0
AktepeBağlarbaşı Mh.,3+1,20000.0
Etlik / İncirliİncirli Mh.,3+1,24000.0
AktepeBağlarbaşı Mh.,4.5+1,38000.0
UfuktepeKuşcağız Mh.,3+1,30000.0
Esertepe / YaylaYayla Mah.,3+1,23000.0
UfuktepeKuşcağız Mh.,2+1,19500.0
UfuktepeAtapark Mah.,3+1,24000.0
AktepeKöşk Mh.,3+1,18500.0
AktepeUyanış Mh.,3+1,22000.0
Etlik / İncirliEtlik Mah.,2+1,21000.0
Sanatoryum19 Mayıs Mh.,3+1,23000.0
Etlik / İncirliEtlik Mah.,3+1,32000.0
Etlik / İncirliAyvalı Mh.,2+1,26500.0
Etlik / İncirliAşağı Eğlence Mh.,2.5+1,20000.0
SanatoryumOvacık Mh.,4.5+1,51000.0
UfuktepeKuşcağız Mh.,3+1,26000.0
Etlik / İncirliAşağı Eğlence Mh.,2+1,35250.0
Esertepe / YaylaEsertepe Mah.,4+1,30900.0
SanatoryumOvacık Mh.,3+1,22000.0
AktepeBağlarbaşı Mh.,3+1,20000.0
Etlik / İncirliAşağı Eğlence Mh.,2+1,25000.0
Etlik / İncirliEtlik Mah.,3+1,62000.0
Etlik / İncirliEtlik Mah.,3+1,36000.0
SanatoryumTepebaşı Mh.,3+1,18500.0
SanatoryumOvacık Mh.,4+1,89000.0
SanatoryumOvacık Mh.,4+1,49000.0
Etlik / İncirliEtlik Mah.,2+1,27000.0
Etlik / İncirliEtlik Mah.,3+1,20000.0
Kalaba,3+1,22000.0
Esertepe / YaylaYükseltepe Mh.,3+1,30000.0
BağlumHisar Mah.,3+1,25000.0
Etlik / İncirliAyvalı Mh.,4+1,35000.0
Aktepe,3+1,20000.0
Kalaba,3+1,18750.0
BağlumKarakaya Mah.,3+1,24000.0
UfuktepeOsmangazi Mah.,3+1,24500.0
SanatoryumTepebaşı Mh.,3+1,24500.0
Şenlik/GüçlükayaYakacık Mh.,3+1,25000.0
Etlik / İncirliİncirli Mh.,3+1,31000.0
UfuktepePınarbaşı Mh.,3+1,23500.0
SanatoryumOvacık Mh.,4+1,49500.0
UfuktepeAtapark Mah.,3+1,27400.0
AktepeBağlarbaşı Mh.,3+1,22000.0
Etlik / İncirliEmrah Mah.,3+1,23000.0
Etlik / İncirliİncirli Mh.,3+1,18500.0
Etlik / İncirliAşağı Eğlence Mh.,3.5+1,34900.0
MerkezBasınevleri Mh.,4+1,40000.0
Şenlik/GüçlükayaŞenlik Mh.,3+1,20000.0
Şenlik/GüçlükayaŞenlik Mh.,3+1,25500.0
Etlik / İncirliEtlik Mah.,3+1,23000.0
Esertepe / YaylaYükseltepe Mh.,3+1,26000.0
Etlik / İncirliAyvalı Mh.,2+1,65000.0
MerkezKavacık Subayevleri Mh.,3+1,28000.0
Esertepe / YaylaŞehit Kubilay Mh.,3+1,32000.0
UfuktepeAtapark Mah.,3+1,18000.0
UfuktepeAtapark Mah.,4+1,50000.0
Etlik / İncirliAşağı Eğlence Mh.,3+1,28000.0
Etlik / İncirliAyvalı Mh.,3+1,25000.0
Etlik / İncirliEtlik Mah.,3+1,34750.0
SanatoryumTepebaşı Mh.,3+1,22500.0
Esertepe / YaylaYükseltepe Mh.,3+1,30000.0
Esertepe / YaylaŞehit Kubilay Mh.,3+1,21000.0
Sanatoryum19 Mayıs Mh.,3+1,18000.0
AktepeYeşiltepe Mh.,3+1,20000.0
AktepeKamil Ocak Mah.,3+1,22750.0
AktepeŞefkat Mh.,3+1,20000.0
KalabaKarargahtepe Mah.,3+1,20500.0
Etlik / İncirliEmrah Mah.,3+1,21000.0
Etlik / İncirliAşağı Eğlence Mh.,3+1,21000.0
Etlik / İncirliEtlik Mah.,3+1,22000.0
UfuktepePınarbaşı Mh.,3+1,21000.0
Esertepe / YaylaEsertepe Mah.,3+1,22000.0
Etlik / İncirliEmrah Mah.,3+1,20500.0
KalabaKarargahtepe Mah.,2+1,23000.0
Etlik / İncirliAyvalı Mh.,2+1,26000.0
Etlik / İncirliEtlik Mah.,3+1,20000.0
Şenlik/GüçlükayaŞenlik Mh.,3+1,25000.0
AktepeBademlik Mah.,5+1,35500.0
AktepeÇaldıran Mh.,3+1,32000.0
AktepeYeşiltepe Mh.,4+1,21000.0
Etlik / İncirliİncirli Mh.,2+1,16000.0
Sanatoryum19 Mayıs Mh.,3+1,23000.0
AktepeYeşiltepe Mh.,3+1,20000.0
UfuktepeKuşcağız Mh.,3+1,26500.0
Aktepe,3+1,23500.0
SanatoryumTepebaşı Mh.,3+1,20000.0
AktepeBağlarbaşı Mh.,2+1,15000.0
Etlik / İncirliAşağı Eğlence Mh.,3+1,28000.0
Etlik / İncirliAyvalı Mh.,4+1,60000.0
UfuktepeKanuni Mah.,3+1,25000.0
Sanatoryum19 Mayıs Mh.,3+1,24000.0
Etlik / İncirliİncirli Mh.,2+1,20000.0
Etlik / İncirliAşağı Eğlence Mh.,3+1,40000.0
Etlik / İncirliEtlik Mah.,1.5+1,19000.0
UfuktepePınarbaşı Mh.,2+1,26000.0
Etlik / İncirliEtlik Mah.,3+1,25000.0
BağlumHisar Mah.,3+1,20000.0
Etlik / İncirliAyvalı Mh.,3+1,26000.0
Etlik / İncirliAşağı Eğlence Mh.,3+1,21500.0
Etlik / İncirliAşağı Eğlence Mh.,3+1,26000.0
Etlik / İncirliİncirli Mh.,3+1,26000.0
Kalaba,3+1,20000.0
Etlik / İncirliİncirli Mh.,3+1,36500.0
UfuktepePınarbaşı Mh.,3+1,26000.0
UfuktepeKuşcağız Mh.,3+1,16900.0
AktepeŞenyuva Mh.,2+1,37000.0
Ufuktepe,3+1,25000.0
Etlik / İncirliAyvalı Mh.,3+1,28000.0
Etlik / İncirliAşağı Eğlence Mh.,3+1,22000.0
BağlumHisar Mah.,3+1,20000.0
Etlik / İncirliAyvalı Mh.,3+1,20000.0
Esertepe / YaylaŞehit Kubilay Mh.,3+1,19500.0
Esertepe / YaylaYükseltepe Mh.,3+1,25000.0
Esertepe / YaylaYayla Mah.,3+1,22900.0
Esertepe / YaylaYükseltepe Mh.,3+1,40000.0
Esertepe / YaylaŞehit Kubilay Mh.,3+1,26500.0
Şenlik/GüçlükayaŞenlik Mh.,3+1,18000.0
Şenlik/GüçlükayaŞenlik Mh.,3+1,21000.0
UfuktepeOsmangazi Mah.,3+1,24000.0
Esertepe / YaylaYükseltepe Mh.,3+1,25500.0
UfuktepeKuşcağız Mh.,4+1,25000.0
Etlik / İncirliEmrah Mah.,2+1,26000.0
Esertepe / YaylaŞehit Kubilay Mh.,3+1,27000.0
AktepeBademlik Mah.,3+1,20000.0
Esertepe / YaylaEsertepe Mah.,3+1,22500.0
Esertepe / YaylaEsertepe Mah.,3+1,21000.0
SanatoryumOvacık Mh.,4+1,58000.0
SanatoryumTepebaşı Mh.,3+1,25500.0
Etlik / İncirliAyvalı Mh.,3+1,28500.0
Etlik / İncirliAşağı Eğlence Mh.,3+1,20000.0
UfuktepeOsmangazi Mah.,3+1,21000.0
Etlik / İncirliEtlik Mah.,3+1,25000.0
Etlik / İncirliEtlik Mah.,3+1,20000.0
Etlik / İncirliAşağı Eğlence Mh.,3+1,26000.0
Etlik / İncirliAşağı Eğlence Mh.,3+1,26999.0
Etlik / İncirliEtlik Mah.,3+1,28500.0
Etlik / İncirliEtlik Mah.,3+1,18500.0
Ufuktepe,3+1,25850.0
MerkezBasınevleri Mh.,3+1,23500.0
Etlik / İncirliEtlik Mah.,2+1,23500.0
SanatoryumOvacık Mh.,3+1,44500.0
Etlik / İncirliİncirli Mh.,3+1,24900.0
BağlumKarakaya Mah.,4+1,25000.0
Etlik / İncirliAşağı Eğlence Mh.,3+1,30000.0
Esertepe / YaylaSancaktepe Mah.,3+1,29000.0
UfuktepeOsmangazi Mah.,3+1,25000.0
Şenlik/GüçlükayaŞenlik Mh.,3+1,18500.0
AktepeAdnan Menderes Mah.,3+1,22000.0
Esertepe / YaylaYükseltepe Mh.,3+1,46000.0
BağlumKarakaya Mah.,3+1,25000.0
Sanatoryum19 Mayıs Mh.,3+1,21000.0
Esertepe / YaylaŞehit Kubilay Mh.,3+1,22500.0
KızılcahamamYenice Mah.,3+1,18000.0
KızılcahamamKarşıyaka Mh.,2+1,15000.0
KızılcahamamYenice Mah.,3+1,19000.0
KızılcahamamAkçay Mh.,3+1,15000.0
KızılcahamamYenice Mah.,3+1,21000.0
KızılcahamamAkçay Mh.,3+1,25000.0
KızılcahamamAkçay Mh.,3+1,17500.0
KızılcahamamYenice Mah.,2+1,16500.0
KızılcahamamYenice Mah.,3+1,27500.0
KızılcahamamAkçay Mh.,3+1,18000.0
Kızılcahamamİsmetpaşa Mh.,3+1,12500.0
KızılcahamamYenice Mah.,3+1,14500.0
KızılcahamamYenice Mah.,3+1,13000.0
Kızılcahamamİsmetpaşa Mh.,2+1,13500.0
Kızılcahamamİsmetpaşa Mh.,2+1,25000.0
KızılcahamamYenice Mah.,3+1,20500.0
KızılcahamamYenice Mah.,3+1,25000.0
KızılcahamamYenice Mah.,3+1,16000.0
KızılcahamamYenice Mah.,3+1,14000.0
KızılcahamamYenice Mah.,3+1,18500.0
KızılcahamamYenice Mah.,3+1,20000.0
KızılcahamamYenice Mah.,3+1,17500.0
KızılcahamamYenice Mah.,3+1,17500.0
KızılcahamamKarşıyaka Mh.,3+1,25500.0
KızılcahamamYenice Mah.,2+1,22000.0
PazarPazar Mh.,3+1,22000.0
KızılcahamamYenice Mah.,3+1,16000.0
KızılcahamamYenice Mah.,3+1,16000.0
Kızılcahamamİsmetpaşa Mh.,2+1,17000.0
KızılcahamamAkçay Mh.,2+1,20000.0
KızılcahamamAkçay Mh.,2+1,16500.0
Kızılcahamamİsmetpaşa Mh.,2+1,16500.0
KızılcahamamYenice Mah.,3+1,20000.0
KızılcahamamYenice Mah.,3+1,23500.0
KızılcahamamAkçay Mh.,3+1,19000.0
KızılcahamamAkçay Mh.,4+1,32000.0
BoğaziçiAkşemsettin Mh.,2+1,30000.0
MamakKayaş Mh.,3.5+1,17000.0
BoğaziçiYeşilbayır Mh.,3+1,23000.0
AkdereGeneral Zeki Doğan Mh.,1+1,19999.0
BoğaziçiAkşemsettin Mh.,3+1,24000.0
BoğaziçiBoğaziçi Mh.,3+1,19000.0
BoğaziçiDurali Alıç Mh.,3+1,28000.0
BoğaziçiYeşilbayır Mh.,3+1,18500.0
HüseyingaziBaşak Mh.,3+1,14000.0
BoğaziçiAkşemsettin Mh.,2+1,22000.0
AkdereGeneral Zeki Doğan Mh.,3+1,20500.0
KayaşÜreğil Mh.,3+1,28000.0
BoğaziçiYeni Bayındır Mh.,2+1,18000.0
BoğaziçiCengizhan Mah.,3+1,25000.0
BoğaziçiYeşilbayır Mh.,4+1,37000.0
BoğaziçiKüçük Kayaş Mh.,3+1,19000.0
BoğaziçiAkşemsettin Mh.,2+1,17500.0
HüseyingaziEkin Mah.,3+1,21500.0
BoğaziçiEge Mah.,2+1,30000.0
BoğaziçiAkşemsettin Mh.,4+1,27500.0
MamakZirvekent Mh.,2+1,13500.0
DemirlibahçeDemirlibahçe Mh.,2+1,35000.0
Misket,1+1,27500.0
AbidinpaşaSaimekadın Mh.,4.5+1,17000.0
BoğaziçiBoğaziçi Mh.,3+1,25000.0
AkdereGeneral Zeki Doğan Mh.,3+1,25000.0
AkderePeyami Safa Mh.,3+1,14750.0
MisketŞahintepe Mh.,3+1,26500.0
BoğaziçiFahri Korutürk Mh.,3.5+1,30000.0
MisketTuzluçayır Mh.,3+1,25500.0
AkdereGeneral Zeki Doğan Mh.,3+1,21000.0
Akdere,3+1,20500.0
AkdereGeneral Zeki Doğan Mh.,3+1,26000.0
BoğaziçiCengizhan Mah.,2+1,33000.0
GülverenHürel Mh.,3+1,23000.0
MamakZirvekent Mh.,1+1,13000.0
AbidinpaşaAbidinpaşa Mh.,3+1,25000.0
DemirlibahçeDemirlibahçe Mh.,3+1,15000.0
AkdereKazım Orbay Mh.,3+1,28500.0
BoğaziçiCengizhan Mah.,2+1,47500.0
BoğaziçiDurali Alıç Mh.,3+1,22250.0
AbidinpaşaSaimekadın Mh.,2+1,24000.0
Misket,1+1,27500.0
MisketŞirintepe Mh.,3+1,19500.0
BoğaziçiDurali Alıç Mh.,3+1,26500.0
AkdereGeneral Zeki Doğan Mh.,3+1,25000.0
AbidinpaşaAşık Veysel Mh.,3+1,25000.0
AkdereTürközü Mh.,4.5+1,44000.0
BoğaziçiKüçük Kayaş Mh.,2+1,15000.0
MisketŞirintepe Mh.,2+1,20000.0
AbidinpaşaAbidinpaşa Mh.,3+1,15500.0
AbidinpaşaAşık Veysel Mh.,2+1,25500.0
BoğaziçiDurali Alıç Mh.,3+1,22500.0
AkdereMutlu Mah.,2+1,25000.0
MamakKaraağaç Mh.,3+1,29000.0
GülverenGülveren Mh.,2+1,22000.0
AkdereGeneral Zeki Doğan Mh.,3+1,19000.0
BoğaziçiCengizhan Mah.,3+1,20000.0
MamakHarman Mah.,3+1,25500.0
BoğaziçiDurali Alıç Mh.,1+1,20000.0
MamakAltıağaç Mh.,2+1,27500.0
MisketTuzluçayır Mh.,3+1,17000.0
MamakAltıağaç Mh.,3.5+1,25000.0
MisketŞirintepe Mh.,3+1,24000.0
BoğaziçiAkşemsettin Mh.,3+1,25000.0
MamakBahçeleriçi Mh.,2+1,25000.0
AkdereGeneral Zeki Doğan Mh.,2+1,16000.0
MamakBalkiraz Mah.,1+1,15000.0
BoğaziçiCengizhan Mah.,2+1,15000.0
BoğaziçiCengizhan Mah.,2+1,25000.0
BoğaziçiDurali Alıç Mh.,3+1,23500.0
MamakZirvekent Mh.,1+1,13000.0
MamakLalahan Mah.,2+1,20000.0
AkdereKazım Orbay Mh.,3+1,45000.0
DemirlibahçeDemirlibahçe Mh.,5+1,45000.0
AbidinpaşaAşık Veysel Mh.,2+1,20000.0
MamakBalkiraz Mah.,3+1,20000.0
BoğaziçiDurali Alıç Mh.,3+1,30500.0
BoğaziçiBoğaziçi Mh.,3+1,22000.0
AkdereKazım Orbay Mh.,2+1,19000.0
MamakKartaltepe Mah.,3+1,26500.0
BoğaziçiCengizhan Mah.,3+1,21000.0
MamakKusunlar Mah.,2+1,20000.0
BoğaziçiDurali Alıç Mh.,3+1,17500.0
BoğaziçiYeşilbayır Mh.,3+1,23000.0
AkdereGeneral Zeki Doğan Mh.,3+1,20000.0
AbidinpaşaSaimekadın Mh.,3+1,25000.0
BoğaziçiDurali Alıç Mh.,3+1,21000.0
MamakAltıağaç Mh.,4+1,35000.0
BoğaziçiCengizhan Mah.,3+1,26500.0
AkdereMutlu Mah.,3+1,22750.0
MisketŞahintepe Mh.,2+1,19000.0
GülverenDiriliş Mh.,3+1,24000.0
MamakAltıağaç Mh.,3+1,21000.0
MamakAltınevler Mh.,3+1,26500.0
BoğaziçiAkşemsettin Mh.,3+1,41000.0
BoğaziçiAkşemsettin Mh.,3+1,23000.0
HüseyingaziEkin Mah.,2+1,18000.0
GülverenDiriliş Mh.,2+1,30000.0
AkdereGeneral Zeki Doğan Mh.,4+1,33000.0
BoğaziçiEge Mah.,3+1,40000.0
DemirlibahçeDemirlibahçe Mh.,2+1,21000.0
AkdereKazım Orbay Mh.,3+1,18000.0
BoğaziçiEge Mah.,2+1,29000.0
BoğaziçiDurali Alıç Mh.,3+1,22000.0
HüseyingaziEkin Mah.,7+1,29500.0
MamakBalkiraz Mah.,3+1,21750.0
BoğaziçiDurali Alıç Mh.,3+1,35000.0
BoğaziçiAkşemsettin Mh.,3+1,45000.0
DemirlibahçeDemirlibahçe Mh.,2+1,24000.0
DemirlibahçeDemirlibahçe Mh.,Stüdyo (1+0),12000.0
MamakZirvekent Mh.,1+1,9500.0
AbidinpaşaAşık Veysel Mh.,3+1,26000.0
MisketMehtap Mah.,4+1,40000.0
MamakAltınevler Mh.,1+1,23000.0
MamakZirvekent Mh.,1+1,12000.0
BoğaziçiEge Mah.,1+1,21900.0
AkdereKazım Orbay Mh.,3+1,30000.0
BoğaziçiFahri Korutürk Mh.,3+1,25000.0
MisketŞahintepe Mh.,3+1,22000.0
MamakAltıağaç Mh.,3+1,25000.0
BoğaziçiEge Mah.,3+1,36000.0
MamakAltınevler Mh.,2+1,32500.0
BoğaziçiCengizhan Mah.,3+1,23000.0
AkdereMutlu Mah.,2+1,21500.0
AkdereTürközü Mh.,2+1,26500.0
BoğaziçiEge Mah.,3+1,31000.0
BoğaziçiCengizhan Mah.,3+1,24000.0
MisketTuzluçayır Mh.,3+1,20000.0
BoğaziçiCengizhan Mah.,1+1,24800.0
GülverenGülveren Mh.,3+1,29000.0
BoğaziçiEge Mah.,1+1,26000.0
MamakBalkiraz Mah.,2+1,21500.0
MamakKaraağaç Mh.,3+1,22000.0
GülverenDiriliş Mh.,1+1,30000.0
GülverenDiriliş Mh.,2+1,27500.0
BoğaziçiAkşemsettin Mh.,2+1,32000.0
KayaşÜreğil Mh.,3.5+1,35000.0
MamakBalkiraz Mah.,3+1,23000.0
AbidinpaşaAbidinpaşa Mh.,2+1,20000.0
AkdereKutlu Mah.,3+1,22000.0
MamakKayaş Mh.,3+1,4000.0
MamakBalkiraz Mah.,2+1,21500.0
MisketMehtap Mah.,2+1,30000.0
BoğaziçiCengizhan Mah.,3+1,20500.0
MisketŞahintepe Mh.,2+1,18500.0
MamakBalkiraz Mah.,2+1,21000.0
BoğaziçiAkşemsettin Mh.,3+1,40000.0
BoğaziçiDurali Alıç Mh.,3+1,30000.0
BoğaziçiEge Mah.,3+1,27500.0
MisketMehtap Mah.,2+1,25500.0
BoğaziçiYeni Bayındır Mh.,3+1,18000.0
MamakZirvekent Mh.,1+1,14000.0
MamakZirvekent Mh.,1+1,14000.0
BoğaziçiKüçük Kayaş Mh.,4+1,23500.0
AkdereKutlu Mah.,3+1,21000.0
DemirlibahçeDemirlibahçe Mh.,3+1,24000.0
AkdereGeneral Zeki Doğan Mh.,2+1,22000.0
AkdereMutlu Mah.,3+1,23000.0
MamakBahçeleriçi Mh.,3+1,26000.0
MisketŞahintepe Mh.,3+1,23000.0
BoğaziçiFahri Korutürk Mh.,2+1,19000.0
BoğaziçiAkşemsettin Mh.,3+1,22750.0
AkderePeyami Safa Mh.,3+1,15000.0
BoğaziçiYeşilbayır Mh.,2+1,17000.0
MisketMehtap Mah.,2+1,20250.0
BoğaziçiAkşemsettin Mh.,2+1,36000.0
MisketÇağlayan Mh.,3+1,27500.0
BoğaziçiCengizhan Mah.,3+1,23000.0
GülverenDiriliş Mh.,3+1,25000.0
BoğaziçiYeşilbayır Mh.,3+1,22000.0
MamakAltınevler Mh.,1+1,22500.0
BoğaziçiBoğaziçi Mh.,3+1,25000.0
AkdereGeneral Zeki Doğan Mh.,2+1,18500.0
BoğaziçiCengizhan Mah.,3+1,29500.0
GülverenDiriliş Mh.,3+1,25000.0
BoğaziçiDurali Alıç Mh.,3+1,18750.0
MamakZirvekent Mh.,2+1,18000.0
Misket,3+1,25000.0
MamakAltınevler Mh.,3+1,26500.0
BoğaziçiCengizhan Mah.,3+1,25000.0
MamakZirvekent Mh.,1+1,12500.0
AkdereKutlu Mah.,3+1,29000.0
MamakAltıağaç Mh.,3+1,26000.0
MamakAltıağaç Mh.,4+1,31000.0
BoğaziçiAkşemsettin Mh.,3+1,25000.0
MamakAltınevler Mh.,3+1,26000.0
KayaşAraplar Mah.,3+1,20000.0
MamakBahçeleriçi Mh.,3+1,18750.0
BoğaziçiYeni Bayındır Mh.,3+1,19000.0
BoğaziçiAkşemsettin Mh.,2+1,30500.0
BoğaziçiBoğaziçi Mh.,3+1,25000.0
AkdereMutlu Mah.,4+1,30000.0
BoğaziçiAkşemsettin Mh.,2+1,28000.0
MamakBalkiraz Mah.,2+1,33000.0
BoğaziçiCengizhan Mah.,3+1,25000.0
BoğaziçiEge Mah.,1+1,43000.0
KayaşAraplar Mah.,3+1,22000.0
BoğaziçiAkşemsettin Mh.,2+1,15500.0
AbidinpaşaSaimekadın Mh.,3+1,30000.0
BoğaziçiYeni Bayındır Mh.,3+1,20000.0
AkdereGeneral Zeki Doğan Mh.,3+1,19000.0
BoğaziçiEge Mah.,3+1,37000.0
DemirlibahçeŞafaktepe Mh.,3+1,27500.0
BoğaziçiCengizhan Mah.,1+1,35000.0
BoğaziçiDurali Alıç Mh.,3+1,25000.0
MamakZirvekent Mh.,2+1,17000.0
BoğaziçiFahri Korutürk Mh.,4+1,29999.0
AbidinpaşaAbidinpaşa Mh.,3+1,22000.0
BoğaziçiDurali Alıç Mh.,2+1,20500.0
DemirlibahçeDemirlibahçe Mh.,3+1,26000.0
AkdereTürközü Mh.,3+1,22750.0
AkdereKutlu Mah.,3+1,27500.0
BoğaziçiDurali Alıç Mh.,3+1,32000.0
HüseyingaziEkin Mah.,2+1,15000.0
AbidinpaşaAşık Veysel Mh.,4+1,27000.0
BoğaziçiAkşemsettin Mh.,2+1,18000.0
BoğaziçiCengizhan Mah.,3+1,24000.0
BoğaziçiDurali Alıç Mh.,3+1,54000.0
MamakZirvekent Mh.,2+1,17000.0
BoğaziçiDurali Alıç Mh.,3+1,23000.0
MamakKartaltepe Mah.,3+1,20000.0
BoğaziçiEge Mah.,3+1,33000.0
DemirlibahçeDemirlibahçe Mh.,3+1,23000.0
AbidinpaşaAşık Veysel Mh.,2+1,28000.0
MamakHarman Mah.,5+1,35000.0
MamakKaraağaç Mh.,2+1,20000.0
Misket,3+1,25000.0
MisketŞahintepe Mh.,3+1,22000.0
MamakBalkiraz Mah.,3+1,28000.0
BoğaziçiAkşemsettin Mh.,4+1,25000.0
MisketŞahintepe Mh.,3+1,22500.0
AbidinpaşaAbidinpaşa Mh.,3+1,30000.0
Misket,3+1,19000.0
BoğaziçiAkşemsettin Mh.,3+1,19000.0
MamakZirvekent Mh.,2+1,14500.0
BoğaziçiFahri Korutürk Mh.,3+1,45000.0
MamakZirvekent Mh.,2+1,15000.0
AkdereMutlu Mah.,Stüdyo (1+0),9500.0
KayaşÜreğil Mh.,3+1,35000.0
BoğaziçiYeşilbayır Mh.,3+1,23750.0
MamakAltıağaç Mh.,1+1,27000.0
MamakHarman Mah.,3+1,21000.0
AkdereGeneral Zeki Doğan Mh.,2+1,25000.0
MamakBalkiraz Mah.,4+1,30000.0
MamakAltıağaç Mh.,2+1,30000.0
AbidinpaşaSaimekadın Mh.,3+1,23000.0
MamakAltınevler Mh.,1+1,24000.0
BoğaziçiAkşemsettin Mh.,2+1,41000.0
Misket,3+1,23000.0
MamakZirvekent Mh.,2+1,17000.0
GülverenDiriliş Mh.,2+1,29000.0
GülverenDiriliş Mh.,2+1,22000.0
HüseyingaziBaşak Mh.,3+1,18000.0
AkdereTürközü Mh.,3+1,20750.0
AkdereGeneral Zeki Doğan Mh.,4+1,53000.0
BoğaziçiEge Mah.,3+1,32000.0
Akdere,3+1,20000.0
MamakKaraağaç Mh.,2+1,23000.0
AkdereGeneral Zeki Doğan Mh.,2+1,25999.0
BoğaziçiYeni Bayındır Mh.,3+1,23500.0
MamakŞehit Cengiz Topel Mh.,3+1,25000.0
HüseyingaziEkin Mah.,3+1,20000.0
BoğaziçiCengizhan Mah.,3+1,22500.0
MamakZirvekent Mh.,1+1,15000.0
MisketMehtap Mah.,3+1,19500.0
HüseyingaziBaşak Mh.,3+1,25000.0
MamakBahçeleriçi Mh.,3+1,24000.0
AkdereKutlu Mah.,3+1,23500.0
AkdereMutlu Mah.,3+1,22750.0
Misket,3+1,23500.0
MisketMehtap Mah.,3+1,22000.0
AkdereGeneral Zeki Doğan Mh.,4+1,32000.0
BoğaziçiDurali Alıç Mh.,3+1,27500.0
MisketŞahintepe Mh.,3+1,17000.0
MamakKıbrısköy Mh.,3+1,18000.0
Akdere,3+1,22500.0
BoğaziçiYeşilbayır Mh.,1+1,29000.0
AkdereTürközü Mh.,4+1,35000.0
GülverenHürel Mh.,2+1,21000.0
MisketÇağlayan Mh.,2+1,18000.0
MisketŞahintepe Mh.,3+1,28000.0
BoğaziçiAkşemsettin Mh.,3+1,30000.0
MisketTuzluçayır Mh.,3+1,24500.0
MamakYukarı İmrohor Mh.,1+1,32500.0
GülverenBahçelerüstü Mh.,3+1,22000.0
KayaşÜreğil Mh.,3+1,29000.0
MamakHarman Mah.,6+1,35000.0
HüseyingaziEkin Mah.,3+1,25500.0
MamakDerbent Mah.,3+1,18500.0
AkdereKazım Orbay Mh.,2+1,17750.0
BoğaziçiCengizhan Mah.,3.5+1,55000.0
MamakAltınevler Mh.,2+1,27500.0
AkdereGeneral Zeki Doğan Mh.,2+1,26000.0
GülverenGülveren Mh.,2+1,25000.0
AbidinpaşaAbidinpaşa Mh.,2+1,33000.0
BoğaziçiYeşilbayır Mh.,3+1,30000.0
MamakZirvekent Mh.,2+1,13000.0
AbidinpaşaAbidinpaşa Mh.,3+1,30000.0
MamakZirvekent Mh.,2+1,12750.0
BoğaziçiYeşilbayır Mh.,3+1,20000.0
AbidinpaşaAbidinpaşa Mh.,1+1,24000.0
BoğaziçiBoğaziçi Mh.,2+1,18750.0
MisketDutluk Mah.,3+1,26000.0
DemirlibahçeDemirlibahçe Mh.,1+1,35000.0
MamakBalkiraz Mah.,3+1,32000.0
BoğaziçiCengizhan Mah.,3+1,25000.0
BoğaziçiAkşemsettin Mh.,3+1,43000.0
BoğaziçiEge Mah.,2+1,30000.0
MamakKaraağaç Mh.,2+1,25000.0
BoğaziçiEge Mah.,2+1,45000.0
MamakZirvekent Mh.,2+1,14000.0
AkdereGeneral Zeki Doğan Mh.,1+1,25500.0
BoğaziçiŞahap Gürler Mh.,3+1,20000.0
GülverenHürel Mh.,3+1,32000.0
AbidinpaşaAbidinpaşa Mh.,3+1,16000.0
MisketÇağlayan Mh.,3+1,37500.0
BoğaziçiYeşilbayır Mh.,3+1,26000.0
BoğaziçiDurali Alıç Mh.,2+1,18500.0
KayaşÜreğil Mh.,2+1,23750.0
BoğaziçiAkşemsettin Mh.,3+1,25000.0
BoğaziçiDurali Alıç Mh.,3+1,23000.0
AkdereKutlu Mah.,3+1,20000.0
HüseyingaziBostancık Mh.,3+1,21500.0
GülverenDiriliş Mh.,3+1,28450.0
AkdereKutlu Mah.,3+1,21000.0
AkdereKutlu Mah.,3+1,20000.0
MisketŞahintepe Mh.,3+1,18500.0
MamakAltınevler Mh.,1+1,31000.0
AkdereMutlu Mah.,3+1,24000.0
BoğaziçiAkşemsettin Mh.,2+1,30000.0
MamakAltıağaç Mh.,3+1,26000.0
BoğaziçiYeni Bayındır Mh.,4+1,30000.0
AkdereMutlu Mah.,2+1,22000.0
MamakHüseyingazi Mh.,2+1,22000.0
AkdereKazım Orbay Mh.,3+1,24000.0
MisketŞahintepe Mh.,4+1,18750.0
MisketŞahintepe Mh.,3+1,24500.0
BoğaziçiAkşemsettin Mh.,2+1,27000.0
MisketŞahintepe Mh.,2+1,20000.0
MisketŞirintepe Mh.,3+1,30000.0
MamakAltıağaç Mh.,3+1,25000.0
MamakBahçeleriçi Mh.,2+1,17350.0
AkdereTürközü Mh.,3+1,25500.0
AbidinpaşaAbidinpaşa Mh.,2+1,17500.0
BoğaziçiYeşilbayır Mh.,3+1,19900.0
BoğaziçiDurali Alıç Mh.,3+1,21750.0
BoğaziçiŞahap Gürler Mh.,3+1,20000.0
BoğaziçiDurali Alıç Mh.,3+1,35000.0
AbidinpaşaAbidinpaşa Mh.,3+1,20500.0
BoğaziçiCengizhan Mah.,3+1,23000.0
AkdereGeneral Zeki Doğan Mh.,3+1,22000.0
BoğaziçiFahri Korutürk Mh.,3+1,28000.0
MamakBalkiraz Mah.,2+1,33000.0
AkdereGeneral Zeki Doğan Mh.,3+1,25000.0
DemirlibahçeDemirlibahçe Mh.,3+1,21000.0
BoğaziçiKüçük Kayaş Mh.,3+1,16500.0
AbidinpaşaAbidinpaşa Mh.,3+1,21000.0
BoğaziçiAkşemsettin Mh.,2+1,30000.0
BoğaziçiDurali Alıç Mh.,3+1,24500.0
MamakKusunlar Mah.,2+1,15000.0
DemirlibahçeŞafaktepe Mh.,1+1,30000.0
MisketÇağlayan Mh.,3+1,26000.0
KayaşÜreğil Mh.,4+1,45000.0
MisketTuzluçayır Mh.,3+1,27000.0
DemirlibahçeDemirlibahçe Mh.,1+1,25000.0
MamakDerbent Mah.,3+1,30000.0
AbidinpaşaAşık Veysel Mh.,3+1,23500.0
MisketŞahintepe Mh.,2+1,22500.0
GülverenDiriliş Mh.,1+1,27000.0
BoğaziçiDurali Alıç Mh.,3+1,26750.0
BoğaziçiDurali Alıç Mh.,3+1,25000.0
Akdere,3+1,20000.0
AbidinpaşaAbidinpaşa Mh.,2+1,30000.0
GülverenGülveren Mh.,2+1,12000.0
GülverenHürel Mh.,2+1,20500.0
AkdereMutlu Mah.,3+1,35000.0
BoğaziçiAkşemsettin Mh.,3+1,33900.0
BoğaziçiKüçük Kayaş Mh.,3+1,23500.0
BoğaziçiYeni Bayındır Mh.,3+1,15000.0
GülverenGülveren Mh.,2+1,25000.0
MamakBahçeleriçi Mh.,2+1,18500.0
MamakHüseyingazi Mh.,3+1,18000.0
BoğaziçiKüçük Kayaş Mh.,3+1,25000.0
DemirlibahçeDemirlibahçe Mh.,3+1,18500.0
AkdereMutlu Mah.,2+1,20500.0
MamakZirvekent Mh.,2+1,12500.0
GülverenDiriliş Mh.,3+1,26000.0
HüseyingaziEkin Mah.,3+1,32000.0
AkdereGeneral Zeki Doğan Mh.,3+1,22000.0
HüseyingaziEkin Mah.,3+1,25000.0
GülverenDiriliş Mh.,2+1,26000.0
GülverenDiriliş Mh.,2+1,27000.0
AbidinpaşaAşık Veysel Mh.,3+1,28000.0
BoğaziçiBoğaziçi Mh.,2+1,18500.0
BoğaziçiEge Mah.,1+1,20500.0
DemirlibahçeŞafaktepe Mh.,1+1,30000.0
MisketŞahintepe Mh.,3+1,18500.0
GülverenDiriliş Mh.,3+1,29500.0
AkdereGeneral Zeki Doğan Mh.,3+1,24000.0
BoğaziçiFahri Korutürk Mh.,3+1,22500.0
MamakBalkiraz Mah.,2+1,27000.0
AkdereMutlu Mah.,3+1,17000.0
BoğaziçiDurali Alıç Mh.,3+1,25000.0
BoğaziçiAkşemsettin Mh.,2+1,24750.0
DemirlibahçeDemirlibahçe Mh.,3+1,31000.0
MisketÇağlayan Mh.,3+1,24000.0
BoğaziçiŞahap Gürler Mh.,3+1,28000.0
BoğaziçiYeşilbayır Mh.,2+1,18000.0
BoğaziçiŞahap Gürler Mh.,4+1,34000.0
BoğaziçiEge Mah.,3+1,36000.0
AkdereGeneral Zeki Doğan Mh.,2+1,27000.0
Misket,3+1,20500.0
MisketTuzluçayır Mh.,5+1,42000.0
BoğaziçiYeni Bayındır Mh.,3+1,25000.0
Misket,3+1,28000.0
AkdereTürközü Mh.,4+1,25000.0
GülverenBahçelerüstü Mh.,3+1,20000.0
BoğaziçiAkşemsettin Mh.,3+1,28000.0
MamakZirvekent Mh.,1+1,8500.0
GülverenDiriliş Mh.,3+1,18000.0
AkdereGeneral Zeki Doğan Mh.,3+1,45000.0
AbidinpaşaAbidinpaşa Mh.,2+1,18000.0
DemirlibahçeDemirlibahçe Mh.,Stüdyo (1+0),12500.0
BoğaziçiKüçük Kayaş Mh.,3+1,21000.0
GülverenBahçelerüstü Mh.,3+1,20000.0
Misket,3.5+1,20000.0
MamakKaraağaç Mh.,3+1,24500.0
BoğaziçiDurali Alıç Mh.,3+1,24500.0
DemirlibahçeŞafaktepe Mh.,3+1,23000.0
AkdereMutlu Mah.,3+1,24500.0
BoğaziçiEge Mah.,2+1,21000.0
BoğaziçiYeni Bayındır Mh.,3+1,22750.0
MamakZirvekent Mh.,1+1,11000.0
BoğaziçiYeşilbayır Mh.,4+1,37000.0
MamakZirvekent Mh.,2+1,13500.0
MisketŞirintepe Mh.,3+1,22000.0
MamakAltınevler Mh.,3+1,26000.0
BoğaziçiFahri Korutürk Mh.,3+1,22000.0
MisketDutluk Mah.,3+1,25000.0
BoğaziçiKüçük Kayaş Mh.,3+1,14000.0
BoğaziçiAkşemsettin Mh.,3.5+1,40000.0
BoğaziçiEge Mah.,1+1,35000.0
MamakZirvekent Mh.,1+1,15500.0
BoğaziçiDurali Alıç Mh.,3+1,20000.0
BoğaziçiKüçük Kayaş Mh.,2+1,20500.0
GülverenHürel Mh.,2+1,18000.0
AbidinpaşaAbidinpaşa Mh.,2+1,24000.0
AkdereMutlu Mah.,2+1,30000.0
HüseyingaziEkin Mah.,3+1,25000.0
AkdereGeneral Zeki Doğan Mh.,3+1,20000.0
DemirlibahçeŞafaktepe Mh.,2+1,16000.0
MisketTuzluçayır Mh.,3+1,30000.0
BoğaziçiFahri Korutürk Mh.,3+1,22000.0
MisketŞahintepe Mh.,3+1,25000.0
MamakZirvekent Mh.,2+1,15000.0
BoğaziçiDurali Alıç Mh.,2+1,24500.0
BoğaziçiFahri Korutürk Mh.,3+1,20000.0
HüseyingaziBaşak Mh.,3+1,20000.0
BoğaziçiYeni Bayındır Mh.,3+1,28500.0
DemirlibahçeDemirlibahçe Mh.,2+1,27500.0
MamakKayaş Mh.,2+1,16000.0
MamakZirvekent Mh.,1+1,14000.0
AbidinpaşaAbidinpaşa Mh.,3+1,25000.0
BoğaziçiFahri Korutürk Mh.,2+1,18000.0
BoğaziçiBoğaziçi Mh.,4+1,25000.0
DemirlibahçeDemirlibahçe Mh.,3+1,22500.0
AkdereGeneral Zeki Doğan Mh.,3+1,23000.0
HüseyingaziEkin Mah.,3+1,18500.0
KayaşÜreğil Mh.,2+1,26000.0
BoğaziçiDurali Alıç Mh.,3+1,23000.0
BoğaziçiDurali Alıç Mh.,3+1,55000.0
KayaşAraplar Mah.,3+1,22000.0
BoğaziçiDurali Alıç Mh.,3+1,35000.0
BoğaziçiEge Mah.,2+1,31000.0
AbidinpaşaSaimekadın Mh.,2+1,17000.0
BoğaziçiBoğaziçi Mh.,2+1,17000.0
BoğaziçiCengizhan Mah.,3+1,19500.0
AkdereGeneral Zeki Doğan Mh.,2+1,18500.0
BoğaziçiYeşilbayır Mh.,3+1,25000.0
AkdereGeneral Zeki Doğan Mh.,3+1,25000.0
BoğaziçiBoğaziçi Mh.,3+1,22250.0
GülverenGülveren Mh.,2+1,16000.0
BoğaziçiYeni Bayındır Mh.,3+1,21000.0
HüseyingaziBaşak Mh.,3+1,20900.0
GülverenDiriliş Mh.,3+1,22000.0
BoğaziçiAkşemsettin Mh.,3+1,24500.0
AbidinpaşaAşık Veysel Mh.,3+1,17000.0
BoğaziçiDurali Alıç Mh.,3+1,25750.0
BoğaziçiYeşilbayır Mh.,3+1,20000.0
AkdereMutlu Mah.,4+1,36000.0
BoğaziçiKüçük Kayaş Mh.,3+1,11000.0
BoğaziçiDurali Alıç Mh.,3+1,25500.0
GülverenGülveren Mh.,3+1,20000.0
Misket,1+1,26000.0
MamakAltıağaç Mh.,1+1,26000.0
AbidinpaşaSaimekadın Mh.,2+1,20000.0
AkdereKutlu Mah.,3+1,25000.0
BoğaziçiEge Mah.,1+1,35000.0
BoğaziçiDurali Alıç Mh.,3+1,50000.0
MamakHüseyingazi Mh.,1+1,20000.0
BoğaziçiŞahap Gürler Mh.,3+1,19000.0
MamakZirvekent Mh.,1+1,13000.0
Akdere,3+1,30000.0
MamakZirvekent Mh.,2+1,16500.0
DemirlibahçeŞafaktepe Mh.,3.5+1,39000.0
AbidinpaşaAbidinpaşa Mh.,2+1,23500.0
BoğaziçiKüçük Kayaş Mh.,3+1,22000.0
BoğaziçiEge Mah.,4+1,45000.0
BoğaziçiCengizhan Mah.,3+1,35000.0
MamakBahçeleriçi Mh.,3+1,20000.0
MisketÇağlayan Mh.,3+1,28500.0
AkdereGeneral Zeki Doğan Mh.,2+1,25000.0
AbidinpaşaAbidinpaşa Mh.,3+1,17500.0
MamakHüseyingazi Mh.,2+1,16000.0
BoğaziçiAkşemsettin Mh.,3+1,20500.0
MisketŞahintepe Mh.,3+1,24000.0
BoğaziçiFahri Korutürk Mh.,3+1,16500.0
BoğaziçiCengizhan Mah.,3+1,25000.0
AkdereMutlu Mah.,2+1,27000.0
MisketTuzluçayır Mh.,3+1,45000.0
BoğaziçiEge Mah.,3+1,36000.0
BoğaziçiDurali Alıç Mh.,2+1,19800.0
BoğaziçiAkşemsettin Mh.,3+1,23000.0
BoğaziçiFahri Korutürk Mh.,3+1,22000.0
MamakBalkiraz Mah.,3+1,23500.0
GülverenHürel Mh.,2+1,21000.0
BoğaziçiCengizhan Mah.,2+1,40000.0
MisketMehtap Mah.,3+1,25000.0
BoğaziçiCengizhan Mah.,3+1,28100.0
BoğaziçiKüçük Kayaş Mh.,2+1,15500.0
BoğaziçiAkşemsettin Mh.,4+1,35000.0
BoğaziçiFahri Korutürk Mh.,3+1,25000.0
BoğaziçiYeşilbayır Mh.,2+1,16750.0
Misket,3+1,7500.0
AkdereGeneral Zeki Doğan Mh.,1+1,27000.0
AkdereMutlu Mah.,3+1,30000.0
AbidinpaşaAşık Veysel Mh.,3+1,31000.0
AkdereKutlu Mah.,3+1,23000.0
MamakAltıağaç Mh.,1+1,25000.0
Akdere,3+1,20500.0
MamakKartaltepe Mah.,3+1,32000.0
BoğaziçiFahri Korutürk Mh.,3+1,27500.0
BoğaziçiFahri Korutürk Mh.,3+1,24000.0
AkdereGeneral Zeki Doğan Mh.,1+1,26500.0
BoğaziçiDurali Alıç Mh.,3+1,28000.0
BoğaziçiDurali Alıç Mh.,2+1,21000.0
BoğaziçiCengizhan Mah.,1+1,30000.0
KayaşÜreğil Mh.,3+1,35000.0
AkdereMutlu Mah.,1+1,18000.0
BoğaziçiDurali Alıç Mh.,3+1,25000.0
AkdereMutlu Mah.,3+1,19750.0
BoğaziçiCengizhan Mah.,3+1,25750.0
MamakZirvekent Mh.,2+1,15000.0
AkdereGeneral Zeki Doğan Mh.,2+1,22000.0
GülverenDiriliş Mh.,3+1,23000.0
AbidinpaşaAşık Veysel Mh.,2+1,20000.0
DemirlibahçeDemirlibahçe Mh.,3+1,22000.0
BoğaziçiDurali Alıç Mh.,3+1,20000.0
AkdereMutlu Mah.,2+1,18500.0
HüseyingaziEkin Mah.,3+1,23000.0
AkdereMutlu Mah.,3+1,20500.0
AbidinpaşaAbidinpaşa Mh.,3+1,26500.0
HüseyingaziBostancık Mh.,3+1,16900.0
AbidinpaşaSaimekadın Mh.,2+1,23000.0
MisketTuzluçayır Mh.,2+1,18000.0
BoğaziçiKüçük Kayaş Mh.,3+1,11000.0
BoğaziçiKüçük Kayaş Mh.,4+1,27000.0
HüseyingaziBostancık Mh.,3+1,17100.0
MamakZirvekent Mh.,1+1,13000.0
AkdereTürközü Mh.,2+1,23000.0
AbidinpaşaAbidinpaşa Mh.,3+1,22000.0
MamakBalkiraz Mah.,3+1,18500.0
BoğaziçiFahri Korutürk Mh.,2+1,16000.0
BoğaziçiKüçük Kayaş Mh.,1+1,26500.0
AkdereGeneral Zeki Doğan Mh.,3+1,18500.0
AbidinpaşaAbidinpaşa Mh.,2+1,26000.0
BoğaziçiCengizhan Mah.,3+1,18000.0
BoğaziçiCengizhan Mah.,3+1,30000.0
BoğaziçiAkşemsettin Mh.,3+1,41000.0
BoğaziçiAkşemsettin Mh.,3+1,42000.0
MamakBalkiraz Mah.,3+1,23000.0
GülverenDiriliş Mh.,3+1,25000.0
BoğaziçiFahri Korutürk Mh.,3+1,17700.0
AbidinpaşaAşık Veysel Mh.,3+1,23000.0
BoğaziçiCengizhan Mah.,2+1,46000.0
BoğaziçiYeşilbayır Mh.,5+1,31000.0
BoğaziçiŞahap Gürler Mh.,3+1,24000.0
BoğaziçiFahri Korutürk Mh.,3+1,28500.0
AbidinpaşaSaimekadın Mh.,2+1,19000.0
MisketŞahintepe Mh.,3+1,21000.0
BoğaziçiDurali Alıç Mh.,3+1,21000.0
MamakBalkiraz Mah.,3+1,25500.0
AbidinpaşaAbidinpaşa Mh.,3+1,21000.0
BoğaziçiDurali Alıç Mh.,3+1,24000.0
AkdereGeneral Zeki Doğan Mh.,3+1,26000.0
MamakDerbent Mah.,3+1,26000.0
BoğaziçiEge Mah.,3+1,39000.0
BoğaziçiAkşemsettin Mh.,3.5+1,30000.0
BoğaziçiBoğaziçi Mh.,3+1,28000.0
BoğaziçiCengizhan Mah.,3+1,22000.0
BoğaziçiBoğaziçi Mh.,3+1,18750.0
AbidinpaşaSaimekadın Mh.,3+1,23000.0
GülverenGülveren Mh.,3+1,22000.0
DemirlibahçeDemirlibahçe Mh.,2+1,31250.0
AkdereKazım Orbay Mh.,3+1,17000.0
MisketŞahintepe Mh.,3+1,20000.0
HüseyingaziBaşak Mh.,3+1,20500.0
GülverenDiriliş Mh.,2+1,26500.0
MamakHarman Mah.,3+1,19000.0
AkdereGeneral Zeki Doğan Mh.,3+1,24750.0
AkdereMutlu Mah.,1+1,23000.0
MisketMehtap Mah.,2+1,23000.0
BoğaziçiDurali Alıç Mh.,3+1,30000.0
DemirlibahçeDemirlibahçe Mh.,2+1,17500.0
GülverenHürel Mh.,3+1,23000.0
KayaşAraplar Mah.,3+1,20000.0
BoğaziçiFahri Korutürk Mh.,3+1,17000.0
BoğaziçiAkşemsettin Mh.,3.5+1,41500.0
MisketTuzluçayır Mh.,3+1,21000.0
BoğaziçiAkşemsettin Mh.,3+1,24500.0
BoğaziçiFahri Korutürk Mh.,2+1,21000.0
BoğaziçiAkşemsettin Mh.,4+1,55000.0
AbidinpaşaAbidinpaşa Mh.,3+1,20000.0
BoğaziçiDurali Alıç Mh.,3+1,18250.0
GülverenGülveren Mh.,1+1,13000.0
MamakBalkiraz Mah.,2+1,23000.0
MamakBalkiraz Mah.,3+1,23000.0
AbidinpaşaAbidinpaşa Mh.,1+1,28500.0
BoğaziçiŞahap Gürler Mh.,2+1,16000.0
Misket,2+1,35000.0
MamakAltıağaç Mh.,2+1,20000.0
AkderePeyami Safa Mh.,3+1,22000.0
AbidinpaşaSaimekadın Mh.,3+1,23000.0
BoğaziçiKüçük Kayaş Mh.,3+1,20000.0
AkdereMutlu Mah.,3+1,18500.0
BoğaziçiAkşemsettin Mh.,3+1,32000.0
HüseyingaziEkin Mah.,2+1,15000.0
MamakBahçeleriçi Mh.,3+1,25000.0
BoğaziçiŞahap Gürler Mh.,2+1,15000.0
AkdereKazım Orbay Mh.,3+1,18000.0
MamakBalkiraz Mah.,3+1,23000.0
MamakZirvekent Mh.,1+1,12000.0
BoğaziçiEge Mah.,1+1,23000.0
AkdereGeneral Zeki Doğan Mh.,3+1,21000.0
KayaşÜreğil Mh.,4.5+1,36000.0
MisketŞahintepe Mh.,3+1,20000.0
MisketŞahintepe Mh.,2+1,15500.0
MamakZirvekent Mh.,1+1,13500.0
AkdereGeneral Zeki Doğan Mh.,3+1,20500.0
BoğaziçiŞahap Gürler Mh.,3.5+1,18450.0
AkdereKutlu Mah.,3+1,23000.0
HüseyingaziBaşak Mh.,3+1,15000.0
Misket,3+1,26000.0
BoğaziçiCengizhan Mah.,1+1,24500.0
HüseyingaziBaşak Mh.,3+1,20000.0
AkdereKazım Orbay Mh.,3+1,25000.0
HüseyingaziBaşak Mh.,3+1,22500.0
BoğaziçiDurali Alıç Mh.,3+1,9500.0
BoğaziçiDurali Alıç Mh.,3+1,25000.0
AbidinpaşaAbidinpaşa Mh.,3+1,24000.0
AkdereTürközü Mh.,3+1,24500.0
BoğaziçiCengizhan Mah.,3+1,23000.0
MamakKartaltepe Mah.,3+1,27000.0
AbidinpaşaAbidinpaşa Mh.,3+1,22500.0
Misket,1+1,23000.0
BoğaziçiCengizhan Mah.,3+1,22000.0
GülverenHürel Mh.,4+1,46000.0
AbidinpaşaAşık Veysel Mh.,3+1,25000.0
AkdereKazım Orbay Mh.,3+1,25000.0
MamakZirvekent Mh.,1+1,14000.0
GülverenBahçelerüstü Mh.,3+1,23000.0
MamakKarşıyaka Mh.,2+1,12000.0
BoğaziçiCengizhan Mah.,3+1,33000.0
HüseyingaziEkin Mah.,3+1,18250.0
BoğaziçiFahri Korutürk Mh.,3+1,20499.0
AbidinpaşaSaimekadın Mh.,3+1,25000.0
BoğaziçiBoğaziçi Mh.,3+1,20750.0
GülverenDiriliş Mh.,3+1,25000.0
AkdereGeneral Zeki Doğan Mh.,3+1,25000.0
BoğaziçiFahri Korutürk Mh.,3+1,25000.0
MisketMehtap Mah.,3+1,25000.0
BoğaziçiFahri Korutürk Mh.,3+1,30000.0
HüseyingaziBostancık Mh.,2+1,17000.0
MamakBalkiraz Mah.,3+1,24000.0
DemirlibahçeDemirlibahçe Mh.,2+1,25000.0
AkdereKutlu Mah.,3+1,21000.0
AkdereGeneral Zeki Doğan Mh.,3+1,27000.0
BoğaziçiAkşemsettin Mh.,3+1,45000.0
Akdere,3+1,21000.0
BoğaziçiAkşemsettin Mh.,2+1,20000.0
BoğaziçiEge Mah.,1+1,34000.0
DemirlibahçeDemirlibahçe Mh.,1+1,32000.0
BoğaziçiBoğaziçi Mh.,3+1,17500.0
MamakZirvekent Mh.,1+1,13000.0
AkdereGeneral Zeki Doğan Mh.,3+1,20000.0
BoğaziçiEge Mah.,2+1,28000.0
BoğaziçiEge Mah.,1+1,29000.0
AkdereGeneral Zeki Doğan Mh.,3+1,19500.0
MamakBalkiraz Mah.,3+1,23000.0
MamakAltıağaç Mh.,3+1,25000.0
MamakAltınevler Mh.,3+1,24500.0
MamakAltınevler Mh.,3+1,46000.0
MamakBalkiraz Mah.,3+1,26000.0
HüseyingaziBaşak Mh.,3+1,16250.0
AkdereGeneral Zeki Doğan Mh.,2+1,16500.0
MamakAltınevler Mh.,2+1,24000.0
DemirlibahçeŞafaktepe Mh.,2+1,17500.0
BoğaziçiKüçük Kayaş Mh.,2+1,18000.0
BoğaziçiKüçük Kayaş Mh.,3+1,22000.0
BoğaziçiAkşemsettin Mh.,2+1,25750.0
AkderePeyami Safa Mh.,4+1,24000.0
DemirlibahçeDemirlibahçe Mh.,3+1,23000.0
GülverenBahçelerüstü Mh.,3+1,21000.0
BoğaziçiYeşilbayır Mh.,2+1,13500.0
MamakKaraağaç Mh.,3+1,17500.0
BoğaziçiYeni Bayındır Mh.,4+1,25000.0
HüseyingaziBostancık Mh.,2+1,22000.0
BoğaziçiKüçük Kayaş Mh.,3+1,25000.0
BoğaziçiAkşemsettin Mh.,3+1,32500.0
GülverenDiriliş Mh.,3+1,30000.0
BoğaziçiDurali Alıç Mh.,3+1,29000.0
MamakLalahan Mah.,3+1,23500.0
BoğaziçiAkşemsettin Mh.,2+1,35000.0
GülverenBahçelerüstü Mh.,3+1,19500.0
MisketŞahintepe Mh.,3+1,32200.0
BoğaziçiAkşemsettin Mh.,3+1,25000.0
BoğaziçiEge Mah.,3+2,40000.0
BoğaziçiCengizhan Mah.,3+1,25000.0
AkdereGeneral Zeki Doğan Mh.,3+1,23000.0
AkdereGeneral Zeki Doğan Mh.,3+1,23000.0
BoğaziçiDurali Alıç Mh.,3+1,24500.0
MamakBalkiraz Mah.,2+1,25000.0
BoğaziçiCengizhan Mah.,3+1,48000.0
AkdereGeneral Zeki Doğan Mh.,2+1,18000.0
BoğaziçiAkşemsettin Mh.,3+1,37500.0
MamakZirvekent Mh.,2+1,17000.0
AkdereGeneral Zeki Doğan Mh.,3+1,25000.0
MamakBahçeleriçi Mh.,3+1,25000.0
MamakZirvekent Mh.,2+1,17000.0
BoğaziçiFahri Korutürk Mh.,4+2,28000.0
GülverenBahçelerüstü Mh.,4+1,16500.0
MamakBalkiraz Mah.,3+1,26000.0
MamakKayaş Mh.,2+1,20000.0
DemirlibahçeDemirlibahçe Mh.,2+1,23000.0
MamakAltınevler Mh.,3+1,27000.0
DemirlibahçeDemirlibahçe Mh.,2+1,35000.0
AbidinpaşaSaimekadın Mh.,3+1,13500.0
AkdereGeneral Zeki Doğan Mh.,2+1,30000.0
AbidinpaşaSaimekadın Mh.,3+1,17500.0
AkdereKazım Orbay Mh.,3+1,15500.0
MamakBahçeleriçi Mh.,3+1,21000.0
BoğaziçiCengizhan Mah.,2+1,19500.0
MisketŞirintepe Mh.,3+1,20000.0
BoğaziçiEge Mah.,1+1,22500.0
Misket,1+1,26500.0
MisketTuzluçayır Mh.,3+1,20000.0
BoğaziçiDurali Alıç Mh.,3+1,21000.0
GülverenDiriliş Mh.,2+1,22500.0
DemirlibahçeŞafaktepe Mh.,2+1,15500.0
AkdereGeneral Zeki Doğan Mh.,3+1,24000.0
MisketŞahintepe Mh.,2+1,21000.0
AbidinpaşaAşık Veysel Mh.,3+1,22000.0
BoğaziçiDurali Alıç Mh.,3+1,18000.0
AkdereGeneral Zeki Doğan Mh.,3+1,26000.0
BoğaziçiKüçük Kayaş Mh.,3+1,17500.0
GülverenBahçelerüstü Mh.,2+1,24000.0
Misket,1+1,28000.0
BoğaziçiAkşemsettin Mh.,3.5+1,40000.0
DemirlibahçeŞafaktepe Mh.,2+1,19500.0
GülverenDiriliş Mh.,3+1,23500.0
MisketTuzluçayır Mh.,3+1,25000.0
MamakKayaş Mh.,1+1,18000.0
MamakKaraağaç Mh.,3+1,25000.0
MamakAltıağaç Mh.,2+1,23500.0
AkdereKazım Orbay Mh.,2+1,15000.0
BoğaziçiCengizhan Mah.,4+1,27000.0
HüseyingaziEkin Mah.,3+1,22000.0
AkdereKazım Orbay Mh.,2+1,15000.0
AbidinpaşaSaimekadın Mh.,3+1,23000.0
Misket,3+1,34500.0
AbidinpaşaAşık Veysel Mh.,2+1,27000.0
MamakKaraağaç Mh.,3+1,22000.0
AkdereGeneral Zeki Doğan Mh.,2+1,15000.0
BoğaziçiEge Mah.,3+1,38000.0
DemirlibahçeŞafaktepe Mh.,3+1,21000.0
HüseyingaziEkin Mah.,3+1,22500.0
MisketTuzluçayır Mh.,3+1,35000.0
BoğaziçiDurali Alıç Mh.,3+1,30000.0
HüseyingaziEkin Mah.,2+1,17500.0
DemirlibahçeDemirlibahçe Mh.,3+1,26000.0
BoğaziçiCengizhan Mah.,3+1,23000.0
AbidinpaşaAşık Veysel Mh.,3+1,20000.0
MamakKartaltepe Mah.,3+1,30000.0
KayaşÜreğil Mh.,3+1,26000.0
MamakBalkiraz Mah.,2+1,19000.0
BoğaziçiDurali Alıç Mh.,3+1,32000.0
MamakAltıağaç Mh.,2+1,30000.0
DemirlibahçeDemirlibahçe Mh.,1+1,32500.0
AbidinpaşaAbidinpaşa Mh.,3+1,26000.0
BoğaziçiKüçük Kayaş Mh.,3+1,24000.0
KayaşÜreğil Mh.,1+1,22000.0
GülverenHürel Mh.,3+1,33000.0
AkdereKutlu Mah.,3+1,29500.0
MisketŞahintepe Mh.,3+1,23000.0
BoğaziçiEge Mah.,1+1,22800.0
AkdereTürközü Mh.,3+1,20250.0
BoğaziçiFahri Korutürk Mh.,3+1,25000.0
MisketŞahintepe Mh.,3+1,20000.0
BoğaziçiYeşilbayır Mh.,4+1,20000.0
GülverenHürel Mh.,4+1,41000.0
BoğaziçiDurali Alıç Mh.,3+1,28000.0
BoğaziçiCengizhan Mah.,2+1,19000.0
MamakBahçeleriçi Mh.,2+1,28000.0
AkderePeyami Safa Mh.,3+1,21000.0
BoğaziçiBoğaziçi Mh.,3+1,19500.0
DemirlibahçeDemirlibahçe Mh.,3+1,25000.0
KayaşÜreğil Mh.,3+1,30000.0
AbidinpaşaSaimekadın Mh.,3+1,25000.0
BoğaziçiCengizhan Mah.,3+1,18900.0
BoğaziçiCengizhan Mah.,4+1,27000.0
MamakDerbent Mah.,3+1,30000.0
AkdereGeneral Zeki Doğan Mh.,3+1,18000.0
BoğaziçiAkşemsettin Mh.,3+1,22500.0
BoğaziçiDurali Alıç Mh.,3+1,16000.0
MamakBalkiraz Mah.,3+1,22500.0
BoğaziçiDurali Alıç Mh.,2+1,18250.0
MamakAltıağaç Mh.,2+1,20500.0
BoğaziçiAkşemsettin Mh.,2+1,21000.0
BoğaziçiFahri Korutürk Mh.,3+1,16000.0
DemirlibahçeŞafaktepe Mh.,3+1,21000.0
BoğaziçiYeşilbayır Mh.,2+1,16500.0
BoğaziçiCengizhan Mah.,1+1,24000.0
BoğaziçiDurali Alıç Mh.,3+1,16500.0
BoğaziçiYeni Bayındır Mh.,4+1,35000.0
AbidinpaşaAşık Veysel Mh.,2+1,27000.0
MamakHüseyingazi Mh.,3+1,23000.0
BoğaziçiDurali Alıç Mh.,3+1,19000.0
BoğaziçiCengizhan Mah.,4+1,26000.0
Misket,4+1,25000.0
AkdereGeneral Zeki Doğan Mh.,2+1,26000.0
BoğaziçiDurali Alıç Mh.,3+1,25750.0
AkdereGeneral Zeki Doğan Mh.,2+1,16500.0
BoğaziçiCengizhan Mah.,3.5+1,59000.0
DemirlibahçeŞafaktepe Mh.,2+1,18900.0
BoğaziçiCengizhan Mah.,3+1,32000.0
BoğaziçiKüçük Kayaş Mh.,2+1,15000.0
MamakAltınevler Mh.,1+1,24000.0
BoğaziçiCengizhan Mah.,3+1,23000.0
BoğaziçiAkşemsettin Mh.,3.5+1,37000.0
GülverenBahçelerüstü Mh.,2+1,19000.0
GülverenDiriliş Mh.,3+1,25000.0
DemirlibahçeŞafaktepe Mh.,3+1,18000.0
MisketŞirintepe Mh.,3+1,25000.0
AkdereGeneral Zeki Doğan Mh.,2+1,20500.0
KayaşAraplar Mah.,3+1,25000.0
BoğaziçiAkşemsettin Mh.,2+1,21250.0
BoğaziçiDurali Alıç Mh.,3+1,23000.0
AbidinpaşaAbidinpaşa Mh.,3+1,19000.0
MisketŞahintepe Mh.,2+1,25000.0
BoğaziçiYeni Bayındır Mh.,3+1,20000.0
DemirlibahçeŞafaktepe Mh.,1+1,15000.0
BoğaziçiEge Mah.,3+1,40000.0
BoğaziçiAkşemsettin Mh.,3+1,18550.0
BoğaziçiFahri Korutürk Mh.,2+1,17500.0
BoğaziçiAkşemsettin Mh.,3.5+1,32000.0
BoğaziçiAkşemsettin Mh.,3+1,30000.0
MisketMehtap Mah.,3+1,21000.0
AkdereTürközü Mh.,6+1,55000.0
BoğaziçiŞahap Gürler Mh.,3+1,15000.0
BoğaziçiAkşemsettin Mh.,3+1,18000.0
MamakBalkiraz Mah.,3+1,20000.0
DemirlibahçeDemirlibahçe Mh.,3+1,19000.0
BoğaziçiEge Mah.,1+1,35000.0
BoğaziçiBoğaziçi Mh.,2+1,19000.0
MisketŞirintepe Mh.,3+1,20500.0
BoğaziçiDurali Alıç Mh.,3+1,27500.0
BoğaziçiYeşilbayır Mh.,2+1,18000.0
MamakŞehit Cengiz Topel Mh.,3+1,19000.0
MisketŞahintepe Mh.,3+1,28000.0
BoğaziçiDurali Alıç Mh.,3+1,35000.0
BoğaziçiDurali Alıç Mh.,2+1,20000.0
MamakKusunlar Mah.,2+1,18000.0
AkdereGeneral Zeki Doğan Mh.,3+1,41000.0
GülverenHürel Mh.,1+1,29500.0
AkdereGeneral Zeki Doğan Mh.,2+1,16000.0
MamakKartaltepe Mah.,3+1,24000.0
Akdere,3+1,18500.0
MisketŞirintepe Mh.,2+1,16500.0
BoğaziçiFahri Korutürk Mh.,3+1,22000.0
AkdereKutlu Mah.,3+1,19000.0
BoğaziçiAkşemsettin Mh.,4+1,30000.0
MamakBalkiraz Mah.,3+1,22500.0
AbidinpaşaAbidinpaşa Mh.,3+1,21000.0
BoğaziçiCengizhan Mah.,2+1,21000.0
BoğaziçiKüçük Kayaş Mh.,2+1,15500.0
AkdereGeneral Zeki Doğan Mh.,3+1,20000.0
BoğaziçiDurali Alıç Mh.,3+1,19000.0
AkdereTürközü Mh.,3+1,40000.0
GülverenDiriliş Mh.,2+1,23500.0
BoğaziçiEge Mah.,1+1,20500.0
BoğaziçiYeşilbayır Mh.,3+1,30000.0
MisketMehtap Mah.,3+1,23000.0
BoğaziçiCengizhan Mah.,2+1,24000.0
BoğaziçiAkşemsettin Mh.,2+1,30000.0
BoğaziçiAkşemsettin Mh.,4.5+1,51000.0
HüseyingaziEkin Mah.,2+1,23000.0
DemirlibahçeDemirlibahçe Mh.,3+1,20750.0
AkdereGeneral Zeki Doğan Mh.,2+1,25000.0
AbidinpaşaAbidinpaşa Mh.,1+1,20000.0
MamakZirvekent Mh.,1+1,12500.0
HüseyingaziEkin Mah.,3+1,21000.0
DemirlibahçeDemirlibahçe Mh.,2+1,23000.0
BoğaziçiAkşemsettin Mh.,3.5+1,34000.0
HüseyingaziEkin Mah.,3+1,18000.0
BoğaziçiDurali Alıç Mh.,3+1,25500.0
BoğaziçiEge Mah.,2+1,35000.0
AkdereGeneral Zeki Doğan Mh.,2+1,25000.0
AkderePeyami Safa Mh.,3+1,20000.0
AbidinpaşaAbidinpaşa Mh.,2+1,16000.0
AkdereKutlu Mah.,3+1,22000.0
BoğaziçiBoğaziçi Mh.,3+1,22000.0
BoğaziçiCengizhan Mah.,2+1,18500.0
AbidinpaşaAbidinpaşa Mh.,3+1,20000.0
GülverenDiriliş Mh.,2+1,21000.0
Misket,2+1,23000.0
MisketTuzluçayır Mh.,2+1,17500.0
MamakZirvekent Mh.,2+1,12000.0
BoğaziçiDurali Alıç Mh.,3+1,25000.0
AbidinpaşaAbidinpaşa Mh.,2+1,30000.0
HüseyingaziBaşak Mh.,3+1,20000.0
MamakKarşıyaka Mh.,3+1,50000.0
AkdereGeneral Zeki Doğan Mh.,3+1,21500.0
HüseyingaziBaşak Mh.,3+1,22000.0
BoğaziçiCengizhan Mah.,3+1,27500.0
BoğaziçiFahri Korutürk Mh.,3+1,21000.0
BoğaziçiYeni Bayındır Mh.,3+1,18000.0
AkdereTürközü Mh.,1+1,37000.0
MamakBalkiraz Mah.,3+1,20000.0
MisketMehtap Mah.,2+1,21000.0
AbidinpaşaSaimekadın Mh.,3+1,20000.0
BoğaziçiDurali Alıç Mh.,2+1,20500.0
BoğaziçiAkşemsettin Mh.,2+1,16000.0
GülverenHürel Mh.,3+1,19500.0
MisketMehtap Mah.,3+1,19000.0
BoğaziçiEge Mah.,2+1,39000.0
AkdereGeneral Zeki Doğan Mh.,2+1,29000.0
MisketŞahintepe Mh.,3+1,19500.0
Akdere,3+1,21000.0
MamakAltınevler Mh.,3+1,25000.0
BoğaziçiDurali Alıç Mh.,2+1,35000.0
BoğaziçiAkşemsettin Mh.,3.5+1,35000.0
AkdereGeneral Zeki Doğan Mh.,3+1,20500.0
AkdereGeneral Zeki Doğan Mh.,2+1,30000.0
BoğaziçiAkşemsettin Mh.,3+1,22500.0
AkdereGeneral Zeki Doğan Mh.,2+1,30000.0
BoğaziçiEge Mah.,4+1,43000.0
MamakBahçeleriçi Mh.,3+1,17000.0
BoğaziçiEge Mah.,2+1,29000.0
MisketTuzluçayır Mh.,2+1,17500.0
DemirlibahçeDemirlibahçe Mh.,2+1,30000.0
BoğaziçiDurali Alıç Mh.,2+1,25000.0
GülverenHürel Mh.,3+1,27000.0
MamakAltınevler Mh.,2+1,30000.0
BoğaziçiCengizhan Mah.,2+1,22000.0
BoğaziçiCengizhan Mah.,4+1,45000.0
MamakZirvekent Mh.,1+1,10000.0
BoğaziçiDurali Alıç Mh.,3+1,26000.0
BoğaziçiDurali Alıç Mh.,3+1,22500.0
AkdereGeneral Zeki Doğan Mh.,4+1,47000.0
BoğaziçiCengizhan Mah.,3+1,18500.0
MamakAltıağaç Mh.,4+1,35000.0
AbidinpaşaAbidinpaşa Mh.,3+1,23500.0
BoğaziçiDurali Alıç Mh.,3+1,27000.0
BoğaziçiCengizhan Mah.,4+1,45000.0
MisketŞahintepe Mh.,2+1,20000.0
DemirlibahçeDemirlibahçe Mh.,2+1,34500.0
MamakKaraağaç Mh.,3+1,20000.0
BoğaziçiYeşilbayır Mh.,3+1,29000.0
BoğaziçiAkşemsettin Mh.,2+1,43000.0
BoğaziçiDurali Alıç Mh.,3+1,22000.0
MamakZirvekent Mh.,1+1,10500.0
MisketTuzluçayır Mh.,3+1,21000.0
AkdereKutlu Mah.,3+1,28500.0
Misket,4+1,23500.0
BoğaziçiFahri Korutürk Mh.,3+1,22000.0
AkderePeyami Safa Mh.,3+1,20000.0
AkdereKutlu Mah.,3+1,28000.0
AkdereKutlu Mah.,3+1,16000.0
AbidinpaşaAşık Veysel Mh.,3+1,16500.0
MamakAltıağaç Mh.,3+1,26500.0
MamakAltıağaç Mh.,3+1,19000.0
BoğaziçiCengizhan Mah.,3.5+1,52000.0
DemirlibahçeDemirlibahçe Mh.,3+1,40000.0
GülverenHürel Mh.,3+1,26000.0
MamakAltınevler Mh.,3+1,26000.0
BoğaziçiAkşemsettin Mh.,2.5+1,26500.0
MamakZirvekent Mh.,2+1,17000.0
MamakKıbrısköy Mh.,3+1,29500.0
BoğaziçiCengizhan Mah.,3+1,30000.0
BoğaziçiCengizhan Mah.,2+1,19000.0
MamakZirvekent Mh.,2+1,12000.0
MamakBalkiraz Mah.,3+1,20500.0
AkdereKutlu Mah.,3+1,25000.0
MamakAltınevler Mh.,1+1,7000.0
AkdereKutlu Mah.,3+1,24500.0
BoğaziçiAkşemsettin Mh.,2+1,32000.0
DemirlibahçeDemirlibahçe Mh.,3+1,18000.0
AkdereTürközü Mh.,3+1,28000.0
HüseyingaziBaşak Mh.,3+1,16000.0
BoğaziçiCengizhan Mah.,2+1,18000.0
BoğaziçiEge Mah.,2+1,43000.0
MamakHüseyingazi Mh.,3+1,22000.0
MamakBalkiraz Mah.,3+1,23000.0
MisketTuzluçayır Mh.,2+1,16500.0
NallıhanFatih Mah.,3+1,15000.0
NallıhanAtatürk Mh.,3+1,18750.0
MerkezŞentepe Mh.,3+1,9500.0
Çarşıİstiklal Mh.,1+1,22500.0
ÇarşıGazi Mah.,3+1,19000.0
ÇarşıŞehitlik Mh.,1+1,19500.0
ÇarşıŞehitlik Mh.,3+1,21500.0
Çarşıİstiklal Mh.,2+1,27000.0
Çarşıİstiklal Mh.,2+1,21000.0
MerkezŞentepe Mh.,4+1,26000.0
MerkezŞentepe Mh.,3+1,23500.0
ÇarşıKurtuluş Mh.,3+1,23000.0
ÇarşıÇamlıca Mh.,4+1,21000.0
MerkezCumhuriyet Mah.,3+1,13000.0
Çarşıİstiklal Mh.,3.5+1,26000.0
ÇarşıGazi Mah.,4+1,19000.0
ÇarşıŞehitlik Mh.,2+1,19000.0
ÇarşıZafer Mah.,3+1,17000.0
MerkezŞentepe Mh.,3+1,16000.0
ÇarşıGazi Mah.,3+1,20000.0
ÇarşıŞehitlik Mh.,Stüdyo (1+0),15000.0
Çarşıİstiklal Mh.,3+1,25000.0
ÇarşıŞehitlik Mh.,4+1,25500.0
ÇarşıŞehitlik Mh.,3+1,12500.0
ÇarşıGazi Mah.,1+1,22000.0
ÇarşıŞehitlik Mh.,3+1,18000.0
Çarşıİstiklal Mh.,1+1,19000.0
MerkezŞentepe Mh.,3+1,14500.0
ÇarşıZafer Mah.,3+1,21000.0
ÇarşıMehmet Akif Mah.,3+1,17000.0
ÇarşıGazi Mah.,3+1,18000.0
MerkezŞentepe Mh.,3+1,24000.0
MerkezCumhuriyet Mah.,3+1,20000.0
ÇarşıFatih Mah.,3+1,18000.0
Çarşıİstiklal Mh.,3+1,19000.0
MerkezCumhuriyet Mah.,3+1,21000.0
MerkezŞentepe Mh.,3+1,17000.0
Çarşıİstiklal Mh.,2+1,17000.0
ÇarşıZafer Mah.,3+1,17500.0
ÇarşıŞehitlik Mh.,4+1,30000.0
MerkezŞentepe Mh.,2+1,20000.0
MerkezŞentepe Mh.,3+1,17750.0
Çarşıİstiklal Mh.,2+1,19000.0
ÇarşıMehmet Akif Mah.,3+1,16000.0
ÇarşıŞehitlik Mh.,4+1,29500.0
ÇarşıŞehitlik Mh.,3+1,23000.0
Çarşıİstiklal Mh.,4+1,23000.0
ÇarşıFatih Mah.,3+1,13000.0
ÇarşıZafer Mah.,3+1,18000.0
Çarşıİstiklal Mh.,2+1,20500.0
ÇarşıŞehitlik Mh.,4+1,22000.0
ÇarşıŞehitlik Mh.,2+1,19500.0
MerkezŞentepe Mh.,3+1,15500.0
Çarşıİstiklal Mh.,2+1,28000.0
ÇarşıKurtuluş Mh.,3+1,15000.0
ÇarşıŞehitlik Mh.,3+1,19000.0
KöylerBasrı Mh.,3+1,18000.0
Çarşıİstiklal Mh.,3+1,25000.0
ÇarşıŞehitlik Mh.,4+1,37000.0
MerkezŞentepe Mh.,3+1,20000.0
MerkezCumhuriyet Mah.,2+1,25000.0
MerkezCumhuriyet Mah.,3+1,15000.0
MerkezŞentepe Mh.,3+1,15000.0
Çarşıİstiklal Mh.,1+1,22500.0
ÇarşıFatih Mah.,3+1,22000.0
ÇarşıŞehitlik Mh.,1+1,22000.0
MerkezCumhuriyet Mah.,3+1,20000.0
ÇarşıMehmet Akif Mah.,2+1,21000.0
ÇarşıŞehitlik Mh.,4+1,40000.0
ÇarşıMehmet Akif Mah.,3+1,20000.0
MerkezYeni Mah.,2+1,15500.0
ÇarşıKurtuluş Mh.,3+1,21500.0
ÇarşıŞehitlik Mh.,1+1,26000.0
ÇarşıFatih Mah.,3+1,18000.0
Çarşıİstiklal Mh.,1+1,20000.0
MerkezŞentepe Mh.,1+1,16000.0
MerkezCumhuriyet Mah.,3+1,14500.0
ÇarşıŞehitlik Mh.,3+1,27500.0
ÇarşıGazi Mah.,4+1,34000.0
ÇarşıŞehitlik Mh.,2+1,22500.0
ÇarşıGazi Mah.,1+1,22000.0
Çarşıİstiklal Mh.,3+1,20000.0
MerkezCumhuriyet Mah.,2+1,24000.0
ÇarşıÇamlıca Mh.,3+1,12500.0
MerkezYeni Mah.,3+1,10000.0
MerkezCumhuriyet Mah.,2+1,13500.0
ÇarşıŞehitlik Mh.,4+1,31000.0
ÇarşıŞehitlik Mh.,3+1,16000.0
ÇarşıZafer Mah.,3+1,14500.0
ÇarşıŞehitlik Mh.,2+1,15500.0
ÇarşıŞehitlik Mh.,3+1,25000.0
Çarşıİstiklal Mh.,2+1,28000.0
ÇarşıFatih Mah.,3+1,18000.0
ÇarşıFatih Mah.,3+1,17500.0
MerkezYeni Mah.,3+1,12500.0
MerkezŞentepe Mh.,3+1,13500.0
MerkezŞentepe Mh.,3+1,25000.0
ÇarşıFatih Mah.,3+1,17000.0
ÇarşıGazi Mah.,3+1,22000.0
MerkezŞentepe Mh.,3+1,25000.0
ÇarşıMehmet Akif Mah.,3+1,20000.0
MerkezCumhuriyet Mah.,3+1,10000.0
MerkezCumhuriyet Mah.,3+1,18000.0
ÇarşıFatih Mah.,3+1,21000.0
ÇarşıGazi Mah.,3+1,23000.0
MerkezCumhuriyet Mah.,3+1,19000.0
MerkezCumhuriyet Mah.,2+1,23500.0
ÇarşıMehmet Akif Mah.,Stüdyo (1+0),25000.0
MerkezCumhuriyet Mah.,3+1,17000.0
ÇarşıGazi Mah.,1+1,25000.0
ÇarşıŞehitlik Mh.,4+1,38000.0
ÇarşıZafer Mah.,3+1,21500.0
ÇarşıŞehitlik Mh.,3+1,15500.0
ÇarşıŞehitlik Mh.,1+1,22000.0
MerkezŞentepe Mh.,3+1,10500.0
ÇarşıŞehitlik Mh.,3+1,21500.0
MerkezYeni Mah.,3+1,18000.0
ÇarşıŞehitlik Mh.,3+1,18000.0
ÇarşıZafer Mah.,3+1,18500.0
ÇarşıŞehitlik Mh.,3+1,21500.0
ÇarşıŞehitlik Mh.,3+1,20000.0
ÇarşıZafer Mah.,3.5+1,18500.0
MerkezYeni Mah.,3+1,15000.0
Çarşıİstiklal Mh.,2+1,19000.0
ÇarşıMehmet Akif Mah.,2+1,16000.0
ÇarşıFatih Mah.,3+1,17000.0
ÇarşıZafer Mah.,3+1,10000.0
ÇarşıŞehitlik Mh.,Stüdyo (1+0),18000.0
Çarşıİstiklal Mh.,Stüdyo (1+0),18000.0
ÇarşıMehmet Akif Mah.,2+1,19000.0
MerkezCumhuriyet Mah.,2+1,13500.0
Çarşıİstiklal Mh.,3+1,21000.0
ÇarşıZafer Mah.,3+1,13000.0
MerkezCumhuriyet Mah.,3+1,27000.0
MerkezCumhuriyet Mah.,3+1,15000.0
MerkezCumhuriyet Mah.,3+1,17500.0
ÇarşıMehmet Akif Mah.,2+1,17500.0
ÇarşıŞehitlik Mh.,4+1,31000.0
ÇarşıŞehitlik Mh.,3+1,18500.0
Çarşıİstiklal Mh.,3+1,16999.0
MerkezŞentepe Mh.,3+1,15500.0
ÇarşıŞehitlik Mh.,3+1,20500.0
ÇarşıŞehitlik Mh.,3+1,21000.0
ÇarşıZafer Mah.,3+1,14500.0
ÇarşıŞehitlik Mh.,4+1,27000.0
ÇarşıŞehitlik Mh.,3+1,20000.0
ÇarşıKurtuluş Mh.,3+1,11500.0
Çarşıİstiklal Mh.,1+1,25000.0
Çarşıİstiklal Mh.,2+1,20000.0
ÇarşıŞehitlik Mh.,3+1,20000.0
KöylerBasrı Mh.,3+1,25000.0
ÇarşıZafer Mah.,3+1,16500.0
ÇarşıZafer Mah.,3+1,12500.0
ÇarşıKurtuluş Mh.,3+1,22000.0
ÇarşıMehmet Akif Mah.,3+1,16000.0
MerkezŞentepe Mh.,3+1,25000.0
ÇarşıGazi Mah.,5+1,23000.0
MerkezCumhuriyet Mah.,3+1,18000.0
ÇarşıMehmet Akif Mah.,2+0,18000.0
ÇarşıGazi Mah.,3+1,18500.0
ÇarşıŞehitlik Mh.,3+1,18000.0
ÇarşıŞehitlik Mh.,1+1,20000.0
ÇarşıZafer Mah.,3+1,14500.0
ÇarşıŞehitlik Mh.,3+1,18000.0
Çarşıİstiklal Mh.,2+1,22000.0
ÇarşıZafer Mah.,3+1,18000.0
ÇarşıMehmet Akif Mah.,4+1,30000.0
Çarşıİstiklal Mh.,2+1,17500.0
MerkezŞentepe Mh.,3+1,13000.0
ÇarşıŞehitlik Mh.,3+1,10000.0
MerkezCumhuriyet Mah.,3+1,20000.0
Çarşıİstiklal Mh.,3+1,23000.0
ÇarşıŞehitlik Mh.,4+1,35000.0
Çarşıİstiklal Mh.,4+1,25750.0
MerkezŞentepe Mh.,3+1,21000.0
ÇarşıKurtuluş Mh.,3+1,35000.0
ÇarşıFatih Mah.,3+1,18500.0
Çarşıİstiklal Mh.,3+1,18500.0
MerkezYeni Mah.,3+1,18000.0
ÇarşıKurtuluş Mh.,2+1,11000.0
ÇarşıŞehitlik Mh.,3+1,22000.0
MerkezCumhuriyet Mah.,3+1,15000.0
Çarşıİstiklal Mh.,1+1,24000.0
MerkezŞentepe Mh.,3+1,22000.0
MerkezŞentepe Mh.,3+1,30000.0
ÇarşıKurtuluş Mh.,3+1,16500.0
ÇarşıŞehitlik Mh.,4+1,22000.0
MerkezŞentepe Mh.,3+1,17000.0
MerkezŞentepe Mh.,2+0,17250.0
ÇarşıFatih Mah.,3+1,18000.0
ÇarşıFatih Mah.,2+1,30000.0
ÇarşıZafer Mah.,3+1,15500.0
MerkezCumhuriyet Mah.,3+1,14500.0
ÇarşıZafer Mah.,3+1,22000.0
ÇarşıŞehitlik Mh.,3+1,21000.0
ÇarşıKurtuluş Mh.,3+1,23500.0
Çarşıİstiklal Mh.,2+1,19000.0
Çarşıİstiklal Mh.,3+1,23000.0
Çarşıİstiklal Mh.,1+1,19000.0
ÇarşıŞehitlik Mh.,4+1,25000.0
ÇarşıMehmet Akif Mah.,3+1,26500.0
MerkezCumhuriyet Mah.,3+1,21000.0
ÇarşıŞehitlik Mh.,2+1,33000.0
MerkezŞentepe Mh.,3+1,25000.0
Merkez,3+1,25000.0
MerkezSaray Cumhuriyet Mah.,Stüdyo (1+0),16000.0
MerkezSaray Cumhuriyet Mah.,3+1,20000.0
Merkez,2+1,22500.0
MerkezSaray Fatih Mah.,4+1,33500.0
MerkezMimar Sinan,4+1,45000.0
Merkez,3+1,25000.0
MerkezFatih Mah.,4+1,37900.0
MerkezFatih Mah.,3+1,19750.0
MerkezTevfik İleri Mh.,3+1,32000.0
MerkezAyyıldız Mh.,2+1,19000.0
MerkezFatih Mah.,4+1,40000.0
Merkez,3+1,19000.0
Merkez,3+1,17500.0
MerkezMimar Sinan,4+1,42000.0
MerkezMimar Sinan,2+1,20500.0
MerkezFatih Mah.,1+1,22500.0
Merkez,2+1,17000.0
Merkez,5+1,86000.0
MerkezFatih Mah.,3+1,35000.0
Merkez,3+1,21500.0
MerkezSaray Cumhuriyet Mah.,3+1,23000.0
Merkez,3+1,22000.0
MerkezSaray Fatih Mah.,4+1,26000.0
MerkezSaray Fatih Mah.,4+1,35000.0
MerkezSaray Osmangazi Mah.,1+1,20000.0
MerkezSaray Fatih Mah.,1+1,18000.0
MerkezSaray Fatih Mah.,3+1,27000.0
MerkezFatih Mah.,4+1,40000.0
MerkezFatih Mah.,3+1,14000.0
MerkezSaray Fatih Mah.,3+1,20000.0
MerkezFatih Mah.,3+1,23500.0
Merkez,3+1,22500.0
MerkezMimar Sinan,3+1,22000.0
MerkezSaray Fatih Mah.,2+1,21000.0
MerkezSaray Cumhuriyet Mah.,1+1,25500.0
MerkezFatih Mah.,3+1,25000.0
MerkezFatih Mah.,3+1,16000.0
MerkezFatih Mah.,4+1,22500.0
MerkezFatih Mah.,3+1,26000.0
MerkezFatih Mah.,3+1,20000.0
Merkez,5+2,35000.0
MerkezMimar Sinan,4+1,34000.0
MerkezSaray Cumhuriyet Mah.,1+1,21000.0
Merkez,3+1,20999.0
MerkezSaray Fatih Mah.,3+1,35000.0
MerkezMimar Sinan,4+1,40000.0
MerkezSaray Fatih Mah.,3+1,31500.0
MerkezMimar Sinan,4+1,23500.0
Merkez,3+1,25000.0
MerkezSaray Fatih Mah.,3+1,19500.0
MerkezSaray Fatih Mah.,2+1,23500.0
MerkezSaray Fatih Mah.,1+1,16500.0
MerkezMimar Sinan,4+1,51000.0
MerkezYunus Emre Mah.,3+1,22000.0
Merkez,3+1,23000.0
MerkezYunus Emre Mah.,3+1,31000.0
MerkezSaray Fatih Mah.,2+1,28000.0
AltınovaAltınova Mh.,3+1,19500.0
MerkezSaray Cumhuriyet Mah.,4+1,36000.0
MerkezFatih Mah.,1+1,20000.0
MerkezSaray Cumhuriyet Mah.,1+1,16000.0
MerkezYunus Emre Mah.,4+1,42000.0
MerkezYunus Emre Mah.,3+1,25000.0
MerkezMimar Sinan,2+1,25000.0
AltınovaAltınova Mh.,3+1,26000.0
Merkez,3+1,21000.0
MerkezMimar Sinan,3+1,22000.0
MerkezSaray Cumhuriyet Mah.,4+1,38000.0
MerkezMimar Sinan,3+1,21000.0
MerkezSaray Fatih Mah.,2.5+1,24000.0
MerkezFatih Mah.,3+1,25000.0
Merkez,3+1,20000.0
MerkezFatih Mah.,3+1,25000.0
MerkezMimar Sinan,4+1,45000.0
MerkezFatih Mah.,3+1,20000.0
MerkezFatih Mah.,3+1,21000.0
MerkezYunus Emre Mah.,4+1,36000.0
MerkezFatih Mah.,3+1,37000.0
MerkezMimar Sinan,Stüdyo (1+0),12000.0
Merkez,3+1,20000.0
MerkezFatih Mah.,2+1,20000.0
MerkezSaray Cumhuriyet Mah.,3+1,33000.0
MerkezFatih Mah.,3+1,21000.0
MerkezSaray Cumhuriyet Mah.,1+1,26500.0
Merkez,3+1,23000.0
MerkezMimar Sinan,4.5+1,42000.0
MerkezMimar Sinan,4+1,45000.0
MerkezMimar Sinan,4+1,39000.0
MerkezSaray Osmangazi Mah.,1+1,20000.0
Merkez,3+1,15000.0
MerkezSaray Cumhuriyet Mah.,4+1,35000.0
MerkezMimar Sinan,3+1,25000.0
Merkez,3+1,23000.0
MerkezFatih Mah.,3+1,18000.0
MerkezMimar Sinan,4+1,40000.0
MerkezSaray Fatih Mah.,3+1,19500.0
MerkezMimar Sinan,4+1,50000.0
MerkezSaray Cumhuriyet Mah.,4+1,39500.0
Merkez,1+1,26000.0
MerkezSaray Fatih Mah.,1+1,17000.0
MerkezSaray Fatih Mah.,3+1,35000.0
MerkezMimar Sinan,3+1,29000.0
MerkezFatih Mah.,3+1,21000.0
MerkezYunus Emre Mah.,3+1,35000.0
MerkezSaray Fatih Mah.,3+1,17000.0
MerkezSaray Fatih Mah.,3+1,31000.0
MerkezSaray Cumhuriyet Mah.,2+1,25900.0
MerkezFatih Mah.,3+1,22000.0
MerkezMimar Sinan,3+1,17000.0
MerkezSaray Fatih Mah.,3+1,26000.0
Merkez,2+1,25000.0
AltınovaAltınova Mh.,3+1,28000.0
MerkezFatih Mah.,3+1,21000.0
MerkezTevfik İleri Mh.,3+1,19500.0
MerkezSaray Fatih Mah.,4+1,33000.0
MerkezSaray Cumhuriyet Mah.,3+1,25000.0
MerkezMimar Sinan,4+1,48000.0
MerkezFatih Mah.,3+1,24000.0
MerkezMimar Sinan,3+1,26000.0
MerkezSaray Cumhuriyet Mah.,1+1,17000.0
MerkezFatih Mah.,3+1,24000.0
Merkez,3+1,24000.0
MerkezSaray Cumhuriyet Mah.,3+1,23000.0
AltınovaAltınova Mh.,3+1,20000.0
MerkezMimar Sinan,3+1,25000.0
AltınovaAltınova Mh.,3+1,18000.0
MerkezAyyıldız Mh.,2+1,20000.0
AltınovaAltınova Mh.,3+1,20000.0
Merkez,3+1,22000.0
MerkezMimar Sinan,3+1,16500.0
AltınovaAltınova Mh.,3+1,18500.0
MerkezSaray Osmangazi Mah.,1+1,23000.0
Merkez,3+1,25000.0
MerkezSaray Osmangazi Mah.,2+1,28500.0
MerkezSaray Osmangazi Mah.,1+1,16000.0
MerkezFatih Mah.,3+1,20500.0
MerkezMimar Sinan,4+1,45000.0
MerkezFatih Mah.,3+1,19000.0
Merkez,3+1,22500.0
MerkezTevfik İleri Mh.,4+1,39750.0
MerkezSaray Fatih Mah.,4+1,32000.0
Merkez,3+1,24000.0
MerkezSaray Fatih Mah.,3+1,33000.0
MerkezSaray Cumhuriyet Mah.,2+1,27000.0
MerkezMimar Sinan,4+1,36000.0
Merkez,3+1,21000.0
Merkez,3+1,21000.0
MerkezYunus Emre Mah.,3+1,28500.0
MerkezMimar Sinan,3+1,22000.0
MerkezMimar Sinan,3+1,18000.0
MerkezMimar Sinan,4+1,50000.0
MerkezFatih Mah.,4+1,32000.0
MerkezYunus Emre Mah.,3+1,31000.0
MerkezMimar Sinan,3+1,21000.0
Merkez,2+1,18000.0
MerkezYunus Emre Mah.,3+1,21000.0
AltınovaAltınova Mh.,4+1,18000.0
MerkezMimar Sinan,3+1,20000.0
Merkez,3+1,20000.0
Merkez,3+1,23000.0
MerkezMimar Sinan,2+1,19000.0
Merkez,2+1,38000.0
MerkezFatih Mah.,3+1,25000.0
Merkez,3+1,21500.0
Merkez,3+1,25000.0
Merkez,4.5+1,32000.0
AltınovaYıldırım Beyazıt Mh.,3+1,17000.0
MerkezMimar Sinan,3+1,19000.0
Merkez,3+1,16500.0
MerkezMimar Sinan,2+1,30000.0
MerkezSaray Fatih Mah.,3+1,23000.0
MerkezSaray Fatih Mah.,3+1,17000.0
MerkezTevfik İleri Mh.,3+1,38000.0
MerkezSaray Fatih Mah.,1+1,20000.0
MerkezFatih Mah.,3+1,23000.0
MerkezFatih Mah.,3+1,18000.0
MerkezYunus Emre Mah.,3+1,20000.0
MerkezTevfik İleri Mh.,3+1,31000.0
MerkezSaray Fatih Mah.,3+1,20950.0
MerkezTevfik İleri Mh.,3+1,21000.0
MerkezMimar Sinan,3+1,25000.0
MerkezFatih Mah.,3+1,19750.0
MerkezYunus Emre Mah.,4+1,45000.0
MerkezFatih Mah.,3+1,27000.0
Merkez,3+1,19000.0
MerkezFatih Mah.,3+1,21000.0
MerkezSaray Cumhuriyet Mah.,4+1,35000.0
MerkezMimar Sinan,5+1,21600.0
MerkezAyyıldız Mh.,2+1,15000.0
MerkezSaray Fatih Mah.,3+1,21000.0
MerkezTevfik İleri Mh.,3+1,33500.0
MerkezFatih Mah.,2+1,22000.0
MerkezYunus Emre Mah.,3+1,25000.0
MerkezFatih Mah.,3+1,15250.0
MerkezYunus Emre Mah.,3+1,25000.0
Merkez,3+1,18000.0
MerkezSaray Cumhuriyet Mah.,1+1,34000.0
MerkezSaray Cumhuriyet Mah.,3+1,28500.0
MerkezFatih Mah.,2+1,24000.0
MerkezMimar Sinan,3+1,32000.0
MerkezYunus Emre Mah.,2+1,19000.0
Merkez,3+1,21000.0
MerkezMimar Sinan,4+1,36000.0
Merkez,3+1,23500.0
Merkez,2+1,22000.0
Merkez,4+1,27000.0
MerkezMimar Sinan,3+1,18500.0
MerkezYunus Emre Mah.,3+1,17000.0
MerkezSaray Cumhuriyet Mah.,4+1,35000.0
MerkezSaray Fatih Mah.,3+1,24000.0
MerkezSaray Cumhuriyet Mah.,1+1,25000.0
MerkezSaray Cumhuriyet Mah.,4+1,32000.0
MerkezSaray Cumhuriyet Mah.,3+1,31500.0
MerkezFatih Mah.,3+1,17000.0
MerkezMimar Sinan,4+1,41000.0
MerkezSaray Cumhuriyet Mah.,Stüdyo (1+0),16000.0
Merkez,3+1,19000.0
MerkezSaray Cumhuriyet Mah.,3+1,20000.0
AltınovaAltınova Mh.,3+1,20000.0
MerkezSaray Osmangazi Mah.,1+1,15500.0
MerkezSaray Fatih Mah.,2+1,25000.0
Merkez,3+1,34500.0
MerkezMimar Sinan,4+1,40000.0
MerkezSaray Fatih Mah.,3+1,27000.0
MerkezMimar Sinan,2+1,17000.0
MerkezSaray Cumhuriyet Mah.,3+1,20000.0
MerkezSaray Fatih Mah.,4+1,39500.0
MerkezYunus Emre Mah.,3+1,25000.0
MerkezSaray Fatih Mah.,4+1,34000.0
MerkezFatih Mah.,4+1,38000.0
MerkezFatih Mah.,4+1,42000.0
Merkez,3+1,21000.0
MerkezSaray Cumhuriyet Mah.,1+1,22000.0
MerkezYunus Emre Mah.,3+1,20000.0
MerkezSaray Cumhuriyet Mah.,3+1,21000.0
MerkezFatih Mah.,3+1,22000.0
MerkezSaray Fatih Mah.,3+1,21000.0
MerkezMimar Sinan,3+1,15500.0
MerkezMimar Sinan,4+1,50000.0
MerkezFatih Mah.,3+1,28000.0
Merkez,3+1,15000.0
MerkezMimar Sinan,4+1,30000.0
MerkezSaray Fatih Mah.,4+1,29000.0
MerkezSaray Cumhuriyet Mah.,3+1,35000.0
MerkezSaray Cumhuriyet Mah.,1+1,26500.0
Merkez,3+1,20000.0
MerkezTevfik İleri Mh.,3+1,20000.0
MerkezSaray Fatih Mah.,4+1,22000.0
Merkez,4+1,36000.0
MerkezFatih Mah.,3+1,23500.0
MerkezAyyıldız Mh.,2+1,17000.0
MerkezSaray Cumhuriyet Mah.,1+1,22000.0
Merkez,3+1,25000.0
Merkez,3+1,18500.0
MerkezYunus Emre Mah.,3+1,22000.0
MerkezYunus Emre Mah.,3+1,17000.0
Merkez,3+1,22000.0
Merkez,3+1,24000.0
MerkezMimar Sinan,2+1,12500.0
MerkezMimar Sinan,3+1,22000.0
MerkezFatih Mah.,3+1,22000.0
MerkezSaray Cumhuriyet Mah.,3+1,28500.0
Merkez,3+1,25000.0
MerkezSaray Cumhuriyet Mah.,3+1,29000.0
MerkezSaray Cumhuriyet Mah.,4+1,32500.0
MerkezFatih Mah.,4+1,40000.0
MerkezAyyıldız Mh.,2+1,16500.0
MerkezFatih Mah.,2+1,26000.0
AltınovaYıldırım Beyazıt Mh.,3+1,16000.0
MerkezSaray Cumhuriyet Mah.,2+1,26500.0
MerkezSaray Cumhuriyet Mah.,1+1,26500.0
MerkezSaray Cumhuriyet Mah.,1+1,24000.0
MerkezSaray Fatih Mah.,7+1,110000.0
MerkezFatih Mah.,3+1,15000.0
MerkezSaray Fatih Mah.,7+1,105000.0
MerkezFatih Mah.,3+1,37000.0
MerkezYunus Emre Mah.,3+1,28000.0
MerkezSaray Osmangazi Mah.,1+1,18000.0
MerkezSaray Fatih Mah.,3+1,36000.0
MerkezSaray Cumhuriyet Mah.,4+1,18500.0
MerkezYunus Emre Mah.,3+1,19000.0
MerkezYunus Emre Mah.,1+1,23000.0
MerkezYunus Emre Mah.,3+1,23000.0
Merkez,3+1,25000.0
Merkez,4+1,22000.0
MerkezMimar Sinan,3+1,32000.0
MerkezSaray Cumhuriyet Mah.,2+1,27500.0
MerkezMimar Sinan,3+1,14500.0
Merkez,4+1,22000.0
MerkezMimar Sinan,4+1,36000.0
ŞereflikoçhisarHacıenbiya Mh.,2+0,13000.0
Şereflikoçhisarİstiklal Mh.,1+1,14000.0
ŞereflikoçhisarYeşilova Mh.,3+1,15000.0
ŞereflikoçhisarKale Mah.,1+1,11000.0
ŞereflikoçhisarEkici Mah.,3+1,18000.0
Şereflikoçhisarİstiklal Mh.,1+1,16000.0
ŞereflikoçhisarYeşilova Mh.,2+1,8000.0
Şereflikoçhisarİstiklal Mh.,1+1,14000.0
ŞereflikoçhisarŞeyh Kuyusu Mh.,3+1,20000.0
ŞereflikoçhisarSanayi Mah.,2+1,14500.0
ŞereflikoçhisarMehmet Akif Ersoy Mah.,3+1,15000.0
ŞereflikoçhisarHacıenbiya Mh.,3+1,18000.0
ŞereflikoçhisarMehmet Akif Ersoy Mah.,2+1,12000.0
ŞereflikoçhisarKale Mah.,2+1,17000.0
ŞereflikoçhisarŞeyh Kuyusu Mh.,3+1,18000.0
ŞereflikoçhisarHürriyet Mh.,1+1,15000.0
ŞereflikoçhisarMehmet Akif Ersoy Mah.,2+1,13000.0
ŞereflikoçhisarSarıkaya Mh.,1+1,12500.0
Şereflikoçhisarİstiklal Mh.,1+1,11000.0
ŞereflikoçhisarMehmet Akif Ersoy Mah.,3+1,15000.0
ŞereflikoçhisarEkici Mah.,3+1,9500.0
ŞereflikoçhisarBoğaziçi Mh.,3+1,14000.0
ŞereflikoçhisarMehmet Akif Ersoy Mah.,2+1,13000.0
Şereflikoçhisarİstiklal Mh.,3+1,16000.0
Şereflikoçhisarİstiklal Mh.,2+1,12000.0
ŞereflikoçhisarMehmet Akif Ersoy Mah.,2+1,10500.0
Şereflikoçhisarİstiklal Mh.,3+1,15000.0
Şereflikoçhisarİstiklal Mh.,1+1,12500.0
Şereflikoçhisarİstiklal Mh.,3+1,18000.0
Şereflikoçhisarİstiklal Mh.,3+1,18000.0
ŞereflikoçhisarEkici Mah.,3+1,17000.0
ŞereflikoçhisarSanayi Mah.,1+1,12500.0
ŞereflikoçhisarMehmet Akif Ersoy Mah.,2+1,11500.0
SincanSaraycık Mh.,1+1,26000.0
YenikentFevzi Çakmak Mh.,2+1,24000.0
YenikentFevzi Çakmak Mh.,1+1,22000.0
Sincan29 Ekim Mah.,3+1,23000.0
TemelliAlcı Mh.,3+1,16000.0
SincanOsmanlı Mh.,3+1,25000.0
YenikentMenderes Mah.,1+1,18000.0
SincanAkşemsettin Mh.,3+1,18500.0
SincanMalazgirt Mah.,3+1,18000.0
Sincan29 Ekim Mah.,4+1,34500.0
SincanAkşemsettin Mh.,2+1,19000.0
YenikentFevzi Çakmak Mh.,3+1,20000.0
SincanTandoğan Mh.,3+1,21000.0
YenikentFevzi Çakmak Mh.,2+1,22000.0
YenikentMenderes Mah.,4+1,39500.0
YenikentFevzi Çakmak Mh.,3+1,24000.0
Sincan29 Ekim Mah.,3+1,21000.0
SincanPlevne Mah.,3+1,26000.0
SincanPınarbaşı Mh.,3+1,23500.0
YenikentMenderes Mah.,3+1,32000.0
SincanPınarbaşı Mh.,3+1,17000.0
SincanGökçek Mh.,3+1,33000.0
YenikentFevzi Çakmak Mh.,2+1,18500.0
SincanSaraycık Mh.,2+1,21000.0
FatihUlubatlı Hasan Mh.,3+1,23000.0
YenikentMustafa Kemal Mah.,2+1,28000.0
Sincan29 Ekim Mah.,3+1,30000.0
SincanMareşal Çakmak Mh.,2+1,18000.0
YenikentMustafa Kemal Mah.,2+1,25000.0
FatihUlubatlı Hasan Mh.,3+1,15000.0
SincanPınarbaşı Mh.,2+1,17000.0
SincanGökçek Mh.,3+1,40000.0
YenikentMustafa Kemal Mah.,3+1,20000.0
SincanGökçek Mh.,1+1,23750.0
SincanGökçek Mh.,3+1,19000.0
SincanErtuğrulgazi Mh.,3+1,30000.0
SincanOsmanlı Mh.,3+1,19750.0
FatihUlubatlı Hasan Mh.,3+1,21000.0
Sincan29 Ekim Mah.,3+1,20000.0
SincanAtatürk Mh.,3+1,24750.0
YenikentMustafa Kemal Mah.,1+1,32000.0
SincanGökçek Mh.,3+1,27000.0
YenikentMenderes Mah.,2+1,24000.0
YenikentFevzi Çakmak Mh.,4+1,35000.0
Sincan29 Ekim Mah.,3+1,28000.0
YenikentFevzi Çakmak Mh.,2+1,23000.0
FatihTörekent Mh.,4+1,41000.0
SincanMareşal Çakmak Mh.,3+1,25000.0
SincanMareşal Çakmak Mh.,3+1,18250.0
YenikentMenderes Mah.,3+1,22500.0
YenikentFevzi Çakmak Mh.,2+1,21500.0
SincanSaraycık Mh.,1+1,25000.0
SincanSaraycık Mh.,2+1,20500.0
SincanSaraycık Mh.,2+1,29000.0
Sincan29 Ekim Mah.,3+1,28500.0
SincanTandoğan Mh.,2+1,18250.0
YenikentMenderes Mah.,2+1,18000.0
SincanPınarbaşı Mh.,3+1,23000.0
SincanMalazgirt Mah.,3+1,23500.0
TemelliAlcı Mh.,3+1,16500.0
YenikentMenderes Mah.,3+1,28000.0
SincanAtatürk Mh.,2+1,16000.0
YenikentFevzi Çakmak Mh.,3+1,25000.0
YenikentMustafa Kemal Mah.,3+1,24000.0
YenikentFevzi Çakmak Mh.,3+1,25000.0
SincanAndiçen Mh.,3+1,25000.0
SincanSaraycık Mh.,2+1,35000.0
FatihTörekent Mh.,4+1,50000.0
YenikentMustafa Kemal Mah.,3+1,25000.0
SincanSaraycık Mh.,3+1,22990.0
SincanSaraycık Mh.,1+1,26000.0
YenikentMustafa Kemal Mah.,3+1,25000.0
FatihTörekent Mh.,2+1,30000.0
SincanGökçek Mh.,4+1,40000.0
SincanÇoğlu Mh.,3+1,27000.0
SincanSaraycık Mh.,2+1,23000.0
SincanPınarbaşı Mh.,3+1,25000.0
SincanMareşal Çakmak Mh.,3+1,19000.0
SincanMareşal Çakmak Mh.,2+1,22000.0
YenikentMustafa Kemal Mah.,3+1,22000.0
YenikentFevzi Çakmak Mh.,1+1,22000.0
SincanGökçek Mh.,1+1,25000.0
YenikentMustafa Kemal Mah.,2+1,17500.0
FatihTörekent Mh.,4+1,47500.0
SincanMareşal Çakmak Mh.,3+1,25000.0
FatihGazi Osmanpaşa Mh.,3+1,20000.0
FatihTörekent Mh.,4+1,42000.0
FatihTörekent Mh.,4+1,38850.0
SincanPınarbaşı Mh.,3+1,17500.0
YenikentMustafa Kemal Mah.,4+1,36000.0
TemelliAlcı Mh.,3+1,18900.0
SincanSaraycık Mh.,1+1,25000.0
SincanPlevne Mah.,3+1,20000.0
SincanMareşal Çakmak Mh.,2+1,30000.0
YenikentFevzi Çakmak Mh.,2+1,19000.0
SincanSaraycık Mh.,1+1,28000.0
TemelliHürriyet Mh.,3+1,15000.0
FatihTörekent Mh.,2+1,32000.0
FatihTörekent Mh.,1+1,24750.0
SincanSaraycık Mh.,2+1,24000.0
SincanOsmanlı Mh.,3+1,24500.0
SincanGökçek Mh.,3+1,21000.0
FatihTörekent Mh.,1+1,25000.0
SincanAtatürk Mh.,3+1,22000.0
SincanGökçek Mh.,3+1,19400.0
SincanPınarbaşı Mh.,2+1,17500.0
Sincan29 Ekim Mah.,3+1,25000.0
FatihTörekent Mh.,3+1,24000.0
SincanPlevne Mah.,3+1,25000.0
Sincan29 Ekim Mah.,3+1,24500.0
SincanAkşemsettin Mh.,3+1,17999.0
SincanSelçuklu Mh.,3+1,23000.0
YenikentMustafa Kemal Mah.,3+1,35000.0
FatihYunus Emre Mah.,3+1,22000.0
SincanMareşal Çakmak Mh.,3+1,23500.0
TemelliAlcı Mh.,3+1,15000.0
FatihGazi Osmanpaşa Mh.,3+1,21000.0
SincanMalazgirt Mah.,3+1,24000.0
YenikentMustafa Kemal Mah.,3+1,22000.0
SincanSaraycık Mh.,2+1,20000.0
YenikentFevzi Çakmak Mh.,1+1,20000.0
YenikentMenderes Mah.,4+1,27000.0
SincanSelçuklu Mh.,3+1,35000.0
TemelliAlcı Mh.,3+1,16500.0
SincanGökçek Mh.,3+1,24000.0
Sincan29 Ekim Mah.,2+1,25000.0
YenikentMenderes Mah.,3+1,30000.0
SincanPlevne Mah.,3+1,26500.0
SincanMareşal Çakmak Mh.,3+1,27500.0
YenikentMustafa Kemal Mah.,3+1,21500.0
FatihTörekent Mh.,1+1,26000.0
YenikentMenderes Mah.,3+1,20000.0
FatihUlubatlı Hasan Mh.,3+1,25000.0
SincanAndiçen Mh.,2+1,20000.0
TemelliAlcı Mh.,3+1,23000.0
SincanPlevne Mah.,3+1,20500.0
SincanSaraycık Mh.,3+1,18500.0
SincanSelçuklu Mh.,3+1,18500.0
SincanSaraycık Mh.,2+1,21000.0
TemelliAlcı Mh.,3+1,15000.0
YenikentMenderes Mah.,3+1,27000.0
SincanPınarbaşı Mh.,2+1,19500.0
YenikentFevzi Çakmak Mh.,1+1,20000.0
SincanAtatürk Mh.,Stüdyo (1+0),17500.0
TemelliAlcı Mh.,3+1,15000.0
TemelliAlcı Mh.,3+1,14000.0
YenikentMustafa Kemal Mah.,3+1,21000.0
Sincan29 Ekim Mah.,2+1,20000.0
YenikentMustafa Kemal Mah.,3+1,31000.0
YenikentMustafa Kemal Mah.,3+1,25000.0
FatihGazi Osmanpaşa Mh.,3+1,20750.0
YenikentFevzi Çakmak Mh.,2+1,19000.0
SincanSaraycık Mh.,3+1,19000.0
YenikentMustafa Kemal Mah.,4+1,42000.0
SincanErtuğrulgazi Mh.,3+1,31000.0
SincanMalazgirt Mah.,3+1,21000.0
YenikentMustafa Kemal Mah.,2+1,29900.0
YenikentMustafa Kemal Mah.,3+1,23000.0
YenikentMenderes Mah.,3+1,25000.0
SincanYeniçimşit Mh.,1+1,29500.0
SincanMareşal Çakmak Mh.,3+1,23000.0
SincanAkşemsettin Mh.,3+1,18000.0
SincanSaraycık Mh.,3+1,28000.0
FatihTörekent Mh.,1+1,25000.0
FatihTörekent Mh.,1+1,22000.0
SincanAndiçen Mh.,3+1,21000.0
FatihTörekent Mh.,4+1,35000.0
SincanMalazgirt Mah.,3+1,21000.0
TemelliHürriyet Mh.,1+1,12000.0
YenikentFevzi Çakmak Mh.,3+1,26000.0
YenikentMenderes Mah.,3+1,28000.0
YenikentMenderes Mah.,3+1,27500.0
TemelliHürriyet Mh.,1+1,12500.0
SincanPınarbaşı Mh.,3+1,30000.0
Fatih,2+1,16500.0
YenikentMustafa Kemal Mah.,3+1,30000.0
SincanSaraycık Mh.,3+1,26000.0
YenikentMustafa Kemal Mah.,3+1,26500.0
SincanPlevne Mah.,3+1,20000.0
YenikentMenderes Mah.,3+1,21000.0
SincanAndiçen Mh.,2+1,24000.0
SincanMareşal Çakmak Mh.,3+1,18500.0
YenikentMenderes Mah.,4+1,30000.0
SincanAtatürk Mh.,3+1,19000.0
YenikentMenderes Mah.,3+1,35000.0
YenikentFevzi Çakmak Mh.,3+1,38000.0
Sincan29 Ekim Mah.,3+1,34900.0
YenikentFevzi Çakmak Mh.,1+1,15500.0
SincanSaraycık Mh.,2+1,29500.0
YenikentFevzi Çakmak Mh.,3+1,18500.0
SincanSaraycık Mh.,1+1,33000.0
YenikentMustafa Kemal Mah.,3+1,26500.0
FatihTörekent Mh.,1+1,25000.0
TemelliAlcı Mh.,4+1,75000.0
FatihUlubatlı Hasan Mh.,2+1,15000.0
SincanGökçek Mh.,1+1,25000.0
YenikentMustafa Kemal Mah.,3+1,30000.0
Fatih,2+1,14000.0
YenikentMenderes Mah.,2+1,21000.0
SincanMareşal Çakmak Mh.,3+1,18000.0
SincanGökçek Mh.,3+1,27000.0
SincanGökçek Mh.,3+1,27000.0
YenikentMustafa Kemal Mah.,3+1,32500.0
SincanMareşal Çakmak Mh.,3+1,27500.0
FatihUlubatlı Hasan Mh.,3+1,20500.0
SincanGökçek Mh.,4+1,41000.0
FatihMevlana Mah.,3+1,31000.0
FatihYunus Emre Mah.,3+1,23000.0
YenikentMustafa Kemal Mah.,4+1,36000.0
SincanAkşemsettin Mh.,3+1,22000.0
SincanGökçek Mh.,1+1,35000.0
SincanPlevne Mah.,3+1,30000.0
SincanAndiçen Mh.,3+1,19000.0
SincanPlevne Mah.,3+1,15000.0
SincanErtuğrulgazi Mh.,3+1,17000.0
SincanSaraycık Mh.,3+1,27000.0
SincanAndiçen Mh.,2+1,27000.0
SincanPlevne Mah.,2+1,29000.0
SincanPınarbaşı Mh.,3+1,22000.0
YenikentFevzi Çakmak Mh.,3+1,20500.0
SincanMareşal Çakmak Mh.,3+1,30000.0
SincanPınarbaşı Mh.,5+1,25500.0
YenikentMustafa Kemal Mah.,3+1,25000.0
SincanSaraycık Mh.,3+1,35000.0
FatihUlubatlı Hasan Mh.,3+1,15750.0
TemelliAlcı Mh.,3+1,22500.0
SincanSaraycık Mh.,2+1,20000.0
SincanTandoğan Mh.,3+1,23000.0
SincanTandoğan Mh.,3+1,13750.0
TemelliAlcı Mh.,3+1,15000.0
SincanPınarbaşı Mh.,3+1,20000.0
SincanTandoğan Mh.,3+1,21000.0
YenikentMustafa Kemal Mah.,2+1,25000.0
YenikentFevzi Çakmak Mh.,1+1,19000.0
YenikentFevzi Çakmak Mh.,3+1,22000.0
YenikentMustafa Kemal Mah.,3+1,25000.0
YenikentFevzi Çakmak Mh.,2+1,22000.0
SincanPınarbaşı Mh.,3+1,21750.0
SincanPlevne Mah.,3+1,27500.0
SincanSelçuklu Mh.,3+1,20000.0
FatihMevlana Mah.,3+1,25999.0
SincanMareşal Çakmak Mh.,3+1,25499.0
Sincan29 Ekim Mah.,2+1,26000.0
SincanSelçuklu Mh.,3+1,16000.0
YenikentFevzi Çakmak Mh.,2+1,24000.0
YenikentMustafa Kemal Mah.,3+1,19500.0
YenikentMenderes Mah.,3+1,29000.0
TemelliAlcı Mh.,3+1,17950.0
SincanSaraycık Mh.,2+1,18500.0
YenikentMustafa Kemal Mah.,3+1,25000.0
SincanAhi Evran Mah.,3+1,21500.0
SincanMareşal Çakmak Mh.,3+1,16000.0
YenikentFevzi Çakmak Mh.,2+1,27000.0
SincanGökçek Mh.,3+1,20000.0
SincanSaraycık Mh.,4+1,39000.0
YenikentMenderes Mah.,3+1,32000.0
SincanPınarbaşı Mh.,3+1,21000.0
SincanGökçek Mh.,2+1,35000.0
SincanSaraycık Mh.,2+1,28500.0
Fatih,2+1,15000.0
SincanGökçek Mh.,3+1,21000.0
SincanSaraycık Mh.,2+1,28000.0
TemelliAlcı Mh.,3+1,17000.0
YenikentFevzi Çakmak Mh.,2+1,18500.0
SincanSaraycık Mh.,2+1,28000.0
SincanPınarbaşı Mh.,3+1,23000.0
FatihGazi Osmanpaşa Mh.,3+1,20000.0
SincanSaraycık Mh.,2+1,25000.0
SincanAtatürk Mh.,3+1,19000.0
SincanSaraycık Mh.,4+1,33000.0
Sincanİstasyon Mh.,2+1,21000.0
SincanSaraycık Mh.,1+1,21000.0
YenikentMustafa Kemal Mah.,4+1,29000.0
SincanYeniçimşit Mh.,1+1,25000.0
SincanMalazgirt Mah.,1+1,23000.0
Sincan29 Ekim Mah.,3+1,19000.0
SincanMareşal Çakmak Mh.,3+1,25000.0
SincanTandoğan Mh.,2+1,18000.0
SincanErtuğrulgazi Mh.,3+1,18000.0
SincanAkşemsettin Mh.,2+1,21500.0
YenikentMenderes Mah.,2+1,30000.0
SincanAtatürk Mh.,3+1,20500.0
YenikentMenderes Mah.,4+1,35000.0
SincanSaraycık Mh.,2+1,23500.0
SincanSaraycık Mh.,2+1,24250.0
YenikentMenderes Mah.,3+1,36000.0
TemelliAlcı Mh.,3+1,16900.0
YenikentMustafa Kemal Mah.,3+1,26900.0
YenikentMenderes Mah.,3+1,26000.0
TemelliAlcı Mh.,3+1,15000.0
Fatih,2+1,15000.0
SincanSaraycık Mh.,2+1,17000.0
YenikentFevzi Çakmak Mh.,2+1,16500.0
SincanGökçek Mh.,3+1,22000.0
SincanGökçek Mh.,2+1,42000.0
YenikentMustafa Kemal Mah.,4+1,30000.0
SincanOsmanlı Mh.,3+1,21000.0
SincanSelçuklu Mh.,3+1,18000.0
YenikentFevzi Çakmak Mh.,4+1,30500.0
SincanPınarbaşı Mh.,3+1,25000.0
SincanSaraycık Mh.,3+1,29000.0
SincanPlevne Mah.,3+1,21000.0
YenikentMenderes Mah.,3+1,23000.0
SincanPınarbaşı Mh.,3+1,16000.0
SincanMareşal Çakmak Mh.,2+1,22000.0
YenikentMustafa Kemal Mah.,3+1,29000.0
SincanPlevne Mah.,2+1,16500.0
FatihTörekent Mh.,1+1,30000.0
SincanPınarbaşı Mh.,3+1,18750.0
YenikentFevzi Çakmak Mh.,3+1,24000.0
YenikentMenderes Mah.,4+1,27500.0
FatihGazi Osmanpaşa Mh.,3+1,20000.0
YenikentMustafa Kemal Mah.,3+1,32000.0
YenikentFevzi Çakmak Mh.,3+1,24000.0
SincanOsmanlı Mh.,3+1,18000.0
SincanGökçek Mh.,2+1,41000.0
SincanAkşemsettin Mh.,3+1,19500.0
YenikentMustafa Kemal Mah.,4+1,42000.0
SincanMareşal Çakmak Mh.,3+1,25000.0
FatihUlubatlı Hasan Mh.,3+1,19500.0
SincanSaraycık Mh.,3+1,30000.0
SincanMareşal Çakmak Mh.,3+1,16000.0
SincanPınarbaşı Mh.,3+1,20000.0
Sincan29 Ekim Mah.,3+1,25000.0
SincanSaraycık Mh.,2+1,17000.0
TemelliAlcı Mh.,3+1,20000.0
FatihTörekent Mh.,3+1,36000.0
FatihGazi Osmanpaşa Mh.,3+1,20000.0
SincanAkşemsettin Mh.,3+1,22000.0
SincanSaraycık Mh.,3+1,21000.0
SincanSelçuklu Mh.,3+1,18500.0
SincanPınarbaşı Mh.,2+1,25000.0
SincanSelçuklu Mh.,3+1,29750.0
FatihUlubatlı Hasan Mh.,2+1,13250.0
Sincan29 Ekim Mah.,3+1,27000.0
Sincan29 Ekim Mah.,3+1,24000.0
SincanSaraycık Mh.,2+1,22000.0
SincanAhi Evran Mah.,3+1,20000.0
FatihYunus Emre Mah.,3+1,25000.0
YenikentFevzi Çakmak Mh.,2+1,20000.0
YenikentMustafa Kemal Mah.,3+1,23000.0
Sincanİstasyon Mh.,3+1,24000.0
YenikentMustafa Kemal Mah.,5+1,29500.0
YenikentMustafa Kemal Mah.,3+1,20000.0
SincanSaraycık Mh.,2+1,30000.0
SincanOsmanlı Mh.,3+1,19000.0
SincanAtatürk Mh.,3+1,17500.0
SincanMareşal Çakmak Mh.,3+1,20000.0
SincanAtatürk Mh.,3+1,15000.0
TemelliAlcı Mh.,3+1,33000.0
TemelliHürriyet Mh.,1+1,12000.0
SincanAhi Evran Mah.,3+1,19000.0
FatihUlubatlı Hasan Mh.,3+1,22500.0
SincanMareşal Çakmak Mh.,2+1,30000.0
SincanGökçek Mh.,3+1,17500.0
SincanPınarbaşı Mh.,2+1,23000.0
SincanMareşal Çakmak Mh.,3+1,20000.0
FatihTörekent Mh.,3+1,37500.0
SincanMalazgirt Mah.,2+1,20000.0
SincanGökçek Mh.,3+1,25000.0
SincanAhi Evran Mah.,3+1,18500.0
SincanSaraycık Mh.,2+1,28000.0
SincanSelçuklu Mh.,3+1,20000.0
SincanMalazgirt Mah.,3+1,23500.0
SincanPlevne Mah.,2+1,19500.0
SincanErtuğrulgazi Mh.,3+1,21750.0
Sincan29 Ekim Mah.,2+1,18500.0
SincanAtatürk Mh.,3+1,20000.0
YenikentFevzi Çakmak Mh.,2+1,26000.0
SincanSaraycık Mh.,2+1,28500.0
SincanSelçuklu Mh.,3+1,22000.0
SincanPınarbaşı Mh.,3+1,20000.0
YenikentMenderes Mah.,3+1,26000.0
YenikentMustafa Kemal Mah.,2+1,25000.0
Sincan29 Ekim Mah.,3+1,25000.0
YenikentMenderes Mah.,2+1,22000.0
SincanMareşal Çakmak Mh.,3+1,27500.0
YenikentFevzi Çakmak Mh.,3+1,21500.0
YenikentMenderes Mah.,3+1,37000.0
SincanPınarbaşı Mh.,3+1,40000.0
SincanPınarbaşı Mh.,3+1,23000.0
YenikentMustafa Kemal Mah.,3+1,25500.0
FatihTörekent Mh.,4+1,39500.0
FatihGazi Osmanpaşa Mh.,3+1,20000.0
SincanAkşemsettin Mh.,3+1,18500.0
FatihMevlana Mah.,4+1,35000.0
SincanMalazgirt Mah.,3+1,24000.0
TemelliAlcı Mh.,3.5+1,20000.0
SincanSaraycık Mh.,3+1,20000.0
SincanAndiçen Mh.,3+1,19500.0
SincanSaraycık Mh.,2+1,25000.0
SincanMalazgirt Mah.,3+1,27000.0
SincanPınarbaşı Mh.,2+1,24000.0
SincanYeniçimşit Mh.,1+1,17500.0
SincanMalazgirt Mah.,3+1,23000.0
SincanPınarbaşı Mh.,2+1,19000.0
SincanMareşal Çakmak Mh.,3+1,22000.0
SincanPınarbaşı Mh.,3+1,18000.0
SincanMareşal Çakmak Mh.,3+1,20000.0
YenikentMustafa Kemal Mah.,3+1,25000.0
SincanPlevne Mah.,3+1,22500.0
SincanAkşemsettin Mh.,3+1,23000.0
SincanErtuğrulgazi Mh.,3+1,23000.0
TemelliAlcı Mh.,3+1,13000.0
SincanPlevne Mah.,2+1,22999.0
SincanSaraycık Mh.,4+1,42000.0
YenikentMustafa Kemal Mah.,3+1,27500.0
FatihTörekent Mh.,4+1,42000.0
SincanSaraycık Mh.,3+1,28000.0
SincanSaraycık Mh.,2+1,20500.0
SincanPınarbaşı Mh.,2+1,23000.0
SincanAkşemsettin Mh.,3+1,19000.0
FatihTörekent Mh.,3+1,43000.0
SincanSaraycık Mh.,1+1,25000.0
SincanMareşal Çakmak Mh.,2+1,18000.0
SincanPınarbaşı Mh.,2+1,24000.0
SincanSaraycık Mh.,3+1,30000.0
FatihTörekent Mh.,2+1,32000.0
YenikentMustafa Kemal Mah.,2+1,25000.0
SincanAndiçen Mh.,3+1,25000.0
TemelliHürriyet Mh.,1+1,13750.0
TemelliAlcı Mh.,3+1,16500.0
FatihTörekent Mh.,3+1,25000.0
YenikentMustafa Kemal Mah.,1+1,23000.0
SincanErtuğrulgazi Mh.,3+1,22000.0
SincanGökçek Mh.,2+1,40500.0
Sincan29 Ekim Mah.,3+1,29000.0
YenikentMustafa Kemal Mah.,2+1,21000.0
SincanSaraycık Mh.,3+1,30000.0
SincanSaraycık Mh.,3+1,26000.0
SincanMalazgirt Mah.,2+1,20000.0
YenikentFevzi Çakmak Mh.,3+1,24500.0
SincanMareşal Çakmak Mh.,3+1,17750.0
YenikentMustafa Kemal Mah.,3+1,32000.0
SincanAkşemsettin Mh.,2+1,19000.0
SincanTandoğan Mh.,3+1,20000.0
SincanPlevne Mah.,3+1,26000.0
SincanMareşal Çakmak Mh.,3+1,25000.0
SincanSaraycık Mh.,3+1,30900.0
SincanAtatürk Mh.,3+1,17900.0
YenikentFevzi Çakmak Mh.,3+1,27000.0
SincanPınarbaşı Mh.,3+1,20890.0
SincanAhi Evran Mah.,2+1,18000.0
SincanMareşal Çakmak Mh.,2+1,20000.0
YenikentFevzi Çakmak Mh.,3+1,25000.0
YenikentMustafa Kemal Mah.,3+1,24000.0
SincanSelçuklu Mh.,3+1,23500.0
SincanSaraycık Mh.,3+1,38500.0
TemelliAlcı Mh.,3+1,13500.0
FatihMevlana Mah.,3+1,37000.0
FatihGazi Osmanpaşa Mh.,3+1,17000.0
FatihGazi Osmanpaşa Mh.,3+1,27000.0
SincanOsmanlı Mh.,3+1,22000.0
YenikentMustafa Kemal Mah.,1+1,20500.0
SincanMareşal Çakmak Mh.,3+1,24000.0
SincanSaraycık Mh.,3+1,21000.0
TemelliHürriyet Mh.,1+1,13000.0
SincanPınarbaşı Mh.,2+1,17750.0
FatihTörekent Mh.,2+1,30000.0
SincanAkşemsettin Mh.,5+1,25000.0
TemelliHürriyet Mh.,1+1,8550.0
YenikentFevzi Çakmak Mh.,3+1,23000.0
SincanSaraycık Mh.,2+1,31000.0
YenikentFevzi Çakmak Mh.,4+1,30000.0
SincanErtuğrulgazi Mh.,3+1,17900.0
SincanPınarbaşı Mh.,3+1,28000.0
SincanMalazgirt Mah.,3+1,21000.0
FatihYunus Emre Mah.,3+1,26500.0
YenikentMenderes Mah.,2+1,26000.0
SincanPınarbaşı Mh.,3+1,21000.0
TemelliAlcı Mh.,3+1,31000.0
SincanAkşemsettin Mh.,3+1,21000.0
SincanSelçuklu Mh.,3+1,31500.0
YenikentFevzi Çakmak Mh.,3+1,20000.0
FatihMevlana Mah.,3.5+1,23500.0
YenikentMustafa Kemal Mah.,3+1,24000.0
TemelliHürriyet Mh.,1+1,9900.0
SincanErtuğrulgazi Mh.,3+1,25000.0
Sincan29 Ekim Mah.,4+1,31000.0
SincanOsmanlı Mh.,3+1,21000.0
TemelliHürriyet Mh.,1+1,8700.0
SincanPlevne Mah.,1+1,19500.0
YenikentFevzi Çakmak Mh.,2+1,18500.0
YenikentMenderes Mah.,3+1,26000.0
SincanSelçuklu Mh.,3+1,18900.0
SincanGökçek Mh.,2+1,27000.0
SincanGökçek Mh.,1+1,30750.0
YenikentFevzi Çakmak Mh.,3+1,27000.0
SincanMalazgirt Mah.,2+1,17500.0
SincanMareşal Çakmak Mh.,3+1,25000.0
TemelliAlcı Mh.,3+1,17500.0
SincanAtatürk Mh.,3+1,23000.0
YenikentMenderes Mah.,3+1,26500.0
SincanSaraycık Mh.,3+1,16000.0
SincanAkşemsettin Mh.,2+1,25000.0
SincanGökçek Mh.,3+1,24950.0
TemelliHürriyet Mh.,3+1,26000.0
SincanAndiçen Mh.,3+1,23000.0
SincanTandoğan Mh.,3+1,22000.0
SincanPınarbaşı Mh.,2+1,22000.0
SincanGökçek Mh.,1+1,30000.0
YenikentFevzi Çakmak Mh.,3+1,26000.0
YenikentFevzi Çakmak Mh.,3+1,21000.0
SincanSaraycık Mh.,3+1,35000.0
SincanPınarbaşı Mh.,3+1,25000.0
SincanÇoğlu Mh.,1+1,22500.0
Fatih,3+1,25000.0
SincanMalazgirt Mah.,3+1,25000.0
SincanAkşemsettin Mh.,3+1,25000.0
SincanPınarbaşı Mh.,3+1,19500.0
YenikentMenderes Mah.,3+1,28000.0
SincanErtuğrulgazi Mh.,3+1,22000.0
TemelliAlcı Mh.,3+1,13500.0
FatihTörekent Mh.,4+1,42500.0
SincanTandoğan Mh.,3+1,23000.0
YenikentMustafa Kemal Mah.,2+1,26000.0
SincanPınarbaşı Mh.,3+1,18000.0
YenikentFevzi Çakmak Mh.,3+1,24000.0
SincanAkşemsettin Mh.,2+1,18000.0
YenikentFevzi Çakmak Mh.,3+1,25000.0
FatihGazi Osmanpaşa Mh.,3+1,22000.0
SincanAkşemsettin Mh.,3+1,18750.0
Fatih,2+1,17500.0
Sincan29 Ekim Mah.,2+1,19000.0
SincanGökçek Mh.,1+1,26000.0
SincanMareşal Çakmak Mh.,3+1,18500.0
FatihTörekent Mh.,3+1,31000.0
SincanSelçuklu Mh.,4+1,27500.0
FatihMevlana Mah.,3+1,18200.0
SincanMalazgirt Mah.,2+1,20000.0
SincanSelçuklu Mh.,3+1,25000.0
SincanTandoğan Mh.,1+1,22000.0
SincanAndiçen Mh.,3+1,31000.0
SincanGökçek Mh.,3+1,18000.0
SincanPlevne Mah.,3+1,19750.0
SincanAtatürk Mh.,3+1,17500.0
FatihMevlana Mah.,3+1,40000.0
Sincan29 Ekim Mah.,3+1,25000.0
FatihTörekent Mh.,1+1,22000.0
SincanAndiçen Mh.,3+1,20000.0
SincanSaraycık Mh.,2+1,31000.0
SincanPınarbaşı Mh.,1+1,15500.0
FatihTörekent Mh.,1+1,28500.0
SincanMareşal Çakmak Mh.,3+1,24000.0
FatihMevlana Mah.,4+1,41000.0
SincanSelçuklu Mh.,3+1,30000.0
TemelliHürriyet Mh.,3+1,13000.0
SincanGökçek Mh.,2+1,40950.0
SincanMareşal Çakmak Mh.,2+1,15000.0
SincanErtuğrulgazi Mh.,3+1,18500.0
FatihTörekent Mh.,3+1,25000.0
YenikentFevzi Çakmak Mh.,3+1,24500.0
SincanSelçuklu Mh.,3+1,24000.0
SincanAtatürk Mh.,3+1,25000.0
YenikentFevzi Çakmak Mh.,2+1,21500.0
SincanGökçek Mh.,1+1,35000.0
FatihTörekent Mh.,1+1,29000.0
SincanOsmanlı Mh.,3+1,18000.0
SincanPınarbaşı Mh.,3+1,20500.0
SincanSelçuklu Mh.,3+1,21000.0
SincanAtatürk Mh.,3+1,19900.0
FatihMevlana Mah.,3+1,24000.0
SincanPınarbaşı Mh.,3+1,17000.0
YenikentMenderes Mah.,2+1,22000.0
YenikentFevzi Çakmak Mh.,3+1,21500.0
SincanGökçek Mh.,2+1,41000.0
FatihTörekent Mh.,4+1,42000.0
SincanOsmanlı Mh.,3+1,18000.0
YenikentMustafa Kemal Mah.,2+1,21000.0
SincanSaraycık Mh.,3+1,38500.0
SincanAhi Evran Mah.,3+1,18000.0
FatihTörekent Mh.,4+1,39000.0
YenikentMenderes Mah.,2+1,21000.0
FatihYunus Emre Mah.,3+1,22500.0
TemelliAlcı Mh.,3+1,20000.0
SincanSelçuklu Mh.,3+1,15000.0
FatihMevlana Mah.,3+1,19500.0
SincanSaraycık Mh.,3+1,21000.0
Sincan29 Ekim Mah.,3+1,27000.0
SincanAndiçen Mh.,3+1,18000.0
FatihTörekent Mh.,1+1,24000.0
SincanSaraycık Mh.,3+1,25000.0
SincanPlevne Mah.,2+1,20000.0
SincanSaraycık Mh.,2+1,19250.0
SincanAndiçen Mh.,2+1,20500.0
SincanPınarbaşı Mh.,3+1,21000.0
SincanTandoğan Mh.,3+1,24500.0
YenikentMustafa Kemal Mah.,3+1,19000.0
SincanSelçuklu Mh.,3+1,18000.0
YenikentFevzi Çakmak Mh.,2+1,23000.0
SincanGökçek Mh.,4+1,42000.0
YenikentMenderes Mah.,3+1,25000.0
SincanMareşal Çakmak Mh.,2+1,20000.0
YenikentFevzi Çakmak Mh.,3+1,30000.0
SincanSaraycık Mh.,3+1,35000.0
SincanOsmanlı Mh.,3+1,23000.0
FatihTörekent Mh.,3+1,30000.0
SincanSaraycık Mh.,2+1,30000.0
YenikentFevzi Çakmak Mh.,4+1,29000.0
SincanSaraycık Mh.,2+1,16999.0
SincanAhi Evran Mah.,3+1,18500.0
SincanSaraycık Mh.,3+1,35000.0
SincanAtatürk Mh.,2+1,17500.0
TemelliAlcı Mh.,3+1,16000.0
FatihTörekent Mh.,2+1,31500.0
SincanSaraycık Mh.,2+1,32000.0
YenikentFevzi Çakmak Mh.,3+1,29000.0
Fatih,2+1,17000.0
TemelliHürriyet Mh.,1+1,12000.0
YenikentFevzi Çakmak Mh.,3+1,24500.0
SincanSaraycık Mh.,2+1,30000.0
YenikentMenderes Mah.,2+1,23000.0
FatihUlubatlı Hasan Mh.,3+1,22500.0
Sincan29 Ekim Mah.,3+1,35000.0
YenikentFevzi Çakmak Mh.,1+1,23500.0
YenikentMenderes Mah.,3+1,31500.0
FatihTörekent Mh.,1+1,23500.0
SincanPınarbaşı Mh.,3+1,19500.0
YenikentMenderes Mah.,3+1,21000.0
SincanSaraycık Mh.,3+1,29250.0
YenikentMenderes Mah.,2+1,25000.0
SincanPlevne Mah.,3+1,19000.0
YenikentFevzi Çakmak Mh.,3+1,24000.0
YenikentMustafa Kemal Mah.,3+1,21000.0
Fatih,3+1,23000.0
SincanSaraycık Mh.,3+1,22000.0
Fatih,3+1,23000.0
YenikentMustafa Kemal Mah.,3+1,21000.0
FatihTörekent Mh.,4+1,47000.0
SincanAndiçen Mh.,3+1,22000.0
SincanPınarbaşı Mh.,3+1,17500.0
Sincan29 Ekim Mah.,3+1,29000.0
SincanSaraycık Mh.,4+1,37000.0
SincanSaraycık Mh.,4+1,36000.0
YenikentFevzi Çakmak Mh.,3+1,28000.0
SincanMareşal Çakmak Mh.,3+1,18000.0
SincanSaraycık Mh.,3+1,22500.0
YenikentMenderes Mah.,3+1,23500.0
YenikentFevzi Çakmak Mh.,3+1,25000.0
SincanSaraycık Mh.,3+1,32450.0
SincanSelçuklu Mh.,3+1,19950.0
SincanSaraycık Mh.,3+1,22000.0
SincanGökçek Mh.,1+1,30000.0
SincanOsmanlı Mh.,3+1,19500.0
SincanSaraycık Mh.,2+1,28500.0
SincanMalazgirt Mah.,3+1,21000.0
Sincan29 Ekim Mah.,3+1,28000.0
YenikentMustafa Kemal Mah.,3+1,22000.0
Sincan29 Ekim Mah.,3+1,20000.0
SincanOsmanlı Mh.,3+1,22900.0
YenikentFevzi Çakmak Mh.,3+1,25000.0
SincanMalıköy Mh.,6+1,45000.0
TemelliAlcı Mh.,3+1,17500.0
YenikentMustafa Kemal Mah.,3+1,25000.0
FatihTörekent Mh.,3+1,25000.0
SincanOsmanlı Mh.,3+1,20000.0
YenikentMenderes Mah.,3+1,30000.0
FatihTörekent Mh.,1+1,25500.0
Sincan29 Ekim Mah.,2+1,21500.0
SincanGökçek Mh.,2+1,32000.0
SincanPınarbaşı Mh.,3+1,21000.0
Sincanİstasyon Mh.,3+1,25000.0
Sincan29 Ekim Mah.,3+1,30000.0
YenikentMustafa Kemal Mah.,2+1,20500.0
SincanMalazgirt Mah.,3+1,21000.0
YenikentFevzi Çakmak Mh.,4+1,28000.0
SincanAtatürk Mh.,3+1,20000.0
SincanSelçuklu Mh.,3+1,20000.0
SincanMareşal Çakmak Mh.,3+1,18000.0
YenikentMenderes Mah.,3+1,22000.0
YenikentFevzi Çakmak Mh.,2+1,19000.0
FatihTörekent Mh.,4+1,47000.0
TemelliAlcı Mh.,3+2,40250.0
SincanErtuğrulgazi Mh.,3+1,25000.0
SincanAkşemsettin Mh.,2+1,24000.0
SincanSaraycık Mh.,2+1,25000.0
SincanAkşemsettin Mh.,3+1,23000.0
SincanAtatürk Mh.,3+1,20750.0
FatihGazi Osmanpaşa Mh.,3+1,18000.0
YenikentMenderes Mah.,3+1,22000.0
SincanPınarbaşı Mh.,3+1,23000.0
YenikentMenderes Mah.,2+1,19750.0
SincanGökçek Mh.,1+1,33900.0
FatihUlubatlı Hasan Mh.,3+1,20000.0
YenikentMustafa Kemal Mah.,3+1,20000.0
SincanPınarbaşı Mh.,3+1,25000.0
YenikentMenderes Mah.,4+1,29000.0
SincanGökçek Mh.,3+1,28000.0
Fatih,3+1,21500.0
SincanMalazgirt Mah.,2+1,21000.0
TemelliAlcı Mh.,3+1,15000.0
SincanAkşemsettin Mh.,3+1,27000.0
Sincan29 Ekim Mah.,3+1,22500.0
FatihYunus Emre Mah.,3+1,19750.0
FatihUlubatlı Hasan Mh.,3+1,22500.0
TemelliHürriyet Mh.,1+1,10500.0
SincanSelçuklu Mh.,3+1,25000.0
SincanSaraycık Mh.,3+1,35000.0
SincanAndiçen Mh.,3+1,24000.0
SincanMareşal Çakmak Mh.,3+1,23000.0
SincanSelçuklu Mh.,2+1,23000.0
FatihTörekent Mh.,1+1,23500.0
SincanGökçek Mh.,1+1,35000.0
YenikentMenderes Mah.,3+1,20000.0
SincanSaraycık Mh.,1+1,20000.0
TemelliAlcı Mh.,3+1,16000.0
FatihTörekent Mh.,3+1,35000.0
TemelliAlcı Mh.,3+1,18300.0
YenikentMustafa Kemal Mah.,3+1,22000.0
SincanAkşemsettin Mh.,3+1,19000.0
Fatih,3+1,26000.0
YenikentFevzi Çakmak Mh.,3+1,25000.0
TemelliAlcı Mh.,3+1,15500.0
Sincan29 Ekim Mah.,3+1,28300.0
SincanSaraycık Mh.,3+1,34500.0
YenikentMenderes Mah.,3+1,30000.0
TemelliHürriyet Mh.,1+1,10000.0
YenikentMustafa Kemal Mah.,3+1,23500.0
SincanYeniçimşit Mh.,1+1,20000.0
Sincan29 Ekim Mah.,4+1,31000.0
SincanGökçek Mh.,2+1,35000.0
FatihGazi Osmanpaşa Mh.,3+1,24000.0
YenikentMenderes Mah.,3+1,28000.0
SincanGökçek Mh.,1+1,30000.0
FatihTörekent Mh.,2+1,31000.0
YenikentMenderes Mah.,3+1,26500.0
SincanAhi Evran Mah.,3+1,20500.0
YenikentMenderes Mah.,3+1,23000.0
YenikentMenderes Mah.,3+1,26000.0
YenikentFevzi Çakmak Mh.,2+1,15000.0
SincanMalazgirt Mah.,3+1,18500.0
YenikentFevzi Çakmak Mh.,4+1,31000.0
Sincan29 Ekim Mah.,3+1,25000.0
SincanSelçuklu Mh.,3+1,21000.0
FatihUlubatlı Hasan Mh.,3+1,17500.0
TemelliAlcı Mh.,3+1,13500.0
SincanPınarbaşı Mh.,3+1,20000.0
SincanMareşal Çakmak Mh.,3+1,17000.0
SincanSelçuklu Mh.,3+1,18000.0
FatihTörekent Mh.,4+1,40000.0
TemelliGazi Mah.,,55000.0
SincanSaraycık Mh.,3+1,20500.0
SincanPınarbaşı Mh.,2+1,15500.0
YenikentMustafa Kemal Mah.,3+1,30000.0
SincanPlevne Mah.,3+1,21500.0
YenikentMustafa Kemal Mah.,3+1,24500.0
FatihUlubatlı Hasan Mh.,3+1,27000.0
SincanMalazgirt Mah.,3+1,18000.0
YenikentMustafa Kemal Mah.,3+1,18000.0
Fatih,2+1,20000.0
SincanMalazgirt Mah.,3+1,20500.0
YenikentMenderes Mah.,3+1,23000.0
SincanMareşal Çakmak Mh.,3+1,22000.0
YenikentFevzi Çakmak Mh.,2+1,18000.0
FatihTörekent Mh.,2+1,32500.0
FatihUlubatlı Hasan Mh.,2+1,14500.0
FatihTörekent Mh.,3+1,31000.0
SincanSaraycık Mh.,3+1,35500.0
FatihYunus Emre Mah.,3+1,22500.0
SincanSelçuklu Mh.,2+1,25000.0
SincanAtatürk Mh.,Stüdyo (1+0),15000.0
SincanSaraycık Mh.,4+1,36500.0
YenikentMenderes Mah.,3+1,21000.0
SincanSaraycık Mh.,4+1,42500.0
SincanAtatürk Mh.,3+1,32000.0
SincanPınarbaşı Mh.,3+1,7000.0
SincanAtatürk Mh.,2+1,28500.0
FatihTörekent Mh.,1+1,24000.0
FatihTörekent Mh.,4+1,44000.0
SincanSaraycık Mh.,2+1,19500.0
SincanAtatürk Mh.,3+1,23000.0
FatihMevlana Mah.,3+1,36000.0
YenikentMustafa Kemal Mah.,3+1,26000.0
YenikentMenderes Mah.,3+1,28500.0
SincanSaraycık Mh.,1+1,22000.0
SincanTandoğan Mh.,3+1,21000.0
SincanMareşal Çakmak Mh.,2+1,21000.0
SincanPınarbaşı Mh.,3+1,25000.0
YenikentMustafa Kemal Mah.,3+1,25000.0
Sincan29 Ekim Mah.,2+1,19500.0
YenikentMustafa Kemal Mah.,1+1,19500.0
SincanSaraycık Mh.,2+1,27000.0
SincanPlevne Mah.,2+1,16800.0
SincanMareşal Çakmak Mh.,3+1,26000.0
TemelliHürriyet Mh.,3+1,13950.0
SincanSaraycık Mh.,1+1,23000.0
SincanAtatürk Mh.,3+1,22000.0
FatihTörekent Mh.,3+1,75000.0
YenikentFevzi Çakmak Mh.,6+2,33000.0
SincanOsmanlı Mh.,3+1,25000.0
SincanGökçek Mh.,1+1,29000.0
FatihGazi Osmanpaşa Mh.,3+1,19500.0
YenikentFevzi Çakmak Mh.,3+1,30000.0
YenikentFevzi Çakmak Mh.,3+1,21000.0
YenikentMustafa Kemal Mah.,3+1,25000.0
YenikentMenderes Mah.,3+1,23000.0
SincanMareşal Çakmak Mh.,3+1,25000.0
SincanAkşemsettin Mh.,3+1,30000.0
SincanAtatürk Mh.,3+1,19999.0
FatihTörekent Mh.,1+1,28900.0
SincanPlevne Mah.,3+1,21000.0
Fatih,2+1,23000.0
SincanSelçuklu Mh.,3+1,23000.0
FatihTörekent Mh.,3+1,30000.0
FatihYunus Emre Mah.,3+1,23000.0
TemelliAlcı Mh.,3+1,16000.0
SincanAkşemsettin Mh.,3+1,26900.0
FatihTörekent Mh.,2+1,32500.0
SincanPınarbaşı Mh.,3+1,18250.0
FatihMevlana Mah.,3+1,32000.0
YenikentMustafa Kemal Mah.,2+1,18000.0
TemelliAlcı Mh.,3+1,15000.0
YenikentMustafa Kemal Mah.,3+1,30000.0
FatihYunus Emre Mah.,3+1,23000.0
YenikentFevzi Çakmak Mh.,3+1,25000.0
Sincan29 Ekim Mah.,2+1,19750.0
Sincan29 Ekim Mah.,3+1,24000.0
SincanAndiçen Mh.,2+1,23000.0
SincanSelçuklu Mh.,3+1,23000.0
TemelliAlcı Mh.,3+1,16500.0
YenikentMustafa Kemal Mah.,3+1,26000.0
YenikentMenderes Mah.,3+1,19000.0
SincanTandoğan Mh.,4+1,25000.0
SincanAhi Evran Mah.,2+1,15000.0
YenikentMustafa Kemal Mah.,3+1,23500.0
SincanSelçuklu Mh.,3+1,22000.0
YenikentMustafa Kemal Mah.,3+1,30000.0
SincanGökçek Mh.,2+1,30000.0
SincanMareşal Çakmak Mh.,2+1,15500.0
SincanSaraycık Mh.,3+1,35000.0
SincanMareşal Çakmak Mh.,3+1,16000.0
SincanAkşemsettin Mh.,3+1,20000.0
YenikentMenderes Mah.,3+1,26000.0
FatihTörekent Mh.,3+1,36000.0
YenikentMustafa Kemal Mah.,3+1,25000.0
SincanGökçek Mh.,1+1,30000.0
YenikentFevzi Çakmak Mh.,1+1,18500.0
SincanSaraycık Mh.,2+1,28000.0
SincanOsmanlı Mh.,3+1,20000.0
FatihTörekent Mh.,3+1,35000.0
TemelliAlcı Mh.,3+1,18000.0
YenikentFevzi Çakmak Mh.,3+1,27000.0
YenikentMustafa Kemal Mah.,3+1,24000.0
SincanSelçuklu Mh.,2+1,18000.0
YenikentMustafa Kemal Mah.,3+1,28000.0
SincanSaraycık Mh.,3+1,29500.0
YenikentFevzi Çakmak Mh.,3+1,29000.0
FatihMevlana Mah.,3+1,24000.0
SincanAndiçen Mh.,3+1,20000.0
YenikentMenderes Mah.,2+1,19000.0
SincanSaraycık Mh.,2+1,27000.0
FatihYunus Emre Mah.,3+1,22000.0
FatihGazi Osmanpaşa Mh.,3+1,20500.0
SincanÇoğlu Mh.,3+1,28000.0
SincanSelçuklu Mh.,2+1,16700.0
SincanSaraycık Mh.,3+1,21500.0
YenikentFevzi Çakmak Mh.,3+1,28400.0
YenikentFevzi Çakmak Mh.,2+1,24000.0
SincanMareşal Çakmak Mh.,3+1,25500.0
YenikentMustafa Kemal Mah.,3+1,33000.0
SincanAtatürk Mh.,3+1,21000.0
YenikentMenderes Mah.,4+1,29500.0
FatihTörekent Mh.,4+1,39000.0
SincanGökçek Mh.,3+1,31000.0
FatihGazi Osmanpaşa Mh.,3+1,17500.0
SincanTandoğan Mh.,2+1,19900.0
YenikentMustafa Kemal Mah.,2+1,22000.0
TemelliAlcı Mh.,3+1,20000.0
SincanSaraycık Mh.,2+1,14500.0
SincanGökçek Mh.,5+1,45000.0
SincanMareşal Çakmak Mh.,3+1,19000.0
Sincan29 Ekim Mah.,3+1,29750.0
SincanSaraycık Mh.,3+1,35000.0
SincanAkşemsettin Mh.,3+1,21000.0
Sincanİstasyon Mh.,2+1,26000.0
YenikentMenderes Mah.,3+1,26000.0
SincanMalazgirt Mah.,3+1,23000.0
YenikentMustafa Kemal Mah.,2+1,19000.0
YenikentFevzi Çakmak Mh.,3+1,25000.0
SincanSaraycık Mh.,4+1,35000.0
YenikentMenderes Mah.,3+1,23000.0
SincanOsmanlı Mh.,3+1,24000.0
SincanAtatürk Mh.,3+1,21999.0
SincanSelçuklu Mh.,3+1,20000.0
SincanAkşemsettin Mh.,3+1,21000.0
SincanSaraycık Mh.,1+1,35000.0
SincanAtatürk Mh.,3+1,22500.0
FatihUlubatlı Hasan Mh.,2+1,15500.0
FatihUlubatlı Hasan Mh.,3+1,22500.0
YenikentFevzi Çakmak Mh.,2+1,17500.0
SincanSelçuklu Mh.,3+1,29000.0
TemelliHürriyet Mh.,3+1,14750.0
YenikentMustafa Kemal Mah.,4+1,30000.0
FatihGazi Osmanpaşa Mh.,3+1,26000.0
YenikentMustafa Kemal Mah.,3+1,22500.0
SincanSaraycık Mh.,2+1,29000.0
SincanPlevne Mah.,3+1,30500.0
SincanGökçek Mh.,3+1,24150.0
SincanYeniçimşit Mh.,4+1,30000.0
SincanSaraycık Mh.,3+1,16850.0
YenikentFevzi Çakmak Mh.,3+1,24000.0
YenikentMustafa Kemal Mah.,2+1,26000.0
SincanMalazgirt Mah.,3+1,22500.0
SincanTandoğan Mh.,2+1,21000.0
YenikentMenderes Mah.,3+1,25000.0
Sincan29 Ekim Mah.,3+1,19900.0
SincanAndiçen Mh.,3+1,20000.0
SincanPlevne Mah.,3+1,18000.0
YenikentMustafa Kemal Mah.,3+1,22000.0
YenikentFevzi Çakmak Mh.,1+1,16500.0
SincanAtatürk Mh.,3+1,20000.0
FatihTörekent Mh.,3+1,16500.0
TemelliAlcı Mh.,3+1,10000.0
Fatih,3+1,24000.0
SincanAtatürk Mh.,3+1,19000.0
FatihTörekent Mh.,1+1,24000.0
SincanSelçuklu Mh.,2+1,23100.0
FatihTörekent Mh.,4+1,45000.0
FatihYunus Emre Mah.,3+1,26000.0
FatihGazi Osmanpaşa Mh.,3+1,23000.0
SincanPlevne Mah.,3+1,20000.0
SincanSaraycık Mh.,3+1,35200.0
SincanSelçuklu Mh.,3+1,22000.0
SincanSaraycık Mh.,3+1,22000.0
YenikentMustafa Kemal Mah.,2+1,22000.0
YenikentMustafa Kemal Mah.,2+1,27000.0
YenikentFevzi Çakmak Mh.,3+1,23000.0
YenikentMenderes Mah.,3+1,33000.0
SincanSelçuklu Mh.,2+1,16000.0
SincanMalazgirt Mah.,3+1,20000.0
Sincan29 Ekim Mah.,3+1,30000.0
YenikentFevzi Çakmak Mh.,3+1,26500.0
YenikentMenderes Mah.,3+1,36500.0
TemelliAlcı Mh.,3+1,15000.0
SincanGökçek Mh.,3+1,23000.0
YenikentMustafa Kemal Mah.,3+1,26000.0
FatihTörekent Mh.,2+1,31500.0
SincanTandoğan Mh.,1+1,22000.0
YenikentFevzi Çakmak Mh.,3+1,25000.0
SincanErtuğrulgazi Mh.,3+1,25000.0
FatihMevlana Mah.,3+1,38000.0
SincanAtatürk Mh.,1+1,15000.0
SincanMalazgirt Mah.,3+1,26000.0
YenikentMustafa Kemal Mah.,3+1,24000.0
SincanSaraycık Mh.,2+1,23000.0
SincanGökçek Mh.,3+1,22000.0
SincanPınarbaşı Mh.,3+1,21000.0
SincanGökçek Mh.,3+1,27000.0
SincanGökçek Mh.,2+1,29000.0
SincanMalazgirt Mah.,2+1,16499.0
YenikentMenderes Mah.,2+1,22000.0
SincanErtuğrulgazi Mh.,3+1,20000.0
SincanErtuğrulgazi Mh.,3+1,25500.0
FatihUlubatlı Hasan Mh.,3+1,23000.0
SincanSaraycık Mh.,2+1,27500.0
FatihGazi Osmanpaşa Mh.,2+1,16000.0
SincanAndiçen Mh.,3+1,21000.0
SincanSaraycık Mh.,2+1,28500.0
YenikentMenderes Mah.,2+1,24000.0
SincanSaraycık Mh.,3+1,21000.0
FatihGazi Osmanpaşa Mh.,3+1,20000.0
SincanSelçuklu Mh.,3+1,19500.0
SincanMalıköy Mh.,4+1,40000.0
SincanMareşal Çakmak Mh.,2+1,20000.0
SincanYenikayı Mh.,6+1,250000.0
SincanGökçek Mh.,3+1,26000.0
YenikentMenderes Mah.,3+1,30000.0
SincanMalazgirt Mah.,3+1,25500.0
TemelliHürriyet Mh.,1+1,10500.0
FatihTörekent Mh.,4+1,40000.0
TemelliHürriyet Mh.,1+1,10000.0
FatihTörekent Mh.,4+1,44000.0
SincanSaraycık Mh.,3+1,29000.0
YenikentFevzi Çakmak Mh.,4.5+1,32000.0
SincanOsmanlı Mh.,3+1,18000.0
SincanGökçek Mh.,1+1,23000.0
FatihGazi Osmanpaşa Mh.,3+1,21000.0
SincanSelçuklu Mh.,3+1,20000.0
SincanAtatürk Mh.,2+1,24000.0
SincanSelçuklu Mh.,3+1,17000.0
SincanSelçuklu Mh.,3+1,33000.0
SincanMareşal Çakmak Mh.,3+1,25000.0
YenikentMustafa Kemal Mah.,3+1,18000.0
YenikentFevzi Çakmak Mh.,2+1,18000.0
SincanPınarbaşı Mh.,3+1,20000.0
SincanAhi Evran Mah.,3+1,35000.0
SincanGökçek Mh.,3+1,22000.0
YenikentMustafa Kemal Mah.,2+1,29000.0
SincanSaraycık Mh.,3+1,23000.0
TemelliHürriyet Mh.,1+1,14000.0
TemelliAlcı Mh.,3+1,15000.0
SincanPınarbaşı Mh.,3+1,25000.0
SincanAkşemsettin Mh.,3+1,20000.0
Sincan29 Ekim Mah.,3+1,27000.0
SincanSaraycık Mh.,3+1,30000.0
SincanErtuğrulgazi Mh.,3+1,25500.0
Sincan29 Ekim Mah.,3+1,30000.0
SincanSaraycık Mh.,2+1,25000.0
SincanAndiçen Mh.,3+1,22000.0
YenikentFevzi Çakmak Mh.,3+1,26000.0
SincanMareşal Çakmak Mh.,3+1,20000.0
YenikentMustafa Kemal Mah.,4+1,29000.0
FatihUlubatlı Hasan Mh.,3+1,18750.0
BatıkentCumhuriyet Mh.,4+1,52000.0
ŞentepePamuklar Mah.,4+1,39000.0
DemetevlerDemetgül Mh.,3+1,25000.0
BatıkentÇakırlar Mh.,4+1,68000.0
BatıkentCumhuriyet Mh.,1+1,25000.0
BatıkentErgazi Mah.,1+1,32500.0
YenimahalleGayret Mah.,3+1,30000.0
OstimSerhat,4+1,60000.0
DemetevlerÇamlıca Mh.,1+1,25000.0
DemetevlerÇamlıca Mh.,1+1,37000.0
BatıkentCumhuriyet Mh.,2.5+1,41000.0
ŞentepeBurç Mh.,2+1,25000.0
YenimahalleAta Mh.,4+1,53000.0
YenimahalleTepealtı Mh.,2+1,25000.0
ŞentepeGüventepe Mh.,3+1,45000.0
YenimahalleSusuz Mah.,1+1,28000.0
ŞentepePamuklar Mah.,4+1,35000.0
BatıkentKardelen Mah.,3+1,26000.0
BatıkentErgazi Mah.,2+1,40000.0
BatıkentCumhuriyet Mh.,1+1,28000.0
ŞentepeGüventepe Mh.,3+1,28000.0
DemetevlerDemetlale Mah.,3+1,29000.0
BatıkentCumhuriyet Mh.,1+1,35000.0
BatıkentTurgut Özal Mh.,3+1,40750.0
YenimahalleSusuz Mah.,4+1,54000.0
ŞentepeKayalar Mah.,3+1,21000.0
ŞentepePamuklar Mah.,2+1,26000.0
ŞentepePamuklar Mah.,3+1,35000.0
DemetevlerÇamlıca Mh.,1+1,25000.0
BatıkentErgazi Mah.,2+1,42000.0
ŞentepeKaletepe Mah.,4+1,38000.0
BatıkentYeni Batı Mh.,1+1,25000.0
KarşıyakaYeşilevler Mh.,3+1,19000.0
BatıkentCumhuriyet Mh.,3+1,36000.0
ŞentepePamuklar Mah.,3+1,24000.0
BatıkentCumhuriyet Mh.,1+1,30250.0
BatıkentUğur Mumcu Mh.,3+1,35000.0
KarşıyakaBarış Mh.,3+1,34000.0
BatıkentErgazi Mah.,3+1,24000.0
BatıkentÇakırlar Mh.,1+1,24000.0
BatıkentÇakırlar Mh.,3+1,29000.0
YenimahalleYunus Emre Mah.,3+1,28000.0
ŞentepeBarıştepe Mh.,3+1,25000.0
YenimahalleKentkoop Mah.,3+1,35000.0
ŞentepeÇiğdemtepe Mh.,3+1,32500.0
A.O.Çiftliği(Aoç)Emniyet Mah.,5+1,85000.0
BatıkentErgazi Mah.,2+1,37500.0
BatıkentKardelen Mah.,2+1,35000.0
Batıkentİlkyerleşim Mh.,3+1,38500.0
BatıkentBatı Sitesi Mh.,3+1,32000.0
DemetevlerDemetlale Mah.,2+1,14000.0
YenimahalleErgenekon Mah.,3+1,18500.0
YenimahalleSusuz Mah.,1+1,26000.0
BatıkentKardelen Mah.,4+1,69000.0
YenimahalleSusuz Mah.,4+1,48000.0
DemetevlerMehmet Akif Ersoy Mah.,4+1,74000.0
KarşıyakaGüzelyaka Mh.,2+1,21000.0
YenimahalleAta Mh.,3+1,35000.0
Batıkentİnönü Mh.,3+1,35000.0
OstimSerhat,3.5+1,42000.0
Batıkentİnönü Mh.,2+1,38000.0
BatıkentCumhuriyet Mh.,2+1,37750.0
BatıkentCumhuriyet Mh.,2+1,50000.0
ŞentepeAvcılar Mh.,4+1,35000.0
YenimahalleEsentepe Mah.,2+1,23500.0
BatıkentCumhuriyet Mh.,1+1,23500.0
YenimahalleKentkoop Mah.,3+1,25500.0
YenimahalleErgenekon Mah.,3+1,19500.0
ŞentepeGüventepe Mh.,3+1,35000.0
A.O.Çiftliği(Aoç)Emniyet Mah.,1+1,47000.0
YenimahalleAta Mh.,3+1,28000.0
YenimahalleAta Mh.,3.5+1,34000.0
YenimahalleYunus Emre Mah.,3+1,22000.0
ŞentepeKaletepe Mah.,5+1,45000.0
Demetevler,4.5+1,45000.0
ŞentepePamuklar Mah.,4+1,45000.0
ŞentepePamuklar Mah.,3+1,37500.0
KarşıyakaGüzelyaka Mh.,2+1,21000.0
ŞentepePamuklar Mah.,4+1,40000.0
YenimahalleAta Mh.,3+1,29000.0
BatıkentCumhuriyet Mh.,2+1,34000.0
OstimSerhat,3+1,30000.0
KarşıyakaKarşıyaka Mh.,2+1,17000.0
BatıkentErgazi Mah.,1+1,33500.0
DemetevlerMehmet Akif Ersoy Mah.,1+1,35000.0
BatıkentErgazi Mah.,3+1,48000.0
BatıkentCumhuriyet Mh.,1+1,29000.0
Batıkentİnönü Mh.,5+1,47000.0
A.O.Çiftliği(Aoç)Emniyet Mah.,2+1,32000.0
YenimahalleYunus Emre Mah.,3+1,35000.0
YenimahalleYunus Emre Mah.,3+1,25000.0
BatıkentTurgut Özal Mh.,4+1,66000.0
OstimSerhat,1+1,26800.0
BatıkentUğur Mumcu Mh.,2.5+1,30000.0
YenimahalleYunus Emre Mah.,3+1,30000.0
DemetevlerÖzevler Mh.,3+1,21000.0
YenimahalleRagıp Tüzün Mh.,1+1,20000.0
BatıkentErgazi Mah.,1+1,28500.0
YenimahalleTepealtı Mh.,3+1,23500.0
KarşıyakaYeşilevler Mh.,3+1,35500.0
BatıkentBatı Sitesi Mh.,1+1,30000.0
YenimahalleAta Mh.,4+2,55000.0
YenimahalleRagıp Tüzün Mh.,3+1,25000.0
DemetevlerMehmet Akif Ersoy Mah.,3+1,40000.0
DemetevlerMehmet Akif Ersoy Mah.,2+1,28000.0
ŞentepeAvcılar Mh.,3+1,27500.0
BatıkentÇakırlar Mh.,3+1,35000.0
KarşıyakaKarşıyaka Mh.,2+1,23000.0
DemetevlerMehmet Akif Ersoy Mah.,4+1,75000.0
YenimahalleErgenekon Mah.,3+1,25000.0
A.O.Çiftliği(Aoç)Emniyet Mah.,2+1,38000.0
KarşıyakaYeşilevler Mh.,2+1,15000.0
BatıkentKardelen Mah.,3+1,30500.0
A.O.Çiftliği(Aoç)Gazi Mah.,2+1,27999.0
BatıkentCumhuriyet Mh.,1+1,35000.0
Demetevler,2+1,25000.0
YenimahalleKentkoop Mah.,3+1,35000.0
DemetevlerÇamlıca Mh.,1+1,28000.0
DemetevlerDemetgül Mh.,3+1,23000.0
DemetevlerÖzevler Mh.,3+1,19750.0
Batıkentİlkyerleşim Mh.,3+1,49000.0
BatıkentTurgut Özal Mh.,3+1,32500.0
ŞentepeBarıştepe Mh.,3+1,22500.0
YenimahalleSusuz Mah.,2+1,23950.0
YenimahalleAşağı Yahyalar Mh.,2+1,41000.0
BatıkentYeni Batı Mh.,3+1,35000.0
ŞentepeBarıştepe Mh.,3+1,24000.0
YenimahalleGayret Mah.,3+1,50000.0
ŞentepeAvcılar Mh.,3+1,35000.0
BatıkentErgazi Mah.,1+1,29000.0
DemetevlerMehmet Akif Ersoy Mah.,3+1,65000.0
ŞentepeBarıştepe Mh.,3+1,34000.0
Demetevler,3+1,22500.0
Batıkentİnönü Mh.,2+1,60000.0
YenimahalleSusuz Mah.,4+1,46500.0
KarşıyakaAnadolu Mah.,3+1,14000.0
YenimahalleAta Mh.,3+1,47000.0
ŞentepePamuklar Mah.,4+1,39000.0
YenimahalleGayret Mah.,1+1,35500.0
YenimahalleYuvaköy Mh.,4+1,65000.0
Yenimahalleİvedikköy Mh.,3+1,32000.0
YenimahalleIşınlar Mh.,3+1,36000.0
ŞentepePamuklar Mah.,4+1,40000.0
BatıkentErgazi Mah.,1+1,26000.0
YenimahalleYuvaköy Mh.,1+1,23000.0
ŞentepeGüventepe Mh.,3+1,21000.0
YenimahalleErgenekon Mah.,3+1,20000.0
YenimahalleKentkoop Mah.,3+1,36000.0
Batıkentİnönü Mh.,3+1,27000.0
YenimahalleKentkoop Mah.,3+1,35500.0
YenimahalleAta Mh.,3+1,30400.0
BatıkentÇakırlar Mh.,4+1,68000.0
BatıkentCumhuriyet Mh.,3+1,47500.0
BatıkentÇakırlar Mh.,3+1,47500.0
YenimahalleEsentepe Mah.,3+1,27500.0
ŞentepeGüventepe Mh.,4+1,40000.0
YenimahalleYuvaköy Mh.,2+1,39000.0
BatıkentÇakırlar Mh.,3+1,38000.0
YenimahalleAta Mh.,3+1,24000.0
BatıkentCumhuriyet Mh.,2+1,45000.0
DemetevlerMehmet Akif Ersoy Mah.,1+1,36000.0
BatıkentErgazi Mah.,2+1,40000.0
YenimahalleKentkoop Mah.,4+1,45000.0
Yenimahalle25 Mart Mah.,3+1,29000.0
DemetevlerDemetlale Mah.,3+1,35000.0
BatıkentErgazi Mah.,3+1,36000.0
BatıkentYeni Batı Mh.,3+1,33500.0
ŞentepeGüventepe Mh.,4+1,44000.0
YenimahalleErgenekon Mah.,3+1,21000.0
BatıkentKardelen Mah.,3+1,35000.0
BatıkentTurgut Özal Mh.,4+1,58000.0
İstasyonVarlık Mh.,4+1,34500.0
BatıkentBatı Sitesi Mh.,2+1,40750.0
Batıkentİnönü Mh.,3+1,26000.0
Batıkentİlkyerleşim Mh.,3+1,42500.0
Batıkentİlkyerleşim Mh.,4+1,42500.0
DemetevlerÖzevler Mh.,3+1,19000.0
ŞentepeÇiğdemtepe Mh.,3+1,32000.0
BatıkentCumhuriyet Mh.,1+1,28500.0
DemetevlerDemetgül Mh.,Stüdyo (1+0),11000.0
YenimahalleKuzey Yıldızı Mh.,3+1,28000.0
ŞentepeÇiğdemtepe Mh.,3+1,23000.0
BatıkentCumhuriyet Mh.,2.5+1,42500.0
DemetevlerÇamlıca Mh.,1+1,37500.0
Batıkentİlkyerleşim Mh.,4+1,45000.0
KarşıyakaYeşilevler Mh.,3+1,28000.0
BatıkentKardelen Mah.,4+1,70000.0
YenimahalleGayret Mah.,2+1,35000.0
Demetevler,3+1,36000.0
Demetevler,3+1,32000.0
YenimahalleAta Mh.,1+1,28000.0
İstasyonVarlık Mh.,2+1,33000.0
BatıkentTurgut Özal Mh.,2+1,32000.0
BatıkentCumhuriyet Mh.,Stüdyo (1+0),28000.0
BatıkentErgazi Mah.,2+1,37500.0
ŞentepePamuklar Mah.,4+1,40000.0
BatıkentCumhuriyet Mh.,2+1,40000.0
Batıkentİnönü Mh.,5+2,40000.0
Demetevler,3+1,25000.0
Yenimahalle25 Mart Mah.,2+1,20000.0
BatıkentKardelen Mah.,3+1,35000.0
Batıkentİnönü Mh.,1+1,34500.0
BatıkentUğur Mumcu Mh.,3+1,32000.0
BatıkentCumhuriyet Mh.,1+1,26000.0
BatıkentÇakırlar Mh.,4+1,44000.0
YenimahalleGayret Mah.,4+1,49999.0
BatıkentBatı Sitesi Mh.,1+1,33000.0
ŞentepePamuklar Mah.,2+1,26000.0
DemetevlerDemetlale Mah.,2+1,25000.0
YenimahalleSusuz Mah.,4+1,45000.0
YenimahalleYunus Emre Mah.,1+1,30000.0
BatıkentCumhuriyet Mh.,1+1,28000.0
ŞentepeBarıştepe Mh.,2+1,32000.0
BatıkentYeni Batı Mh.,3+1,25000.0
YenimahalleGayret Mah.,3+1,28000.0
KarşıyakaAnadolu Mah.,1+1,25000.0
Batıkentİlkyerleşim Mh.,3+1,45000.0
A.O.Çiftliği(Aoç)Emniyet Mah.,1+1,55000.0
YenimahalleSusuz Mah.,4+1,52500.0
OstimSerhat,3+1,38250.0
BatıkentCumhuriyet Mh.,1+1,25500.0
YenimahalleMacun Mah.,3+1,46000.0
DemetevlerDemetlale Mah.,3+1,20000.0
YenimahalleYunus Emre Mah.,5+1,42950.0
YenimahalleYuvaköy Mh.,1+1,29000.0
BatıkentErgazi Mah.,1+1,32500.0
ŞentepePamuklar Mah.,3+1,26000.0
YenimahalleKentkoop Mah.,2+1,28000.0
YenimahalleSusuz Mah.,1+1,25000.0
Batıkentİnönü Mh.,3+1,28000.0
BatıkentKardelen Mah.,3+1,38000.0
BatıkentÇakırlar Mh.,1+1,24000.0
YenimahalleSusuz Mah.,3+1,43500.0
Batıkentİnönü Mh.,4+1,83000.0
Demetevler,3+1,25500.0
BatıkentCumhuriyet Mh.,1+1,33000.0
KarşıyakaYeşilevler Mh.,3+1,17500.0
DemetevlerDemetgül Mh.,3+1,25000.0
BatıkentCumhuriyet Mh.,1.5+1,30000.0
BatıkentUğur Mumcu Mh.,3+1,42000.0
BatıkentTurgut Özal Mh.,3+1,32000.0
YenimahalleAta Mh.,3+1,36000.0
YenimahalleTepealtı Mh.,3+1,35500.0
KarşıyakaYeşilevler Mh.,4+1,46000.0
ŞentepeKayalar Mah.,3+1,33000.0
ŞentepeBarıştepe Mh.,3+1,30000.0
KarşıyakaKarşıyaka Mh.,3+1,38000.0
YenimahalleYakacık Mh.,3+1,25000.0
DemetevlerMehmet Akif Ersoy Mah.,1+1,30000.0
BatıkentTurgut Özal Mh.,1+1,35000.0
ŞentepePamuklar Mah.,3+1,37000.0
Batıkentİnönü Mh.,3+1,30250.0
YenimahalleAta Mh.,3+1,35000.0
YenimahalleAta Mh.,5+1,42000.0
YenimahalleTepealtı Mh.,2+1,27500.0
YenimahalleSusuz Mah.,2+1,30000.0
BatıkentCumhuriyet Mh.,1+1,32000.0
DemetevlerMehmet Akif Ersoy Mah.,3+1,47000.0
YenimahalleSusuz Mah.,4+1,45000.0
ŞentepeAvcılar Mh.,3+1,29000.0
BatıkentTurgut Özal Mh.,4+1,70000.0
YenimahalleAta Mh.,3+1,38000.0
YenimahalleErgenekon Mah.,3+1,30000.0
Batıkentİlkyerleşim Mh.,4+1,48000.0
YenimahalleYunus Emre Mah.,3+1,23000.0
KarşıyakaBarış Mh.,3+1,20000.0
YenimahalleKentkoop Mah.,3+1,32000.0
DemetevlerÇamlıca Mh.,1+1,25000.0
ŞentepeBurç Mh.,6+1,29000.0
YenimahalleBeştepe Mh.,3+1,27500.0
ŞentepeAvcılar Mh.,4+1,35500.0
DemetevlerÖzevler Mh.,3+1,21000.0
DemetevlerMehmet Akif Ersoy Mah.,2+1,35500.0
YenimahalleAşağı Yahyalar Mh.,4+1,45000.0
BatıkentBatı Sitesi Mh.,2+1,40000.0
OstimSerhat,3+1,37000.0
BatıkentTurgut Özal Mh.,1+1,32000.0
YenimahalleTepealtı Mh.,1+1,25000.0
YenimahalleYuvaköy Mh.,2+1,35000.0
DemetevlerDemetlale Mah.,2+1,25000.0
Demetevler,3+1,25000.0
YenimahalleIşınlar Mh.,2+1,20000.0
DemetevlerDemetlale Mah.,3+1,21000.0
BatıkentKardelen Mah.,2+1,42000.0
YenimahalleYunus Emre Mah.,3+1,42000.0
DemetevlerMehmet Akif Ersoy Mah.,2+1,27000.0
DemetevlerDemetlale Mah.,2+1,25000.0
KarşıyakaYeşilevler Mh.,3+1,18000.0
YenimahalleIşınlar Mh.,3+1,41000.0
BatıkentKardelen Mah.,1+1,29500.0
YenimahalleErgenekon Mah.,4+1,22500.0
BatıkentCumhuriyet Mh.,1+1,40000.0
YenimahalleYuvaköy Mh.,2+1,36000.0
BatıkentCumhuriyet Mh.,2+1,41000.0
Demetevler,4+1,19500.0
YenimahalleBeştepe Mh.,3+1,32000.0
ŞentepeBarıştepe Mh.,3+1,28500.0
DemetevlerDemetgül Mh.,3+1,30000.0
DemetevlerDemetgül Mh.,3+1,25500.0
BatıkentCumhuriyet Mh.,1+1,33000.0
A.O.Çiftliği(Aoç)Gazi Mah.,1+1,27000.0
Batıkentİlkyerleşim Mh.,4+1,52000.0
YenimahalleYunus Emre Mah.,3+1,24000.0
OstimSerhat,4+1,56000.0
OstimSerhat,4+1,56000.0
BatıkentCumhuriyet Mh.,2.5+1,48000.0
ŞentepeBarıştepe Mh.,1+1,24000.0
DemetevlerMehmet Akif Ersoy Mah.,1+1,24000.0
Yenimahalle25 Mart Mah.,3+1,33000.0
YenimahalleAta Mh.,3+1,46000.0
BatıkentBatı Sitesi Mh.,3+1,31500.0
DemetevlerÇamlıca Mh.,1+1,26500.0
YenimahalleSusuz Mah.,4+1,40000.0
ŞentepeGüventepe Mh.,2+1,19000.0
YenimahalleKuzey Yıldızı Mh.,3+1,30000.0
BatıkentTurgut Özal Mh.,2+1,31000.0
DemetevlerDemetgül Mh.,3+1,27000.0
BatıkentBatı Sitesi Mh.,3+1,24000.0
YenimahalleAta Mh.,3+1,43000.0
BatıkentCumhuriyet Mh.,1+1,31000.0
DemetevlerMehmet Akif Ersoy Mah.,3+1,40000.0
BatıkentUğur Mumcu Mh.,3+1,30000.0
BatıkentÇakırlar Mh.,3+1,40000.0
DemetevlerMehmet Akif Ersoy Mah.,1+1,37000.0
YenimahalleGayret Mah.,4+1,74900.0
BatıkentCumhuriyet Mh.,2+1,45000.0
DemetevlerDemetlale Mah.,3+1,25000.0
DemetevlerDemetlale Mah.,3+1,23000.0
YenimahalleGayret Mah.,1+1,29500.0
DemetevlerDemetgül Mh.,3+1,25000.0
BatıkentErgazi Mah.,2+1,40500.0
YenimahalleYuvaköy Mh.,1+1,29000.0
OstimSerhat,3+1,30000.0
YenimahalleKentkoop Mah.,3+1,35000.0
BatıkentCumhuriyet Mh.,1+1,29000.0
BatıkentCumhuriyet Mh.,1+1,29000.0
BatıkentÇakırlar Mh.,3+1,40000.0
DemetevlerÖzevler Mh.,3+1,21000.0
ŞentepePamuklar Mah.,2+1,27000.0
BatıkentUğur Mumcu Mh.,3+1,35000.0
DemetevlerÇamlıca Mh.,1+1,25000.0
ŞentepePamuklar Mah.,3+1,21000.0
YenimahalleAta Mh.,3+1,38500.0
A.O.Çiftliği(Aoç)Emniyet Mah.,2+1,26000.0
KarşıyakaKarşıyaka Mh.,3+1,17000.0
YenimahalleGayret Mah.,2+1,30000.0
BatıkentErgazi Mah.,1+1,33500.0
DemetevlerÖzevler Mh.,4+1,46000.0
BatıkentÇakırlar Mh.,3+1,50000.0
DemetevlerMehmet Akif Ersoy Mah.,2+1,28000.0
YenimahalleErgenekon Mah.,3+1,21000.0
ŞentepeBarıştepe Mh.,2+1,25000.0
BatıkentBatı Sitesi Mh.,3+1,35000.0
BatıkentTurgut Özal Mh.,4+1,49750.0
YenimahalleSusuz Mah.,2+1,35000.0
ŞentepePamuklar Mah.,4+1,39000.0
BatıkentCumhuriyet Mh.,1+1,32000.0
YenimahalleSusuz Mah.,4+1,50000.0
YenimahalleErgenekon Mah.,2+1,17900.0
KarşıyakaYeşilevler Mh.,3+1,18000.0
YenimahalleSusuz Mah.,1+1,35000.0
BatıkentCumhuriyet Mh.,1+1,29000.0
KarşıyakaYeşilevler Mh.,2+1,15000.0
BatıkentCumhuriyet Mh.,1+1,29000.0
BatıkentÇakırlar Mh.,4+1,52000.0
BatıkentÇakırlar Mh.,3+1,50000.0
BatıkentCumhuriyet Mh.,1+1,28000.0
YenimahalleErgenekon Mah.,2+1,22000.0
YenimahalleErgenekon Mah.,2+1,20000.0
YenimahalleKentkoop Mah.,2.5+1,42000.0
YenimahalleSusuz Mah.,1+1,27000.0
YenimahalleRagıp Tüzün Mh.,1+1,35000.0
DemetevlerÇamlıca Mh.,1+1,28000.0
BatıkentCumhuriyet Mh.,2+1,36000.0
ŞentepeBarıştepe Mh.,5+1,24000.0
A.O.Çiftliği(Aoç)Emniyet Mah.,4+1,90000.0
BatıkentBatı Sitesi Mh.,1+1,28000.0
YenimahalleYuvaköy Mh.,4+1,45000.0
DemetevlerMehmet Akif Ersoy Mah.,2+1,28500.0
DemetevlerDemetlale Mah.,3+1,32000.0
Batıkentİlkyerleşim Mh.,3+1,40000.0
Demetevler,3+1,28500.0
YenimahalleYunus Emre Mah.,3+1,27500.0
YenimahalleErgenekon Mah.,2+1,21000.0
BatıkentBatı Sitesi Mh.,1+1,38000.0
YenimahalleYakacık Mh.,4+1,21000.0
BatıkentUğur Mumcu Mh.,2+1,31000.0
ŞentepePamuklar Mah.,4+1,45000.0
ŞentepeÇiğdemtepe Mh.,3+1,22000.0
ŞentepeKayalar Mah.,4+1,40000.0
YenimahalleSusuz Mah.,4+1,51000.0
YenimahalleSusuz Mah.,2+1,35000.0
YenimahalleYakacık Mh.,3+1,22000.0
DemetevlerDemetlale Mah.,3+1,22650.0
BatıkentCumhuriyet Mh.,3+1,56000.0
BatıkentCumhuriyet Mh.,1+1,35000.0
DemetevlerDemetlale Mah.,3+1,29500.0
BatıkentKardelen Mah.,3+1,29000.0
YenimahalleErgenekon Mah.,3+1,23000.0
BatıkentCumhuriyet Mh.,1+1,35000.0
BatıkentBatı Sitesi Mh.,1+1,32500.0
Demetevler,2+1,21000.0
BatıkentCumhuriyet Mh.,1+1,23000.0
BatıkentCumhuriyet Mh.,1+1,34000.0
KarşıyakaKarşıyaka Mh.,2+1,28500.0
BatıkentKardelen Mah.,4+1,67500.0
BatıkentKardelen Mah.,4+1,67500.0
BatıkentKardelen Mah.,3+1,29000.0
DemetevlerÇamlıca Mh.,1+1,38000.0
YenimahalleYakacık Mh.,3+1,29000.0
BatıkentTurgut Özal Mh.,4+1,47000.0
BatıkentCumhuriyet Mh.,1.5+1,36000.0
YenimahalleYuvaköy Mh.,4+1,65000.0
ŞentepeBurç Mh.,3+1,30000.0
YenimahalleYuvaköy Mh.,1+1,25500.0
DemetevlerMehmet Akif Ersoy Mah.,2+1,30000.0
Batıkentİnönü Mh.,2+1,30750.0
ŞentepeBurç Mh.,3+1,27000.0
YenimahalleTepealtı Mh.,2+1,20000.0
BatıkentCumhuriyet Mh.,2.5+1,42000.0
BatıkentCumhuriyet Mh.,4+1,60000.0
YenimahalleYukarı Yahyalar Mh.,3+1,52000.0
YenimahalleGayret Mah.,3+1,28000.0
BatıkentErgazi Mah.,1+1,28500.0
Demetevler,3+1,30000.0
BatıkentBatı Sitesi Mh.,1+1,28000.0
BatıkentKardelen Mah.,4.5+1,49000.0
YenimahalleErgenekon Mah.,2+1,20000.0
KarşıyakaBarış Mh.,3+1,20000.0
DemetevlerDemetgül Mh.,2+1,20500.0
YenimahalleErgenekon Mah.,2+1,22000.0
Demetevler,2+1,25000.0
BatıkentUğur Mumcu Mh.,2+1,25000.0
İstasyonVarlık Mh.,3+1,40000.0
YenimahalleSusuz Mah.,4+1,57500.0
Demetevler,3+1,31500.0
Batıkentİlkyerleşim Mh.,3+1,45000.0
ŞentepePamuklar Mah.,2+1,32000.0
DemetevlerÖzevler Mh.,3+1,23000.0
YenimahalleSusuz Mah.,4+1,58000.0
DemetevlerMehmet Akif Ersoy Mah.,3+1,65000.0
YenimahalleKentkoop Mah.,3+1,33250.0
YenimahalleEsentepe Mah.,3+1,31000.0
YenimahalleYuvaköy Mh.,1+1,25000.0
YenimahalleSusuz Mah.,1+1,25000.0
YenimahalleSusuz Mah.,2+1,22000.0
BatıkentTurgut Özal Mh.,3+1,35000.0
DemetevlerÇamlıca Mh.,1+1,27000.0
YenimahalleKentkoop Mah.,2+1,25500.0
ŞentepeBurç Mh.,3+1,38500.0
YenimahalleSusuz Mah.,2+1,35000.0
YenimahalleYuvaköy Mh.,2+1,35000.0
DemetevlerÇamlıca Mh.,3+1,35000.0
Demetevler,3+1,33000.0
BatıkentCumhuriyet Mh.,1+1,26000.0
Demetevler,3+1,23000.0
OstimSerhat,3+1,35000.0
