Price,Location,Rooms
19.000 TL,Konyaaltı/Merkez,1+1
45.000 TL,Aksu,1+1
50.000 TL,Aksu,1+1
45.000 TL,Aksu,2+1
35.000 TL,Alanya,2+1
18.000 TL,Konyaaltı/Merkez,1+1
35.000 TL,Alanya,2+1
12.500 TL,Alanya,1+1
17.500 TL,Alanya,2+1
75.000 TL,Konyaaltı/Arapsuyu,3+1
98.000 TL,Konyaaltı/Arapsuyu,4+2
12.500 TL,Alanya/Beldeler,Stüdyo (1+0)
40.000 TL,Kumluca,4+1
31.000 TL,Konyaaltı/Arapsuyu,2+1
45.000 TL,Manavgat,2+1
20.000 TL,Finike/Beldeler,1+1
33.000 TL,Serik,2+1
29.000 TL,Konyaaltı/Arapsuyu,2+1
20.000 TL,Gazipaşa,1+1
16.500 TL,Konyaaltı/Merkez,1+1
36.000 TL,Aksu,1+1
8.000 TL,Muratpaşa/Meltem,Stüdyo (1+0)
15.000 TL,Alanya,1+1
18.000 TL,Alanya,1+1
37.000 TL,Alanya,2+1
100.000 TL,Konyaaltı/Arapsuyu,3+1
8.000 TL,Alanya/Demirtaş,1+1
35.000 TL,Alanya,1+1
30.000 TL,Alanya/Beldeler,Stüdyo (1+0)
17.000 TL,Alanya,1+1
25.000 TL,Alanya,1+1
18.500 TL,Alanya,1+1
40.000 TL,Konyaaltı/Arapsuyu,2+1
20.000 TL,Alanya,1+1
88.000 TL,Konyaaltı/Merkez,3+1
18.500 TL,Alanya,3+1
23.000 TL,Alanya,1+1
35.000 TL,Alanya,1+1
50.000 TL,Alanya,1+1
20.000 TL,Alanya,1+1
13.000 TL,Alanya,1+1
30.000 TL,Aksu,1+1
23.000 TL,Alanya,1+1
16.000 TL,Alanya,1+1
20.000 TL,Alanya/Beldeler,1+1
20.000 TL,Gazipaşa,1+1
21.000 TL,Aksu,1+1
49.500 TL,Alanya,2+1
35.000 TL,Alanya/Beldeler,2+1
15.000 TL,Gazipaşa,1+1
31.000 TL,Alanya,1+1
30.000 TL,Alanya,2+1
22.000 TL,Muratpaşa/Lara,2+1
30.000 TL,Alanya,2+1
45.000 TL,Alanya,4+1
50.000 TL,Alanya,1+1
35.000 TL,Aksu,2+1
50.000 TL,Alanya,1+1
42.500 TL,Manavgat,2+1
30.000 TL,Alanya,1+1
27.500 TL,Muratpaşa/Lara,2+1
15.000 TL,Alanya,1+1
19.000 TL,Alanya,2+1
10.000 TL,Konyaaltı/Arapsuyu,Stüdyo (1+0)
21.500 TL,Alanya,1+1
25.000 TL,Konyaaltı/Arapsuyu,2+1
40.000 TL,Alanya,2+1
40.000 TL,Alanya,3+1
28.000 TL,Alanya,1+1
32.000 TL,Alanya,1+1
9.500 TL,Muratpaşa/Meltem,Stüdyo (1+0)
10.000 TL,Muratpaşa/Bahçelievler,Stüdyo (1+0)
18.000 TL,Alanya,1+1
15.000 TL,Alanya,1+1
15.000 TL,Alanya,1+1
18.000 TL,MuratpaşaMeltem,1+1
18.000 TL,Kepez/Sütçüler,1+1
18.000 TL,Alanya,1+1
24.000 TL,Kepez/Düdenbaşı,1+1
28.500 TL,Alanya,1+1
35.000 TL,Alanya,2+1
22.000 TL,Alanya/Beldeler,2+1
25.000 TL,Alanya,1+1
30.000 TL,Aksu,1+1
27.000 TL,Serik,1+1
20.000 TL,Alanya,1+1
25.000 TL,Konyaaltı/Arapsuyu,Stüdyo (1+0)
58.000 TL,Manavgat,2+1
14.000 TL,Alanya,1+1
23.000 TL,Alanya,2+1
32.000 TL,Aksu,1+1
40.000 TL,Alanya/Beldeler,2+1
25.000 TL,Alanya/Beldeler,1+1
30.000 TL,Serik,1+1
45.000 TL,Kepez/Duraliler,1+1
30.000 TL,Konyaaltı/Merkez,1+1
13.000 TL,Alanya,1+1
55.000 TL,Alanya,4+1
20.000 TL,Aksu,1+1
11.000 TL,Aksu,2+1
22.000 TL,Konyaaltı/Köyler,1+1
25.000 TL,Manavgat,Stüdyo (1+0)
18.000 TL,Kaş/Köyler,1+1
23.000 TL,Konyaaltı/Köyler,3+1
3.500 TL,Demre/Köyler,2+1
40.000 TL,Kemer,2+1
35.000 TL,Kemer/Köyler,2+1
34.000 TL,Kaş/Köyler,3+2
20.000 TL,Konyaaltı/Köyler,2+1
2.000 TL,Kaş/Köyler,1+1
80.000 TL,Kaş/Köyler,1+1
840.000 TL,Kemer,7+1
15.000 TL,Manavgat/Köyler,3+1
15.500 TL,Kepez/Varsak,2+1
40.000 TL,Kemer,2+1
15.000 TL,Kumluca/Köyler,1+1
35.000 TL,Muratpaşa/Lara,1+1
17.000 TL,Kumluca/Köyler,1+1
16.000 TL,Serik,2+1
38.000 TL,Konyaaltı/Arapsuyu,2+1
35.000 TL,Kumluca/Beldeler,2+1
30.000 TL,Kumluca/Beldeler,1+1
10.000 TL,Kumluca/Köyler,1+1
13.500 TL,Aksu/Çalkaya,2+1
13.000 TL,Serik,3+1
30.000 TL,Aksu/Pınarlı,1+1
17.000 TL,Alanya,3+1
20.000 TL,Kepez/Ahatlı,2+1
2.500 TL,Kaş/Köyler,1+1
15.000 TL,Kepez/Erenköy,3+1
50.000 TL,Manavgat/Çolaklı,2.5+1
30.000 TL,Manavgat/Köyler,3+1
55.000 TL,Kepez/Duraliler,6+1
27.500 TL,Kaş/Köyler,1+1
2.250 TL,Manavgat/Çolaklı,2+1
25.000 TL,Alanya/Köyler,3+1
20.000 TL,Kemer/Köyler,1+1
8.000 TL,Kaş/Kalkan,1+1
21.500 TL,Konyaaltı/Merkez,Stüdyo (1+0)
14.000 TL,Aksu/Pınarlı,2+1
22.000 TL,Muratpaşa/Güzeloluk,2+1
57.500 TL,Döşemealtı/Merkez,4+1
50.000 TL,Kaş/Kalkan,2+1
15.000 TL,Serik/Köyler,2+1
18.000 TL,Konyaaltı/Köyler,3+1
20.000 TL,Konyaaltı/Arapsuyu,3+1
15.500 TL,Muratpaşa/Güzeloluk,2+1
38.000 TL,Kaş/Köyler,4+1
19.000 TL,Kemer/Tekirova,1+1
15.000 TL,Kaş/Köyler,1+1
14.000 TL,Kaş,1+1
1.800 TL,Demre/Kale(Demre),2+0
25.000 TL,Kaş,1+1
40.000 TL,Kaş/Kalkan,1+1
10.000 TL,Gazipaşa/Köyler,2+1
22.500 TL,Aksu,1+1
20.000 TL,Kumluca/Mavikent,2+1
40.000 TL,Muratpaşa/Lara,3+1
15.000 TL,Kepez/Erenköy,2+1
18.000 TL,Kemer/Göynük,1+1
24.000 TL,Kaş/Köyler,2+1
50.000 TL,Aksu,2+1
15.000 TL,Muratpaşa/Güzeloluk,3+1
23.000 TL,Konyaaltı/Köyler,3+1
30.000 TL,Kaş,Stüdyo (1+0)
20.000 TL,Konyaaltı/Merkez,2+1
35.000 TL,Manavgat/Taşağıl,2+1
2.500 TL,Demre/Kale(Demre),2+1
30.000 TL,Alanya,1+1
30.000 TL,DemreKale(Demre),2+1
10.000 TL,Manavgat/Köyler,1+1
35.000 TL,Alanya,4+1
30.000 TL,Kumluca/Köyler,2+1
45.000 TL,Kemer/Göynük,5+1
40.000 TL,Kumluca/Köyler,2+1
42.000 TL,Muratpaşa/Lara,2+1
35.000 TL,Kumluca/Köyler,1+1
20.000 TL,Muratpaşa/Lara,1+1
45.000 TL,Konyaaltı/Köyler,2+0
20.000 TL,Kepez/Sütçüler,3+1
20.000 TL,Aksu,2+1
13.000 TL,Finike,2+1
25.000 TL,Kumluca/Köyler,2+1
11.000 TL,Kepez/Erenköy,1+1
25.000 TL,Kepez/Altınova,3+1
40.000 TL,Kumluca/Mavikent,4+2
15.000 TL,Kepez/Köyler,2+1
75.000 TL,Manavgat/Çolaklı,2+1
20.000 TL,Kemer/Köyler,2+1
18.000 TL,Döşemealtı/Köyler,Stüdyo (1+0)
38.000 TL,Aksu,3+1
20.000 TL,Kumluca/Beldeler,1+1
6.000 TL,Kaş/Kalkan,1+1
42.000 TL,Kepez/Duraliler,5+1
55.000 TL,Muratpaşa/Lara,4+1
14.500 TL,Kepez/Köyler,2+1
30.000 TL,Manavgat/Köyler,2+1
40.000 TL,Kemer/Köyler,2.5+1
14.000 TL,Kepez/Erenköy,2+0
35.000 TL,Kaş/Kalkan,1+1
30.000 TL,Serik/Belek,3+1
25.000 TL,Kumluca/Köyler,2+1
40.000 TL,Kemer,Stüdyo (1+0)
17.000 TL,Döşemealtı/Merkez,2+1
17.000 TL,Aksu,2+1
100.000 TL,Korkuteli/Köyler,3+1
250.000 TL,Döşemealtı/Yeşilbayır,6+1
240.000 TL,Döşemealtı/Yeşilbayır,6+1
230.000 TL,Döşemealtı/Yeşilbayır,8+2
180.000 TL,Döşemealtı/Yeşilbayır,6+1
5.000 TL,Kaş/Köyler,3+1
35.000 TL,Alanya,2+1
12.000 TL,Kaş/Kalkan,4+1
200.000 TL,Kemer/Tekirova,5+1
40.000 TL,Alanya,3.5+1
75.000 TL,Döşemealtı/Merkez,4+1
160.000 TL,Serik/Belek,10 Üzeri
150.000 TL,Alanya,6+1
135.000 TL,Kaş/Kalkan,4+1
5.000 TL,Kaş/Kalkan,3+1
40.000 TL,Manavgat/Köyler,3+1
5.000 TL,Kaş/Kalkan,2+1
30.000 TL,Alanya,3+1
150.000 TL,Döşemealtı/Yeşilbayır,5+1
85.000 TL,Manavgat,3+1
100.000 TL,Konyaaltı/Arapsuyu,5+1
40.000 TL,Serik/Belek,4+1
100.000 TL,Kaş/Kalkan,3+1
5.000 TL,Demre/Köyler,1+1
35.000 TL,Aksu/Köyler,3+1
9.000 TL,Kaş/Kalkan,2+1
49.000 TL,Muratpaşa/Lara,5+1
51.000 TL,Kepez/Köyler,5+1
87.500 TL,Manavgat/Ilıca,5+1
55.000 TL,Kepez/Köyler,3+1
100.000 TL,Alanya,1+1
135.000 TL,Döşemealtı/Merkez,5+1
90.000 TL,Döşemealtı/Merkez,8+1
9.000 TL,Kaş/Köyler,3+1
5.000 TL,Kaş/Kalkan,2+1
100.000 TL,Kemer,3+1
75.000 TL,Serik,5+1
60.000 TL,Kepez/Varsak,5+2
40.000 TL,Kaş/Kalkan,2+1
130.000 TL,Alanya,3+1
115.000 TL,Alanya,4+1
135.000 TL,Alanya,3+1
200.000 TL,Kemer/Tekirova,3+1
5.000 TL,Kaş/Köyler,2+1
175.000 TL,Muratpaşa/Lara,5+1
160.000 TL,Aksu/Köyler,6+2
35.000 TL,Kumluca/Mavikent,6+1
70.000 TL,Serik/Belek,4+1
50.000 TL,Serik/Belek,3+1
60.000 TL,Serik,3+1
24.000 TL,Manavgat/Köyler,2+1
14.000 TL,Kaş/Kalkan,2+1
6.000 TL,Kaş/Kalkan,2+1
12.000 TL,Kaş/Kalkan,4+1
130.000 TL,Konyaaltı/Arapsuyu,7+1
53.000 TL,Alanya,5+1
6.500 TL,Kaş/Kalkan,3+1
5.000 TL,Kaş/Kalkan,2+1
75.000 TL,Serik,3+1
80.000 TL,Serik,6+1
60.000 TL,Döşemealtı/Merkez,5+2
33.000 TL,Aksu/Köyler,2+1
155.000 TL,Serik/Belek,6+1
35.000 TL,Serik,3+1
45.000 TL,Serik/Belek,4+1
33.000 TL,Kaş/Kalkan,2+1
75.000 TL,Serik,4+1
35.000 TL,Alanya,2+1
40.000 TL,Alanya,2+1
87.000 TL,Muratpaşa/Lara,6+1
42.500 TL,Serik,3+1
45.000 TL,Manavgat,3+1
82.500 TL,Alanya,6+1
5.000 TL,Kaş/Kalkan,1+1
24.000 TL,Manavgat/Köyler,4+1
150.000 TL,Muratpaşa/Lara,4+2
12.000 TL,Kaş/Köyler,2+1
220.000 TL,Kaş,5+1
5.000 TL,Kaş/Kalkan,7+2
100.000 TL,Aksu,7+1
5.000 TL,Kaş/Kalkan,2+1
52.500 TL,Alanya,3+1
48.000 TL,Manavgat,4+1
95.000 TL,Kaş/Kalkan,2+1
8.000 TL,Kaş/Köyler,2+1
43.000 TL,Alanya/İncekum (Yeşilköy),3+1
250.000 TL,Kemer,6+1
65.000 TL,Döşemealtı/Yeşilbayır,3+1
5.000 TL,Serik/Belek,3+1
90.000 TL,Muratpaşa/Lara,3+1
45.000 TL,Alanyaİncekum (Yeşilköy),3+1
15.500 TL,Kaş/Kalkan,5+1
100.000 TL,Kemer,3.5+1
175.000 TL,Muratpaşa/Lara,5+1
26.000 TL,Kaş/Kalkan,4+1
30.000 TL,Serik/Belek,5+1
125.000 TL,Kemer/Göynük,3+1
65.000 TL,Alanya,3+1
45.000 TL,Serik/Belek,3+1
60.000 TL,Muratpaşa/Lara,6+1
70.000 TL,Manavgat/Köyler,3+2
20.000 TL,Demre/Kale(Demre),2+0
50.000 TL,Demre/Kale(Demre),3+1
6.850 TL,Kaş/Kalkan,2+1
7.000 TL,Serik/Belek,2.5+1
75.000 TL,Serik,4+1
5.000 TL,Kaş/Kalkan,2+1
95.000 TL,Konyaaltı/Arapsuyu,4+1
35.000 TL,Serik,3+1
80.000 TL,Döşemealtı/Yeniköy,4+1
55.000 TL,Aksu/Çalkaya,3+1
70.000 TL,Kaş/Kalkan,6+3
52.000 TL,Aksu/Köyler,4+1
36.000 TL,Manavgat/Ilıca,3+1
94.000 TL,Muratpaşa/Lara,5+1
6.000 TL,Demre/Kale(Demre),2+1
43.000 TL,Manavgat,3+1
225.000 TL,Alanya,4+1
37.500 TL,Serik,3+1
11.000 TL,Alanya/İncekum (Yeşilköy),4+1
65.000 TL,Döşemealtı/Yeşilbayır,4+1
7.000 TL,Kaş/Kalkan,4+1
60.000 TL,Kaş/Köyler,3+1
7.000 TL,Kaş,2+1
25.000 TL,Kaş/Köyler,2+1
55.000 TL,Kaş/Köyler,2+1
160.000 TL,Konyaaltı/Arapsuyu,5+1
55.000 TL,Aksu,3+1
15.000 TL,Kemer,3+1
30.000 TL,Serik,4+1
85.000 TL,Serik/Belek,5+1
60.000 TL,Alanya,3+1
40.000 TL,Serik,2+1
300.000 TL,Muratpaşa/Lara,5+1
115.000 TL,Konyaaltı/Arapsuyu,3+2
45.000 TL,Serik,5+1
40.000 TL,Serik,4+1
6.000 TL,Serik,3+1
55.000 TL,Serik,4+1
37.500 TL,Kepez/Varsak,6+1
35.000 TL,Manavgat/Çolaklı,2+1
5.000 TL,Demre/Köyler,1+1
40.000 TL,Kemer/Köyler,2+1
70.000 TL,Muratpaşa/Lara,6+3
105.000 TL,Serik,5+1
110.000 TL,Manavgat/Taşağıl,5+1
10.000 TL,Kaş/Kalkan,2+1
74.500 TL,Aksu,3+1
33.500 TL,Manavgat,3+1
215.000 TL,Muratpaşa/Lara,4+1
175.000 TL,Alanya,4+1
55.000 TL,Aksu,2+1
160.000 TL,Döşemealtı/Yeşilbayır,4+1
80.000 TL,Serik,4+1
25.000 TL,Kemer,2+1
25.000 TL,Aksu/Köyler,2+1
90.000 TL,Serik/Belek,4+1
35.000 TL,Serik,2+1
52.000 TL,Alanya,3+1
60.000 TL,Serik/Belek,5+1
80.000 TL,Döşemealtı/Yeşilbayır,3+1
50.000 TL,Serik,4+1
70.000 TL,Serik,3+1
5.000 TL,Alanya/İncekum (Yeşilköy),3+1
90.000 TL,Konyaaltı/Arapsuyu,3+1
95.000 TL,Aksu/Köyler,6+1
65.000 TL,Aksu,5+1
28.000 TL,Aksu/Köyler,3+1
65.000 TL,Aksu,3+1
7.000 TL,Kaş/Kalkan,2+1
120.000 TL,Kepez/Köyler,4+1
100.000 TL,Serik/Belek,5+1
55.000 TL,Serik/Belek,4+1
165.000 TL,SerikBelek,3+1
165.000 TL,Konyaaltı/Köyler,3+1
68.000 TL,Döşemealtı/Köyler,3+1
46.000 TL,Serik,5+1
150.000 TL,Muratpaşa/Lara,5+1
5.000 TL,Kaş/Kalkan,2+1
55.000 TL,Kepez/Köyler,5+1
60.000 TL,Aksu,4+1
75.000 TL,Döşemealtı/Yeşilbayır,4+1
35.000 TL,Alanya/Beldeler,4+1
60.000 TL,Manavgat,2+1
75.000 TL,Alanya,3+1
30.000 TL,Döşemealtı/Köyler,2+1
45.000 TL,Serik/Belek,5+1
5.000 TL,Kaş/Kalkan,2+1
85.000 TL,Konyaaltı/Köyler,5+1
30.000 TL,KemerGöynük,2+1
85.000 TL,Serik,4+1
30.000 TL,Alanya/Beldeler,2+1
150.000 TL,Kemer/Göynük,7+2
42.000 TL,Manavgat/Ilıca,2+1
45.000 TL,Kumluca/Mavikent,5+1
55.000 TL,Aksu/Köyler,3+1
46.000 TL,Serik,3+1
40.000 TL,Kemer,3+1
58.000 TL,Muratpaşa/Lara,5+2
7.000 TL,Kaş/Köyler,3+1
14.999 TL,Kaş/Kalkan,4+1
5.000 TL,Kaş/Kalkan,2+1
5.000 TL,Kaş/Kalkan,2+1
5.500 TL,Kaş/Kalkan,2+1
85.000 TL,Serik/Belek,6+1
80.000 TL,Muratpaşa/Lara,4+1
100.000 TL,Serik/Belek,4+1
60.000 TL,Konyaaltı/Arapsuyu,3+1
75.000 TL,Demre/Kale(Demre),6+3
130.000 TL,Döşemealtı/Merkez,5+1
200.000 TL,Konyaaltı/Arapsuyu,6+1
190.000 TL,Kaş/Kalkan,3+1
80.000 TL,Serik,3+1
60.000 TL,Döşemealtı/Merkez,4+1
75.000 TL,Döşemealtı/Yeşilbayır,7+1
80.000 TL,Serik,4+1
10.000 TL,Kaş/Köyler,3+1
35.000 TL,Manavgat,2+1
99.000 TL,Kaş/Kalkan,2+1
95.000 TL,Manavgat,4+1
120.000 TL,Döşemealtı/Merkez,3+1
70.000 TL,Döşemealtı/Yeşilbayır,7+1
120.000 TL,ManavgatÇolaklı,3+2
52.000 TL,Kepez/Köyler,3+2
35.500 TL,Finike/Beldeler,2+1
16.500 TL,Serik/Belek,4+1
105.000 TL,Manavgat/Çolaklı,5.5+1
148.000 TL,Serik,3+1
65.000 TL,Döşemealtı/Yeniköy,3+1
80.000 TL,Serik/Belek,4+1
28.000 TL,Serik,5+1
35.000 TL,Alanya/Beldeler,3+1
65.000 TL,Manavgat/Ilıca,6+1
80.000 TL,Kepez/Köyler,4+1
85.000 TL,Serik,6+1
45.000 TL,Konyaaltı/Köyler,2+1
65.000 TL,Serik,3+1
60.000 TL,Serik,5+1
85.000 TL,Serik,4+1
5.000 TL,Kaş/Kalkan,2+1
45.000 TL,Muratpaşa/Lara,3+1
10.000 TL,Alanya/Köyler,3+1
27.500 TL,Serik,3+1
60.000 TL,Döşemealtı/Merkez,5+1
75.000 TL,Serik/Belek,3+1
42.000 TL,Kumluca/Mavikent,6+1
75.000 TL,Serik,3+1
6.000 TL,Kaş/Kalkan,2+1
8.500 TL,Kaş/Kalkan,2+1
65.000 TL,Serik,4+1
55.000 TL,Serik,3+1
85.000 TL,Serik,3+1
105.000 TL,Döşemealtı/Yeşilbayır,4+1
165.000 TL,Konyaaltı/Arapsuyu,5+1
75.000 TL,Döşemealtı/Yeşilbayır,3+1
135.000 TL,Konyaaltı/Arapsuyu,4+1
6.000 TL,Alanya,2+1
40.000 TL,Alanya/İncekum (Yeşilköy),3+1
97.500 TL,Konyaaltı/Arapsuyu,5+1
100.000 TL,Kemer/Göynük,4+1
110.000 TL,Kepez/Köyler,4+1
65.000 TL,Alanya,4+1
5.000 TL,Kaş/Köyler,2+1
15.000 TL,Kaş/Kalkan,3+1
70.000 TL,Döşemealtı/Merkez,4+1
95.000 TL,Konyaaltı/Arapsuyu,6+1
60.000 TL,Serik/Belek,3+1
37.500 TL,Gazipaşa,3+1
135.000 TL,Manavgat,4+1
40.000 TL,Serik,3+1
28.000 TL,Aksu/Köyler,2+1
33.000 TL,Aksu/Köyler,2+1
150.000 TL,Konyaaltı/Arapsuyu,6+1
95.000 TL,Döşemealtı/Düzlerçamı,5+1
60.000 TL,Döşemealtı/Merkez,5+1
150.000 TL,Muratpaşa/Lara,5+1
10.000 TL,Kaş/Kalkan,4+1
7.000 TL,Kaş/Kalkan,2+1
40.000 TL,DöşemealtıMerkez,4+1
5.000 TL,Kaş/Kalkan,3+1
100.000 TL,Konyaaltı/Arapsuyu,6+1
30.000 TL,Serik,2+1
120.000 TL,Döşemealtı/Yeşilbayır,4+1
15.000 TL,Serik/Belek,6+1
63.000 TL,Kaş/Kalkan,1+1
35.000 TL,Serik,2+1
55.000 TL,Serik/Belek,6+1
70.000 TL,Serik/Belek,4+1
135.000 TL,Kaş/Kalkan,4+1
52.000 TL,Serik,5+1
50.500 TL,Serik,4+1
150.000 TL,Konyaaltı/Arapsuyu,7+1
14.500 TL,Kaş/Kalkan,3+1
7.000 TL,Kaş/Kalkan,4+1
80.000 TL,Serik,3+1
40.000 TL,Kemer/Köyler,2+1
175.000 TL,Aksu/Köyler,3+1
60.000 TL,Muratpaşa/Lara,5+1
12.000 TL,Kaş/Köyler,3+1
7.000 TL,Kaş/Kalkan,2+1
37.000 TL,Serik,4+1
45.000 TL,KaşKalkan,5+2
50.000 TL,Manavgat/Çolaklı,4+1
35.000 TL,Alanya/İncekum (Yeşilköy),4+1
50.000 TL,Serik,5+1
8.500 TL,Kaş/Kalkan,2+1
80.000 TL,Konyaaltı/Köyler,4+1
75.000 TL,Serik/Belek,4+1
45.000 TL,Gazipaşa/Köyler,2+1
70.000 TL,Kepez/Varsak,5+2
100.000 TL,Kemer,4.5+1
95.000 TL,Döşemealtı/Merkez,5+1
55.000 TL,Aksu/Köyler,4+1
500.000 TL,Kaş/Kalkan,3+2
115.000 TL,Muratpaşa/Lara,5+1
60.000 TL,Manavgat,4+1
75.000 TL,Kepez/Duraliler,3+1
110.000 TL,Konyaaltı/Arapsuyu,5+1
78.000 TL,KaşKalkan,2+1
78.000 TL,Aksu,4+1
30.000 TL,Manavgat/Köyler,2+1
9.000 TL,Kaş/Köyler,1+1
100.000 TL,Kepez/Köyler,4+1
50.000 TL,Kaş/Kalkan,1+1
150.000 TL,Döşemealtı/Yeşilbayır,5+1
50.000 TL,Alanya,3+1
37.000 TL,Kaş/Köyler,1+1
85.000 TL,Aksu/Köyler,4+1
55.000 TL,Aksu/Köyler,4+1
390.000 TL,Kaş/Kalkan,5+1
95.000 TL,Kaş/Kalkan,2+1
112.500 TL,Kaş/Kalkan,3+1
45.000 TL,Aksu/Köyler,4+1
30.000 TL,Aksu/Köyler,2+1
135.000 TL,Döşemealtı/Merkez,5+1
5.000 TL,KonyaaltıArapsuyu,3+1
120.000 TL,Döşemealtı/Merkez,4+1
75.000 TL,Konyaaltı/Köyler,4+1
58.000 TL,Kaş/Kalkan,3+1
50.000 TL,Kemer,3+1
70.000 TL,Muratpaşa/Lara,3+1
38.000 TL,Manavgat/Ilıca,2+1
65.000 TL,Serik,5+1
95.000 TL,Konyaaltı/Arapsuyu,6+1
90.000 TL,Döşemealtı/Yeşilbayır,4+1
70.000 TL,Serik,3+1
150.000 TL,Konyaaltı/Arapsuyu,4+1
75.000 TL,Kepez/Duraliler,3+1
90.000 TL,Kemer,3+1
5.000 TL,Kaş/Kalkan,3+1
5.000 TL,Kaş/Kalkan,2+1
55.000 TL,Serik,3+1
36.500 TL,Serik,3+1
35.000 TL,Serik/Belek,3+1
120.000 TL,Serik/Belek,3+1
90.000 TL,Muratpaşa/Gençlik,5+1
125.000 TL,Alanya,6+2
100.000 TL,Döşemealtı/Yeniköy,4+1
5.000 TL,Manavgat/Çolaklı,2+1
50.000 TL,Alanya/İncekum (Yeşilköy),4+1
100.000 TL,Alanyaİncekum (Yeşilköy),4+1
35.000 TL,Manavgat/Köyler,3+1
100.000 TL,Demre/Kale(Demre),5+2
110.000 TL,Döşemealtı/Merkez,5+1
10.000 TL,Kaş/Köyler,2+1
140.000 TL,Döşemealtı/Merkez,5+1
52.000 TL,Alanya,4+1
130.000 TL,Muratpaşa/Lara,4+1
60.000 TL,Serik,5+1
390.000 TL,Kaş/Kalkan,5+1
50.000 TL,Serik,4+1
60.000 TL,Serik,4+1
90.000 TL,Döşemealtı/Merkez,6+1
50.000 TL,Kepez/Köyler,3+2
110.000 TL,Alanya,3+1
200.000 TL,MuratpaşaLara,4+1
50.000 TL,Serik,4+1
25.000 TL,Serik/Belek,3+1
70.000 TL,Konyaaltı/Köyler,3+2
150.000 TL,Muratpaşa/Lara,5+2
138.000 TL,Serik,4+1
115.000 TL,Aksu,4+1
60.000 TL,Serik,5+1
200.000 TL,Konyaaltı/Köyler,8+3
40.000 TL,Muratpaşa/Lara,2+1
65.000 TL,Serik,4+1
5.000 TL,Kaş/Kalkan,2+1
80.000 TL,Serik/Belek,4+1
100.000 TL,Kemer,5+1
12.000 TL,Serik,4+1
50.000 TL,Serik,4+1
95.000 TL,Serik,4+1
110.000 TL,Serik/Belek,4+2
5.000 TL,Kaş/Kalkan,3+1
165.000 TL,Kaş/Kalkan,3+1
55.000 TL,Alanya,2+1
55.750 TL,Döşemealtı/Yeşilbayır,4+1
45.000 TL,Kaş/Köyler,4+1
50.000 TL,Döşemealtı/Merkez,3+1
5.000 TL,Kaş/Kalkan,2+1
80.000 TL,Kemer,4+1
60.000 TL,Kemer,3+1
5.000 TL,Kaş/Kalkan,3+1
55.000 TL,Aksu,2+1
60.000 TL,Kemer/Tekirova,3+1
100.000 TL,Döşemealtı/Merkez,7+1
50.000 TL,Serik,4+1
60.000 TL,Döşemealtı/Merkez,6+2
95.000 TL,Kemer,2+1
20.000 TL,Demre/Kale(Demre),3+0
55.000 TL,Aksu,3+0
160.000 TL,Döşemealtı/Yeşilbayır,4+1
78.000 TL,Alanya,3+1
70.000 TL,Kaş,2+1
50.000 TL,Manavgat/Ilıca,4.5+1
70.000 TL,Serik,3+1
12.000 TL,Serik/Belek,4+1
70.000 TL,Konyaaltı/Köyler,3+2
18.000 TL,DöşemealtıMerkez,3+1
65.000 TL,Aksu,3+1
75.000 TL,Serik/Belek,3+1
70.000 TL,Aksu,3+1
18.000 TL,Kemer,4+1
6.000 TL,Kaş/Kalkan,2+1
9.500 TL,Serik,3+1
115.000 TL,Konyaaltı/Arapsuyu,5+2
15.000 TL,Kaş/Köyler,2+1
45.000 TL,Manavgat/Köyler,4+3
110.000 TL,Döşemealtı/Merkez,4+1
50.000 TL,Kumluca/Beykonak,4+1
28.000 TL,Alanya,2+1
35.000 TL,Kemer,3+1
5.000 TL,Kaş/Kalkan,3+1
55.000 TL,Muratpaşa/Lara,3+1
85.000 TL,Serik,8+1
50.000 TL,Konyaaltı/Köyler,4+1
16.500 TL,Kemer,4+1
5.000 TL,Alanya,4+1
100.000 TL,Serik/Belek,6+1
6.000 TL,Serik/Belek,4+1
55.000 TL,Aksu,2+1
9.000 TL,Kaş/Kalkan,3+1
50.000 TL,Kaş/Kalkan,4+1
180.000 TL,Döşemealtı/Düzlerçamı,5+1
10.000 TL,Kaş,3+1
60.000 TL,Döşemealtı/Merkez,5+1
5.000 TL,Kaş/Kalkan,4+1
25.000 TL,Serik,2+1
7.000 TL,Kaş/Kalkan,3+1
8.000 TL,Kaş/Kalkan,3+1
55.000 TL,Kaş/Kalkan,4+1
110.000 TL,Konyaaltı/Arapsuyu,6+1
55.000 TL,Serik/Belek,3+1
95.000 TL,Serik,4+1
60.000 TL,Serik/Belek,4+1
35.000 TL,Kaş/Kalkan,1+1
45.000 TL,Kaş/Kalkan,2+1
70.000 TL,Kepez/Varsak,5+1
200.000 TL,Serik/Belek,7+1
50.000 TL,Manavgat/Ilıca,4+1
10.000 TL,Kaş/Kalkan,3+1
14.500 TL,Kaş/Kalkan,2+1
70.000 TL,Konyaaltı/Köyler,4+1
70.000 TL,Serik/Belek,5+2
25.000 TL,Demre/Kale(Demre),3+1
140.000 TL,Kemer,4+1
180.000 TL,Konyaaltı/Arapsuyu,5+1
110.000 TL,Kepez/Köyler,4+1
8.500 TL,Kaş/Kalkan,3+1
80.000 TL,Konyaaltı/Köyler,3+1
50.000 TL,Serik,4+1
35.000 TL,Serik,3+1
30.000 TL,Demre/Kale(Demre),4+1
70.000 TL,Serik/Belek,4+1
42.000 TL,Serik,3+1
59.000 TL,Döşemealtı/Yeşilbayır,4+1
8.500 TL,Kaş/Kalkan,3+1
350.000 TL,Muratpaşa/Fener,5+2
75.000 TL,Serik,4+1
42.000 TL,Aksu/Köyler,2+1
64.000 TL,Kaş/Kalkan,2+1
40.000 TL,KaşKalkan,4+1
40.000 TL,Serik,3+1
75.000 TL,Döşemealtı/Yeşilbayır,3+1
50.000 TL,Alanya/Beldeler,5+1
70.000 TL,Muratpaşa/Lara,2+1
25.000 TL,Kaş/Kalkan,2+1
40.000 TL,Alanya,3+1
80.000 TL,Serik,6+1
10.000 TL,Kaş/Kalkan,4+1
6.500 TL,Kemer,4+1
130.000 TL,Konyaaltı/Arapsuyu,7+1
130.000 TL,Aksu,4+1
60.000 TL,Serik/Belek,4+1
5.500 TL,Kaş/Kalkan,1+1
64.000 TL,Alanya,3+1
180.000 TL,Alanya,3+2
140.000 TL,Kemer,4+1
25.000 TL,Serik,3+1
95.000 TL,Döşemealtı/Merkez,4+1
270.000 TL,Muratpaşa/Lara,4+1
42.000 TL,Döşemealtı/Merkez,3+1
115.000 TL,Aksu,4+1
75.000 TL,Döşemealtı/Merkez,5+1
87.500 TL,Serik,6+2
95.000 TL,Demre/Kale(Demre),3+0
48.000 TL,Serik/Belek,4+1
90.000 TL,Aksu/Köyler,4+1
110.000 TL,Döşemealtı/Yeşilbayır,4+1
12.500 TL,Serik/Belek,4+1
7.000 TL,Kaş/Köyler,3+1
79.500 TL,Aksu,5+1
45.000 TL,Kemer/Göynük,4+1
44.990 TL,Alanya,3+1
85.000 TL,Serik,3+1
65.000 TL,Serik,3+1
5.000 TL,Kaş/Köyler,2+1
5.000 TL,Kaş/Kalkan,2+1
5.000 TL,Kaş/Kalkan,1+1
5.000 TL,Kaş/Kalkan,1+1
25.000 TL,Alanya,2+1
65.000 TL,Kepez/Köyler,4+1
65.000 TL,Döşemealtı/Yeşilbayır,5+1
5.000 TL,KaşKalkan,5+1
135.000 TL,Muratpaşa/Gençlik,2+1
88.000 TL,Döşemealtı/Merkez,5+1
200.000 TL,Döşemealtı/Yeşilbayır,6+1
30.000 TL,Gazipaşa,2+1
34.000 TL,Kaş/Kalkan,5+2
100.000 TL,Kaş/Köyler,2
14.500 TL,Döşemealtı/Merkez,1
20.000 TL,Alanya,2+1
35.000 TL,Kepez/Erenköy,2+1
75.000 TL,Konyaaltı/Arapsuyu,2+1
16.000 TL,Korkuteli,2+1
13.000 TL,Alanya/İncekum (Yeşilköy),3+1
20.500 TL,KepezDüdenbaşı,2+1
25.000 TL,Döşemealtı/Yeniköy,1+1
17.000 TL,Manavgat,2+1
30.000 TL,Manavgat,3+1
35.000 TL,Alanya/Beldeler,3+1
12.500 TL,Serik,2+1
20.000 TL,Alanya,3+1
10.000 TL,Alanya,1+1
23.000 TL,Korkuteli,4+1
38.000 TL,Muratpaşa/Lara,2+1
31.000 TL,Döşemealtı/Yeniköy,1+1
20.500 TL,Kepez/Düdenbaşı,1+1
33.000 TL,Konyaaltı/Arapsuyu,3+1
35.000 TL,Aksu,2+1
17.000 TL,Döşemealtı/Yeniköy,1+1
25.000 TL,Manavgat,3+1
31.000 TL,Muratpaşa/Lara,1+1
28.000 TL,Manavgat,3+1
40.000 TL,Konyaaltı/Arapsuyu,1+1
20.000 TL,Manavgat,3+1
25.000 TL,Aksu,2+1
18.000 TL,Manavgat,2+1
29.000 TL,Kepez/Ahatlı,2+1
65.000 TL,Konyaaltı/Merkez,3+1
25.000 TL,Manavgat/Sarılar,2+1
12.000 TL,Alanya,3+1
25.000 TL,Aksu,2+1
35.000 TL,Kepez/Yeniemek,2+1
23.000 TL,Korkuteli,2+1
18.000 TL,Alanya,2+1
25.000 TL,Alanya,2+1
26.500 TL,Aksu,1+1
24.500 TL,Döşemealtı/Yeniköy,2+1
20.000 TL,Döşemealtı/Yeniköy,1+1
36.500 TL,Aksu,1+1
25.000 TL,Aksu/Köyler,1+1
18.500 TL,Manavgat/Sarılar,2+0
25.750 TL,Serik,3+2
18.000 TL,Alanya,2+1
18.000 TL,Kepez/Düdenbaşı,1+1
22.000 TL,Aksu,1+1
18.000 TL,Döşemealtı/Yeniköy,1+1
26.000 TL,Manavgat,3+1
32.000 TL,Kepez/Erenköy,2+1
29.000 TL,Kepez/Ahatlı,2+1
20.000 TL,Döşemealtı/Yeniköy,1+1
11.000 TL,Manavgat/Köyler,1+1
15.000 TL,Kaş/Köyler,2.5+1
13.500 TL,Serik,4+1
35.000 TL,Konyaaltı/Merkez,2+1
11.000 TL,KepezDüdenbaşı,2+1
30.000 TL,Muratpaşa/Bahçelievler,2+1
17.000 TL,Alanya,2+1
25.000 TL,Aksu,1+1
46.000 TL,Kepez/Duraliler,1+1
20.000 TL,Kepez/Yeniemek,2+1
110.000 TL,Muratpaşa/Bahçelievler,4+1
20.000 TL,Manavgat,3+1
23.000 TL,Aksu,1+1
18.000 TL,Kepez/Sütçüler,1+1
22.500 TL,Aksu,1+1
15.000 TL,Korkuteli/Bozova,2+1
35.000 TL,Manavgat,2+1
55.000 TL,Manavgat/Ilıca,2+1
27.000 TL,Kepez/Yeniemek,3+1
60.000 TL,Manavgat/Ilıca,3+1
20.000 TL,Manavgat/Sarılar,2+1
25.000 TL,Alanya,2+1
70.000 TL,Manavgat/Ilıca,4+1
80.000 TL,Muratpaşa/Fener,2+1
33.000 TL,Döşemealtı/Yeniköy,1+1
28.000 TL,Muratpaşa/Meltem,3+1
27.500 TL,Döşemealtı/Yeniköy,2+1
30.000 TL,Aksu,1+1
40.000 TL,Döşemealtı/Yeşilbayır,2+1
22.000 TL,Kepez/Düdenbaşı,2+1
23.000 TL,Manavgat/Sarılar,3+1
11.000 TL,Alanya/İncekum (Yeşilköy),2+1
33.000 TL,Kepez/Ahatlı,3+1
19.000 TL,Alanya/Beldeler,3+1
30.000 TL,Aksu,2+1
20.000 TL,Kepez/Yeniemek,2+1
25.000 TL,Manavgat,2+1
18.000 TL,Manavgat,3+1
28.000 TL,Muratpaşa/Kızıltoprak,2+1
70.000 TL,Muratpaşa/Fener,3+1
20.000 TL,Manavgat/Çolaklı,2+1
34.000 TL,Kepez/Erenköy,1+1
24.000 TL,Manavgat,3+1
31.000 TL,Kepez/Ahatlı,2+1
70.000 TL,Aksu/Köyler,2+1
18.000 TL,Kepez/Duraliler,2+0
22.000 TL,Kepez/Düdenbaşı,1+1
20.000 TL,Manavgat,2+1
17.000 TL,Kepez/Erenköy,1+1
27.000 TL,Kepez/Ahatlı,1+1
15.000 TL,Manavgat,2+1
36.000 TL,Manavgat/Sarılar,4+1
11.000 TL,Korkuteli,2+1
25.000 TL,Manavgat,3+1
21.500 TL,Manavgat,3+1
18.000 TL,Alanya/Beldeler,2+1
21.000 TL,Serik,3+1
24.000 TL,Manavgat/Çolaklı,3+1
19.000 TL,Aksu,1+1
25.000 TL,Manavgat/Sarılar,3+1
9.000 TL,Manavgat/Köyler,2+1
17.000 TL,Aksu,1+1
25.000 TL,Kepez/Varsak,3+1
35.000 TL,Kepez/Ahatlı,2+1
16.000 TL,Alanya,2+1
24.500 TL,Alanya,2+1
15.750 TL,Manavgat/Köyler,2+1
24.500 TL,Serik,2+1
22.500 TL,Kepez/Merkez,1+1
60.000 TL,Alanya,3+1
23.000 TL,Aksu,1+1
24.000 TL,Döşemealtı/Yeniköy,2+1
40.000 TL,Döşemealtı/Merkez,2+1
40.000 TL,Muratpaşa/Gençlik,3+1
95.000 TL,Kepez/Duraliler,3+1
27.000 TL,Manavgat,4+1
25.000 TL,Döşemealtı/Yeniköy,1+1
31.000 TL,Aksu,2+1
30.000 TL,Muratpaşa/Bahçelievler,2+1
25.000 TL,Kepez/Sütçüler,4+1
17.750 TL,Gazipaşa,3+1
16.500 TL,Manavgat,3+1
32.000 TL,Manavgat,5+2
15.000 TL,Manavgat,1+1
30.000 TL,Kepez/Duraliler,1+1
20.000 TL,Döşemealtı/Yeniköy,4+1
20.000 TL,Manavgat,2+1
20.000 TL,Alanya,1+1
25.000 TL,Korkuteli,2+1
22.000 TL,Manavgat,2+1
28.000 TL,Manavgat,3+1
39.999 TL,Muratpaşa/Lara,2+1
26.999 TL,Muratpaşa/Lara,1+1
19.000 TL,Manavgat,3+1
23.000 TL,Muratpaşa/Eskisanayi,2+1
22.000 TL,Manavgat,3+1
15.000 TL,Döşemealtı/Yeniköy,2+1
16.000 TL,Alanya,2+1
19.500 TL,Aksu,1+1
40.000 TL,Kepez/Ahatlı,3+1
40.000 TL,Muratpaşa/Gençlik,3+1
40.000 TL,Manavgat,4+1
20.000 TL,Manavgat,2+1
25.000 TL,Manavgat,3+1
15.250 TL,Manavgat/Köyler,3+1
17.500 TL,Manavgat,3+1
26.000 TL,Konyaaltı/Arapsuyu,1+1
18.000 TL,Döşemealtı/Yeniköy,1+1
14.500 TL,Alanya,1+1
36.000 TL,Konyaaltı/Arapsuyu,2+1
8.000 TL,Korkuteli,3+1
22.500 TL,Döşemealtı/Yeniköy,2+1
30.000 TL,Kepez/Dokuma,5+1
30.000 TL,Kepez/Düdenbaşı,2+1
22.500 TL,Kepez/Ahatlı,2+1
22.000 TL,Kepez/Ahatlı,2+1
26.500 TL,Manavgat,2+1
12.500 TL,Alanya,2+1
35.000 TL,Aksu,2+1
47.500 TL,Muratpaşa/Merkez,2+1
30.000 TL,Kepez/Ahatlı,2+1
26.000 TL,Kepez/Ahatlı,2+1
17.000 TL,Kepez/Ahatlı,1+1
20.000 TL,Kepez/Ahatlı,1+1
23.000 TL,Kepez/Ahatlı,2+1
36.500 TL,Manavgat,2+1
35.000 TL,Muratpaşa/Gençlik,1+1
80.000 TL,Konyaaltı/Arapsuyu,3+1
33.000 TL,Muratpaşa/Bahçelievler,2+1
35.000 TL,Alanya,3+1
24.000 TL,Manavgat/Ilıca,2+1
36.000 TL,Kepez/Düdenbaşı,2+1
22.000 TL,Kepez/Düdenbaşı,1+1
38.000 TL,Kepez/Erenköy,2+1
35.000 TL,Döşemealtı/Yeniköy,2+1
18.000 TL,Döşemealtı/Yeniköy,2+1
12.000 TL,Manavgat/Köyler,2+1
32.000 TL,Konyaaltı/Arapsuyu,1+1
18.000 TL,Manavgat,2+1
18.000 TL,Manavgat,2+1
25.000 TL,Aksu,1+1
15.000 TL,Alanya,2+1
85.000 TL,Muratpaşa/Yenigün,3+1
21.000 TL,Kepez/Düdenbaşı,1+1
15.000 TL,Manavgat,2+1
16.500 TL,Manavgat,2+1
60.000 TL,Kepez/Duraliler,2+1
24.000 TL,Kepez/Ahatlı,2+1
16.500 TL,MuratpaşaLara,2+1
50.000 TL,Muratpaşa/Lara,2+1
35.000 TL,Serik,3+1
75.000 TL,Konyaaltı/Arapsuyu,3+1
307.000 TL,Muratpaşa/Fener,6+1
25.000 TL,Aksu,1+1
40.000 TL,Muratpaşa/Lara,1+1
23.000 TL,Muratpaşa/Kızıltoprak,1+1
16.000 TL,Muratpaşa/Lara,2+1
26.000 TL,Aksu,1+1
19.000 TL,Manavgat/Köyler,3+1
15.000 TL,Manavgat,2+1
13.650 TL,Manavgat/Köyler,2+1
32.000 TL,Aksu,2+1
30.000 TL,Serik/Belek,2+1
19.500 TL,Kepez/Ahatlı,1+1
10.000 TL,Gazipaşa,3+1
20.000 TL,Aksu,1+1
18.000 TL,Manavgat/Sarılar,2+1
22.000 TL,Manavgat/Taşağıl,3+1
26.000 TL,Kepez/Ahatlı,2+1
14.000 TL,Manavgat/Sarılar,1+1
30.000 TL,Kepez/Erenköy,1+1
48.000 TL,Gazipaşa,3+1
36.000 TL,Kepez/Erenköy,2+1
25.000 TL,Kepez/Erenköy,1+1
48.000 TL,Konyaaltı/Arapsuyu,2+1
20.000 TL,Kepez/Sütçüler,1+1
20.000 TL,Kepez/Varsak,2+1
28.000 TL,Muratpaşa/Kızıltoprak,3+1
11.500 TL,Korkuteli,1+1
21.000 TL,Kepez/Erenköy,1+1
22.500 TL,Aksu,2+1
41.000 TL,Konyaaltı/Merkez,2+1
10.500 TL,Alanya,1+1
18.000 TL,Manavgat,2+1
17.000 TL,Kepez/Düdenbaşı,1+1
45.000 TL,Konyaaltı/Arapsuyu,2+1
20.000 TL,Manavgat,2+0
110.000 TL,Muratpaşa/Lara,4+1
25.000 TL,Kepez/Sütçüler,2+1
20.000 TL,Alanya,4+1
18.000 TL,Manavgat,2+1
20.000 TL,Manavgat,2+1
18.000 TL,Kepez/Ahatlı,1+1
26.000 TL,Kepez/Ahatlı,2+1
23.000 TL,Kepez/Ahatlı,1+1
25.500 TL,Kepez/Ahatlı,2+1
62.000 TL,Kepez/Duraliler,2+1
150.000 TL,Konyaaltı/Arapsuyu,3+1
22.250 TL,Kaş/Köyler,1+1
27.000 TL,Alanya/Beldeler,2+1
99.000 TL,Kepez/Duraliler,3+1
20.000 TL,Manavgat,2+1
60.000 TL,Konyaaltı/Arapsuyu,2+1
24.000 TL,Alanya,2+1
30.000 TL,Kepez/Yeniemek,2+1
26.000 TL,Kepez/Ahatlı,2+1
27.000 TL,Alanya,2+1
17.000 TL,Alanya,1+1
22.000 TL,Kepez/Erenköy,2+1
20.000 TL,Alanya,3+1
25.000 TL,Kepez/Düdenbaşı,3+1
15.000 TL,Manavgat,3+1
26.000 TL,Kepez/Ahatlı,2+1
33.988 TL,Muratpaşa/Bahçelievler,2+1
25.000 TL,Kumluca/Beldeler,1+1
15.000 TL,Manavgat,Stüdyo (1+0)
18.000 TL,Manavgat/Çolaklı,2+1
80.000 TL,Muratpaşa/Fener,3+1
13.000 TL,Manavgat/Köyler,2+1
16.000 TL,Manavgat/Köyler,3+1
30.000 TL,Konyaaltı/Arapsuyu,1+1
108.000 TL,Konyaaltı/Arapsuyu,4+1
26.000 TL,Manavgat,3+1
42.500 TL,Kepez/Yeniemek,3+1
42.000 TL,Konyaaltı/Arapsuyu,2+1
20.000 TL,Manavgat/Sarılar,2+1
24.000 TL,Döşemealtı/Yeniköy,2+1
18.000 TL,Döşemealtı/Yeniköy,2+1
23.000 TL,Döşemealtı/Yeşilbayır,1+1
22.000 TL,Muratpaşa/Bahçelievler,3+1
25.000 TL,Kepez/Ahatlı,2+1
25.000 TL,Döşemealtı/Yeniköy,1+1
19.000 TL,Aksu,1+1
20.000 TL,Manavgat,3+1
20.000 TL,Muratpaşa/Yenigün,1+1
22.000 TL,Aksu,1+1
17.000 TL,Manavgat,3+1
25.000 TL,Kepez/Ahatlı,2+1
24.999 TL,Muratpaşa/Kızıltoprak,1+1
55.000 TL,Manavgat,4+1
32.000 TL,Kepez/Yeniemek,3+1
45.000 TL,Kepez/Erenköy,2+1
24.500 TL,Manavgat,2+1
30.000 TL,Aksu,1+1
15.000 TL,Manavgat/Köyler,2+1
28.000 TL,Kepez/Düdenbaşı,3+1
32.000 TL,Kepez/Erenköy,2+1
32.000 TL,Aksu,1+1
25.000 TL,Aksu,2+1
20.000 TL,Kepez/Ahatlı,1+1
26.000 TL,Manavgat,3+1
67.500 TL,Muratpaşa/Fener,5+2
25.000 TL,Manavgat,2+1
65.000 TL,Konyaaltı/Arapsuyu,3+1
50.000 TL,Konyaaltı/Arapsuyu,2+1
42.500 TL,Kepez/Duraliler,1+1
20.000 TL,Manavgat,2+1
25.000 TL,Döşemealtı/Yeniköy,2+1
24.500 TL,Döşemealtı/Yeniköy,1+1
22.000 TL,Döşemealtı/Yeniköy,2+1
18.000 TL,Manavgat,2+1
45.000 TL,Konyaaltı/Arapsuyu,2+1
20.000 TL,Kemer/Köyler,1+1
23.000 TL,Manavgat/Köyler,3+1
17.000 TL,Döşemealtı/Yeniköy,1+1
37.000 TL,Konyaaltı/Arapsuyu,1+1
20.000 TL,Korkuteli,2+1
25.000 TL,Muratpaşa/Kızıltoprak,2+1
55.000 TL,Konyaaltı/Arapsuyu,2+1
19.000 TL,Kepez/Varsak,2+1
50.000 TL,Konyaaltı/Merkez,2+1
24.000 TL,Kepez/Merkez,1+1
37.000 TL,Kepez/Duraliler,1+1
33.000 TL,Döşemealtı/Merkez,1+1
23.000 TL,Kepez/Erenköy,1+1
17.500 TL,Kepez/Ahatlı,2+1
80.000 TL,Muratpaşa/Güzeloluk,4+1
33.000 TL,Kepez/Erenköy,2+1
25.000 TL,Kepez/Düdenbaşı,1+1
25.000 TL,Kepez/Ahatlı,2+1
21.000 TL,Kepez/Düdenbaşı,1+1
15.000 TL,ManavgatKöyler,3+1
50.000 TL,Muratpaşa/Lara,2+1
60.000 TL,Kemer,4+1
15.000 TL,Manavgat/Köyler,1+1
40.000 TL,Manavgat,3+1
22.000 TL,Kepez/Düdenbaşı,1+1
25.000 TL,Kepez/Düdenbaşı,1+1
35.000 TL,Kepez/Merkez,2+1
26.500 TL,Kepez/Erenköy,2+1
19.000 TL,Kepez/Erenköy,1+1
15.000 TL,Kepez/Varsak,2+1
21.500 TL,Kepez/Erenköy,1+1
25.000 TL,Kepez/Sütçüler,3+1
40.000 TL,Döşemealtı/Yeşilbayır,2+1
40.000 TL,Kepez/Ahatlı,3+1
22.000 TL,Aksu,1+1
20.000 TL,Aksu,1+1
18.000 TL,Serik,2+1
23.000 TL,Kepez/Düdenbaşı,1+1
110.000 TL,Konyaaltı/Arapsuyu,3+1
16.000 TL,Korkuteli,2+1
28.000 TL,Kepez/Erenköy,2+1
40.000 TL,Kepez/Duraliler,2+1
16.000 TL,MuratpaşaMeltem,2+1
23.000 TL,Kepez/Ahatlı,2+1
16.000 TL,Kepez/Ahatlı,1+1
20.000 TL,Kepez/Düdenbaşı,1+1
26.000 TL,Kepez/Ahatlı,2+1
30.000 TL,Kepez/Düdenbaşı,2+1
21.000 TL,Manavgat/Sarılar,2+1
30.000 TL,Kepez/Ahatlı,3+1
25.000 TL,Manavgat/Ilıca,2+1
27.000 TL,Kepez/Duraliler,1+1
24.000 TL,Kepez/Erenköy,1+1
50.000 TL,Aksu,1+1
35.000 TL,Muratpaşa/Meltem,2+1
40.000 TL,Kaş/Köyler,3+1
20.000 TL,Manavgat,2+1
16.500 TL,Korkuteli,2+1
20.000 TL,Kepez/Düdenbaşı,1+1
25.000 TL,Kepez/Sütçüler,2+1
11.000 TL,Kemer/Göynük,Stüdyo (1+0)
105.000 TL,Konyaaltı/Arapsuyu,3+1
57.000 TL,Konyaaltı/Arapsuyu,2+1
30.000 TL,Kepez/Erenköy,1+1
30.000 TL,Aksu,2+1
49.000 TL,Konyaaltı/Merkez,3+1
23.000 TL,Döşemealtı/Yeniköy,2+1
50.750 TL,Manavgat,3+1
19.000 TL,Kepez/Düdenbaşı,1+1
36.000 TL,Kepez/Ahatlı,4+1
24.000 TL,Manavgat,3+1
34.000 TL,Kepez/Varsak,4+1
23.000 TL,Kepez/Dokuma,3+1
20.000 TL,Aksu,1+1
35.000 TL,Muratpaşa/Bahçelievler,2+1
20.000 TL,Kepez/Erenköy,1+1
10.000 TL,Manavgat/Köyler,2+1
20.000 TL,Alanya,2+1
30.000 TL,Konyaaltı/Merkez,1+1
25.000 TL,Kepez/Merkez,1+1
20.500 TL,Aksu,1+1
80.000 TL,Muratpaşa/Fener,3+1
22.000 TL,Kepez/Yeniemek,3+1
110.000 TL,Muratpaşa/Lara,2+1
24.000 TL,Manavgat/Sarılar,3+1
25.000 TL,Kaş/Kalkan,2+1
21.500 TL,Alanya,2+1
31.000 TL,Döşemealtı/Yeniköy,1+1
18.000 TL,Kepez/Ahatlı,1+1
20.000 TL,Döşemealtı/Yeniköy,1+1
19.000 TL,Kepez/Ahatlı,1+1
25.000 TL,Kepez/Ahatlı,2+1
25.500 TL,Kepez/Ahatlı,2+1
25.000 TL,Döşemealtı/Yeniköy,2+1
17.000 TL,Kepez/Düdenbaşı,1+1
18.000 TL,Kepez/Ahatlı,1+1
25.000 TL,Döşemealtı/Yeniköy,2+1
24.500 TL,Aksu,1+1
19.750 TL,Manavgat,2+1
45.000 TL,Konyaaltı/Arapsuyu,2+1
28.000 TL,Muratpaşa/Lara,1+1
20.000 TL,Kepez/Varsak,1+1
18.500 TL,Kepez/Ahatlı,1+1
14.000 TL,Kepez/Varsak,1+1
100.000 TL,Konyaaltı/Arapsuyu,3+1
29.000 TL,Muratpaşa/Bahçelievler,2+1
20.000 TL,Aksu,1+1
22.500 TL,Kepez/Ahatlı,1+1
33.000 TL,Muratpaşa/Çarşı,3+1
19.000 TL,Döşemealtı/Yeniköy,1+1
16.750 TL,Kepez/Varsak,1+1
40.000 TL,Alanya,2+1
35.000 TL,Kepez/Erenköy,3+1
24.000 TL,Kepez/Ahatlı,2+1
18.000 TL,Manavgat,3+1
18.500 TL,KepezVarsak,2+1
70.000 TL,Konyaaltı/Merkez,2+1
40.000 TL,Kepez/Erenköy,2+1
35.000 TL,Muratpaşa/Kızıltoprak,3+1
25.000 TL,Manavgat/Sarılar,2+1
18.000 TL,Döşemealtı/Merkez,4+1
28.000 TL,Kepez/Ahatlı,2+1
18.250 TL,Alanya,2+1
25.000 TL,Muratpaşa/Bahçelievler,2+1
25.000 TL,Aksu,2+1
18.000 TL,AksuKöyler,4+1
24.000 TL,Kepez/Ahatlı,2+1
27.000 TL,Manavgat,2+1
22.000 TL,Kepez/Ahatlı,2+1
154.000 TL,Konyaaltı/Arapsuyu,4+1
20.000 TL,Manavgat,2+1
15.000 TL,Manavgat/Sarılar,2+1
35.000 TL,Aksu,2+1
27.000 TL,Manavgat,3+1
19.000 TL,Manavgat/Sarılar,2+1
54.000 TL,Konyaaltı/Arapsuyu,2+1
35.000 TL,Aksu/Köyler,1+1
25.000 TL,Manavgat/Sarılar,3+1
35.000 TL,Finike/Beldeler,2+1
18.000 TL,Alanya/Beldeler,2+1
25.000 TL,Kepez/Ahatlı,2+1
120.000 TL,Muratpaşa/Fener,4+1
62.000 TL,Konyaaltı/Arapsuyu,2+1
16.000 TL,Manavgat/Sarılar,2+1
17.000 TL,Kepez/Düdenbaşı,2+1
25.000 TL,Kepez/Erenköy,1+1
20.000 TL,Kepez/Varsak,1+1
10.500 TL,Manavgat/Köyler,3+1
16.500 TL,Manavgat/Köyler,1+1
25.000 TL,Manavgat,2+1
9.500 TL,Kepez/Ahatlı,Stüdyo (1+0)
90.000 TL,Konyaaltı/Arapsuyu,3+1
9.500 TL,KepezAhatlı,3+1
26.000 TL,Kepez/Ahatlı,1+1
20.000 TL,Aksu,1+1
23.000 TL,Manavgat/Ilıca,2+1
20.000 TL,Kepez/Ahatlı,2+1
60.000 TL,Döşemealtı/Yeniköy,4+1
28.000 TL,Kepez/Yeniemek,2+1
23.000 TL,Kepez/Düdenbaşı,1+1
23.000 TL,Kepez/Ahatlı,2+1
12.200 TL,Korkuteli,3+1
17.000 TL,Kepez/Ahatlı,3+1
10.000 TL,Gazipaşa/Köyler,3+1
34.500 TL,Kepez/Erenköy,1+1
25.500 TL,KepezDuraliler,1+1
42.000 TL,Aksu,2+1
10.000 TL,Alanya/Beldeler,1+1
16.000 TL,Alanya,1+1
18.000 TL,Manavgat/Köyler,2+1
20.000 TL,Alanya,3+1
20.000 TL,Kaş/Köyler,2+1
25.500 TL,Aksu,1+1
52.000 TL,Konyaaltı/Arapsuyu,2+1
13.000 TL,Döşemealtı/Yeniköy,2+1
95.000 TL,Kepez/Duraliler,3+1
15.000 TL,Alanya/Beldeler,2+1
25.000 TL,Aksu,2+1
19.000 TL,Kepez/Ahatlı,1+1
15.000 TL,Döşemealtı/Yeniköy,1+1
21.000 TL,Manavgat,2+1
26.500 TL,Manavgat/Köyler,4+1
15.000 TL,Korkuteli,2+1
30.000 TL,Alanya,3+1
20.000 TL,Kepez/Ahatlı,2+1
67.500 TL,Konyaaltı/Arapsuyu,2+1
20.000 TL,Manavgat/Köyler,3+1
20.000 TL,Döşemealtı/Merkez,1+1
20.000 TL,Döşemealtı/Merkez,1+1
30.000 TL,Kepez/Düdenbaşı,2+1
20.000 TL,Serik,2+1
23.000 TL,Kepez/Ahatlı,1+1
15.500 TL,Kepez/Ahatlı,1+1
30.000 TL,Kepez/Düdenbaşı,2+1
23.000 TL,Muratpaşa/Lara,2+1
25.000 TL,Alanya,1+1
19.000 TL,Serik,2+1
19.500 TL,Kepez/Düdenbaşı,1+1
20.000 TL,Elmalı,3+1
20.000 TL,Manavgat/Sarılar,2+1
23.000 TL,Manavgat,2+1
27.000 TL,Kepez/Ahatlı,1+1
30.000 TL,Kepez/Ahatlı,2+1
22.000 TL,Alanya,2+1
41.000 TL,Konyaaltı/Merkez,2+1
58.500 TL,Konyaaltı/Arapsuyu,2+1
41.000 TL,Konyaaltı/Merkez,2+1
150.000 TL,Konyaaltı/Arapsuyu,6+2
35.000 TL,Aksu,2+1
34.500 TL,Manavgat,2+1
11.000 TL,Alanya/Beldeler,1+1
18.000 TL,Kepez/Erenköy,3+1
37.500 TL,Kepez/Erenköy,2+1
27.000 TL,Muratpaşa/Bahçelievler,2+1
20.000 TL,Muratpaşa/Bahçelievler,2+1
42.500 TL,Konyaaltı/Arapsuyu,2+1
70.000 TL,Muratpaşa/Lara,2+1
35.000 TL,Kepez/Erenköy,2+1
35.000 TL,Kepez/Varsak,4+1
15.000 TL,Alanya/Beldeler,1+1
17.000 TL,Alanya/Beldeler,1+1
18.500 TL,Korkuteli,2+0
35.500 TL,Aksu,2+1
30.000 TL,Kaş,2+1
31.000 TL,Kepez/Ahatlı,3+1
19.000 TL,Manavgat/Köyler,3+1
18.500 TL,Manavgat/Köyler,2+1
15.500 TL,Serik,2+1
130.000 TL,Muratpaşa/Fener,3+1
19.000 TL,Kepez/Ahatlı,1+1
17.000 TL,Manavgat,3+1
28.000 TL,Kepez/Ahatlı,2+1
20.000 TL,KepezAhatlı,2+1
22.000 TL,Kepez/Ahatlı,1+1
25.000 TL,Kaş/Köyler,2+1
20.000 TL,Manavgat,3+1
40.000 TL,Aksu,2+1
24.500 TL,Döşemealtı/Yeniköy,1+1
18.000 TL,Manavgat/Köyler,2+1
35.000 TL,Manavgat,4+1
27.000 TL,Muratpaşa/Lara,2+1
15.000 TL,Manavgat/Köyler,2+1
185.000 TL,Konyaaltı/Arapsuyu,2+1
20.000 TL,Kepez/Düdenbaşı,2+1
30.000 TL,Döşemealtı/Yeniköy,2+1
25.000 TL,Kepez/Düdenbaşı,1+1
20.000 TL,Döşemealtı/Yeniköy,2+1
27.000 TL,Kepez/Merkez,1+1
11.000 TL,Gazipaşa,3+1
40.000 TL,Muratpaşa/Lara,3+1
20.000 TL,Manavgat,3+1
105.000 TL,Muratpaşa/Lara,2+1
26.000 TL,Kepez/Ahatlı,2+1
36.000 TL,Aksu,3+1
26.000 TL,Kepez/Ahatlı,2+1
23.000 TL,Kepez/Düdenbaşı,1+1
67.500 TL,Muratpaşa/Lara,3+1
35.000 TL,DöşemealtıYeniköy,2+1
20.000 TL,Döşemealtı/Yeniköy,2+1
52.000 TL,Konyaaltı/Arapsuyu,2+1
40.000 TL,Serik,3+1
28.000 TL,Manavgat,3+1
47.500 TL,Konyaaltı/Arapsuyu,2+1
35.000 TL,Kepez/Ahatlı,2+1
18.000 TL,Muratpaşa/Yenigün,1+1
60.000 TL,Konyaaltı/Arapsuyu,1+1
100.000 TL,Konyaaltı/Arapsuyu,3+1
22.000 TL,Elmalı,2+1
18.000 TL,Manavgat,2+1
25.000 TL,Kepez/Ahatlı,2+1
18.000 TL,Aksu,2+1
75.000 TL,Muratpaşa/Fener,3+1
25.500 TL,Aksu,1+1
29.000 TL,Aksu,2+1
90.000 TL,Muratpaşa/Fener,3+1
105.000 TL,Muratpaşa/Lara,2+1
31.000 TL,Aksu,2+1
23.000 TL,Aksu,1+1
25.000 TL,Kepez/Ahatlı,2+1
26.000 TL,Kepez/Ahatlı,1+1
20.000 TL,Manavgat,2+1
23.500 TL,Manavgat,2+1
15.500 TL,Kumluca,3+1
28.000 TL,Manavgat,2+1
21.000 TL,Kepez/Ahatlı,2+1
25.000 TL,Manavgat,3+1
39.000 TL,Kepez/Duraliler,1+1
25.000 TL,Kepez/Duraliler,2+1
15.000 TL,Alanya,2+1
28.000 TL,Kepez/Sütçüler,1+1
60.000 TL,Konyaaltı/Arapsuyu,2+1
30.000 TL,Kepez/Ahatlı,3+1
20.000 TL,Döşemealtı/Yeniköy,1+1
18.500 TL,Kepez/Ahatlı,1+1
15.000 TL,Manavgat,3+1
155.000 TL,Konyaaltı/Arapsuyu,4+1
20.000 TL,Kepez/Ahatlı,1+1
17.000 TL,Manavgat,2+1
28.000 TL,Kepez/Ahatlı,2+1
17.000 TL,Manavgat,3+1
50.000 TL,Konyaaltı/Arapsuyu,2+1
40.000 TL,Kepez/Duraliler,1+1
45.000 TL,Aksu,2+1
30.000 TL,Aksu,1+1
60.000 TL,Konyaaltı/Arapsuyu,2+1
24.000 TL,Kepez/Düdenbaşı,1+1
41.000 TL,Konyaaltı/Merkez,2+1
15.500 TL,Manavgat,1+1
23.000 TL,Demre/Kale(Demre),1+1
20.500 TL,Döşemealtı/Yeniköy,1+1
21.000 TL,Aksu,1+1
125.000 TL,Konyaaltı/Arapsuyu,4+1
100.000 TL,Konyaaltı/Arapsuyu,3+1
21.000 TL,Kepez/Düdenbaşı,1+1
25.000 TL,Döşemealtı/Merkez,2+1
40.000 TL,Muratpaşa/Fener,2+1
23.000 TL,KaşKöyler,2+1
40.000 TL,Aksu,2+1
25.500 TL,Kepez/Ahatlı,2+1
25.000 TL,Kaş/Köyler,2+1
26.000 TL,Alanya,2+1
35.000 TL,Konyaaltı/Arapsuyu,2+1
20.000 TL,Alanya,2+1
27.000 TL,Manavgat,3+1
85.000 TL,Muratpaşa/Fener,3.5+1
95.000 TL,Muratpaşa/Lara,3+1
10.000 TL,Kepez/Ahatlı,2+0
35.000 TL,Serik,3+1
22.000 TL,Kepez/Sütçüler,2+1
40.000 TL,Kaş/Köyler,3+1
20.000 TL,Manavgat,2+1
25.000 TL,Kepez/Düdenbaşı,1+1
18.000 TL,Kepez/Ahatlı,1+1
65.000 TL,Konyaaltı/Arapsuyu,2+1
75.000 TL,Konyaaltı/Arapsuyu,3+1
9.000 TL,Döşemealtı/Merkez,1+1
20.000 TL,Döşemealtı/Yeniköy,1+1
20.500 TL,Alanya,1+1
12.000 TL,Alanya,1+1
22.000 TL,DöşemealtıYeniköy,3+1
20.000 TL,Kepez/Ahatlı,1+1
21.000 TL,Kepez/Ahatlı,2+1
20.000 TL,Korkuteli,2+1
35.000 TL,Aksu/Köyler,1+1
95.000 TL,Muratpaşa/Güzeloluk,4+1
24.000 TL,Manavgat,3+1
55.000 TL,Aksu,1+1
22.000 TL,Kepez/Düdenbaşı,1+1
26.000 TL,Manavgat,3+1
16.000 TL,Aksu,1+1
19.000 TL,Döşemealtı/Yeniköy,1+1
22.000 TL,Kepez/Düdenbaşı,1+1
60.000 TL,Konyaaltı/Arapsuyu,4+1
15.000 TL,Döşemealtı/Yeniköy,1+1
65.000 TL,Kepez/Duraliler,2+1
25.000 TL,Aksu,2+1
55.000 TL,Kemer,3+1
21.000 TL,Kepez/Düdenbaşı,1+1
17.000 TL,Alanya,2+1
35.000 TL,Alanya,2+1
35.000 TL,KepezDuraliler,1+1
24.000 TL,Döşemealtı/Yeniköy,2+0
45.000 TL,Muratpaşa/Fener,2+1
80.000 TL,Alanya/Beldeler,4+1
22.000 TL,Kepez/Erenköy,1+1
15.000 TL,Manavgat,1+1
40.000 TL,Aksu,2+1
35.000 TL,Aksu,2+1
20.000 TL,Kepez/Ahatlı,1+1
21.900 TL,Finike,3+1
30.000 TL,ManavgatKöyler,2+1
35.000 TL,Kepez/Erenköy,2+1
35.000 TL,Muratpaşa/Lara,2+1
18.000 TL,Kepez/Varsak,1+1
16.500 TL,Manavgat/Köyler,3+1
21.750 TL,Döşemealtı/Merkez,1+1
30.000 TL,Döşemealtı/Merkez,2+1
28.000 TL,Kepez/Yeniemek,2+1
45.000 TL,Alanya,4+1
22.000 TL,Alanya,1+1
48.000 TL,Muratpaşa/Bahçelievler,2+1
23.000 TL,Alanya,2+1
24.000 TL,Aksu,1+1
30.000 TL,Alanya/Beldeler,2+1
28.000 TL,Aksu,2+1
11.000 TL,Manavgat/Köyler,2+1
14.000 TL,Manavgat,2+1
26.000 TL,Kepez/Düdenbaşı,2+1
15.000 TL,Manavgat/Taşağıl,2+1
30.000 TL,Alanya/Beldeler,3+1
25.000 TL,Kepez/Yeniemek,2+1
70.000 TL,Konyaaltı/Arapsuyu,3+1
22.000 TL,Kepez/Ahatlı,1+1
15.000 TL,Manavgat/Köyler,3+1
75.000 TL,Muratpaşa/Fener,4+1
15.000 TL,Manavgat,1+1
30.000 TL,Kepez/Ahatlı,3+1
26.000 TL,Döşemealtı/Yeniköy,2+1
18.000 TL,Döşemealtı/Yeniköy,2+1
20.000 TL,Alanya/Beldeler,2+1
24.000 TL,Kepez/Erenköy,1+1
20.000 TL,Kepez/Erenköy,3+1
13.000 TL,Alanya/Beldeler,2+1
24.900 TL,Kepez/Ahatlı,2+1
12.000 TL,Manavgat/Köyler,2+1
18.000 TL,Alanya,1+1
75.000 TL,Döşemealtı/Yeşilbayır,4+1
35.000 TL,Konyaaltı/Merkez,1+1
25.000 TL,Kepez/Düdenbaşı,2+1
58.000 TL,Muratpaşa/Lara,3+1
47.000 TL,Muratpaşa/Lara,2+1
18.000 TL,Manavgat,2+1
19.000 TL,Döşemealtı/Yeniköy,2+1
37.000 TL,Muratpaşa/Lara,1+1
18.000 TL,Kepez/Erenköy,2+1
35.000 TL,Alanya,1+1
55.000 TL,Konyaaltı/Arapsuyu,3+1
30.000 TL,Manavgat/Ilıca,2+1
22.000 TL,Kepez/Düdenbaşı,1+1
100.000 TL,Muratpaşa/Fener,3+1
17.000 TL,Kepez/Ahatlı,1+1
20.000 TL,Kepez/Düdenbaşı,1+1
36.000 TL,Kepez/Duraliler,2+1
42.000 TL,Muratpaşa/Kızıltoprak,2+1
44.000 TL,Muratpaşa/Bahçelievler,2+1
25.000 TL,Döşemealtı/Yeniköy,1+1
20.000 TL,Kepez/Ahatlı,1+1
22.500 TL,Muratpaşa/Eskisanayi,2+1
30.000 TL,Konyaaltı/Merkez,1+1
35.000 TL,Kepez/Varsak,3+1
40.000 TL,Muratpaşa/Gençlik,2+1
27.000 TL,Döşemealtı/Yeniköy,2+1
28.000 TL,Döşemealtı/Merkez,1+1
23.000 TL,Kepez/Ahatlı,2+1
28.000 TL,Kepez/Dokuma,3+1
20.000 TL,MuratpaşaGençlik,3+1
18.000 TL,Kepez/Ahatlı,1+1
50.000 TL,Konyaaltı/Arapsuyu,2+1
22.000 TL,Kepez/Duraliler,2+1
27.000 TL,Kepez/Erenköy,2+0
22.000 TL,Kepez/Erenköy,1+1
20.000 TL,Serik,3+1
21.000 TL,Kepez/Düdenbaşı,1+1
20.000 TL,Kepez/Ahatlı,1+1
19.950 TL,Manavgat,3+1
155.000 TL,Konyaaltı/Arapsuyu,4+1
60.000 TL,Konyaaltı/Arapsuyu,1+1
40.000 TL,Aksu,2+1
18.000 TL,Alanya,2+1
33.000 TL,Alanya/Beldeler,4+1
307.000 TL,Muratpaşa/Fener,6+1
23.000 TL,Muratpaşa/Bahçelievler,3+1
50.000 TL,Konyaaltı/Arapsuyu,2+1
19.000 TL,Kepez/Ahatlı,1+1
25.000 TL,Alanya,4+1
23.000 TL,Kepez/Erenköy,2+1
17.500 TL,Kepez/Erenköy,2+1
22.000 TL,Alanya/Beldeler,1+1
60.000 TL,Kaş/Kalkan,1+1
17.000 TL,Alanya/Beldeler,2+1
27.000 TL,Manavgat,2+1
55.000 TL,Muratpaşa/Yenigün,3+1
27.000 TL,Muratpaşa/Lara,2+1
19.000 TL,Manavgat,3+1
24.000 TL,Manavgat,3+1
28.000 TL,Manavgat,2+1
120.000 TL,Muratpaşa/Fener,3+1
19.000 TL,Alanya,3+1
27.000 TL,Kepez/Duraliler,1+1
31.000 TL,Kepez/Ahatlı,3+1
42.000 TL,Muratpaşa/Lara,1+1
25.000 TL,Döşemealtı/Yeniköy,2+1
21.000 TL,Manavgat,2+1
20.000 TL,Kepez/Ahatlı,1+1
16.000 TL,Manavgat/Köyler,3+1
18.000 TL,Manavgat,1+1
28.000 TL,Aksu,1+1
25.000 TL,Aksu,2+1
19.000 TL,Kepez/Erenköy,1+1
20.000 TL,Kepez/Varsak,2+1
25.500 TL,Aksu,1+1
19.000 TL,Kepez/Düdenbaşı,1+1
26.750 TL,Manavgat,2+1
15.000 TL,Manavgat,2+1
14.000 TL,Alanya,3+1
40.000 TL,Aksu,2+1
70.000 TL,Konyaaltı/Arapsuyu,2+1
32.000 TL,Kepez/Merkez,3+1
20.000 TL,Kepez/Yeniemek,2+1
86.000 TL,Konyaaltı/Arapsuyu,3+1
25.000 TL,Kepez/Ahatlı,2+1
27.000 TL,Kepez/Erenköy,2+1
25.000 TL,Manavgat,3+1
46.500 TL,Muratpaşa/Lara,2+1
21.000 TL,Kepez/Düdenbaşı,1+1
18.000 TL,Kepez/Varsak,1+1
25.000 TL,Serik,4+1
30.000 TL,Muratpaşa/Gençlik,2+1
40.000 TL,Konyaaltı/Arapsuyu,3+1
21.000 TL,Kepez/Düdenbaşı,2+1
14.500 TL,Alanya/Beldeler,1+1
14.000 TL,Gazipaşa,2+1
19.000 TL,Muratpaşa/Lara,1+1
16.000 TL,Kepez/Varsak,1+1
33.000 TL,Muratpaşa/Güzeloluk,3+1
40.000 TL,KonyaaltıArapsuyu,3+1
34.000 TL,Konyaaltı/Arapsuyu,3+1
20.000 TL,Kepez/Duraliler,2+1
16.000 TL,Alanya,2+1
25.000 TL,Manavgat,2+1
25.000 TL,Alanya,2+1
30.000 TL,Muratpaşa/Gençlik,2+1
35.500 TL,Kumluca,3.5+1
42.000 TL,Konyaaltı/Arapsuyu,3+1
24.000 TL,Muratpaşa/Eskisanayi,3+1
24.000 TL,Aksu,1+1
22.000 TL,Kepez/Varsak,3+1
15.000 TL,Kepez/Sütçüler,1+1
22.000 TL,Kepez/Duraliler,3+1
16.000 TL,Kepez/Yeniemek,1+1
45.000 TL,Konyaaltı/Arapsuyu,4+1
25.000 TL,Manavgat,3+1
12.000 TL,Döşemealtı/Merkez,1+1
17.150 TL,Kepez/Ahatlı,1+1
25.000 TL,Muratpaşa/Meltem,1+1
20.000 TL,Kepez/Duraliler,3+1
25.000 TL,Konyaaltı/Arapsuyu,2+1
37.000 TL,Konyaaltı/Merkez,3+1
19.000 TL,Kepez/Varsak,2+1
16.000 TL,Kepez/Duraliler,1+1
18.000 TL,Kepez/Sütçüler,2+1
25.000 TL,Muratpaşa/Bahçelievler,2+1
35.000 TL,Konyaaltı/Arapsuyu,3+1
15.000 TL,Döşemealtı/Yeniköy,2+1
25.000 TL,Muratpaşa/Bahçelievler,3+1
21.000 TL,Kepez/Ahatlı,1+1
24.000 TL,Muratpaşa/Merkez,3+1
17.000 TL,Muratpaşa/Yenigün,3+1
22.000 TL,Kepez/Yeniemek,2+1
20.000 TL,Manavgat,3+1
11.000 TL,Gazipaşa,1+1
28.500 TL,Gazipaşa,1+1
20.000 TL,Aksu,1+1
25.000 TL,Aksu,2+1
15.000 TL,Kepez/Yeniemek,1+1
19.000 TL,Kepez/Yeniemek,2+1
28.500 TL,Manavgat,2+1
12.000 TL,Alanya/Beldeler,1+1
18.000 TL,Alanya,2+1
28.500 TL,Aksu,2+1
19.000 TL,Kepez/Varsak,2+1
19.500 TL,Kepez/Varsak,2+1
14.500 TL,Kepez/Varsak,1+1
15.000 TL,Alanya,2+1
26.500 TL,Kaş,2+1
29.000 TL,Konyaaltı/Arapsuyu,2+1
34.000 TL,Muratpaşa/Merkez,3+1
21.000 TL,Muratpaşa/Gençlik,3+1
28.000 TL,Kepez/Yeniemek,3+1
23.000 TL,Kepez/Yeniemek,2+1
22.000 TL,Kaş/Köyler,2+1
15.000 TL,Alanya/Beldeler,1+1
33.000 TL,Muratpaşa/Güzeloluk,3+1
23.000 TL,Muratpaşa/Eskisanayi,3+1
16.000 TL,Konyaaltı/Arapsuyu,Stüdyo (1+0)
25.000 TL,Kepez/Merkez,2+1
20.000 TL,Kepez/Dokuma,2+1
19.500 TL,Muratpaşa/Gençlik,3+1
21.000 TL,MuratpaşaGençlik,2+1
22.000 TL,Döşemealtı/Yeniköy,3+1
35.000 TL,Muratpaşa/Meltem,2+1
26.500 TL,Muratpaşa/Yenigün,2+1
30.000 TL,Muratpaşa/Kızıltoprak,3+1
40.000 TL,Muratpaşa/Fener,3+1
16.000 TL,Kepez/Erenköy,2+1
20.000 TL,Kepez/Varsak,2+1
25.000 TL,Muratpaşa/Eskisanayi,2+1
18.000 TL,Alanya,2+1
15.000 TL,Döşemealtı/Yeniköy,1+1
24.000 TL,Serik,3+1
15.000 TL,Muratpaşa/Meltem,1+1
17.000 TL,Döşemealtı/Yeşilbayır,1+1
22.000 TL,Kepez/Duraliler,3+1
22.000 TL,Kepez/Duraliler,3+1
14.000 TL,Muratpaşa/Meltem,Stüdyo (1+0)
20.000 TL,Kepez/Varsak,2+1
35.000 TL,Konyaaltı/Merkez,3+1
37.000 TL,Muratpaşa/Gençlik,3+1
15.000 TL,Döşemealtı/Merkez,2+1
32.000 TL,Muratpaşa/Güzeloluk,3+1
18.000 TL,Alanya/Beldeler,1+1
18.000 TL,KepezVarsak,1+1
20.000 TL,Manavgat/Ilıca,1+1
22.000 TL,Kepez/Varsak,2+1
28.000 TL,Kepez/Varsak,3+1
14.000 TL,Kepez/Ahatlı,1+1
14.500 TL,Kepez/Ahatlı,Stüdyo (1+0)
14.500 TL,Alanya/Beldeler,2+1
11.500 TL,Alanya/Beldeler,1+1
38.000 TL,Muratpaşa/Meltem,2+1
22.000 TL,Muratpaşa/Bahçelievler,2+1
49.000 TL,Konyaaltı/Arapsuyu,2+1
30.000 TL,Kepez/Erenköy,3+1
14.500 TL,Serik,3+1
19.500 TL,Kepez/Yeniemek,1+1
27.000 TL,Kepez/Erenköy,2+1
15.000 TL,Alanya,2+1
15.000 TL,Alanya,2+1
17.000 TL,Kepez/Yeniemek,2+1
20.000 TL,Konyaaltı/Köyler,3+1
19.500 TL,Kepez/Yeniemek,1+1
40.000 TL,Alanya,4+1
21.000 TL,Muratpaşa/Gençlik,2+1
18.000 TL,Alanya,1+1
20.000 TL,Kepez/Yeniemek,2+1
23.000 TL,Kepez/Varsak,2+1
34.000 TL,Konyaaltı/Arapsuyu,2+1
22.000 TL,Alanya,2+1
22.000 TL,Kepez/Varsak,2+1
14.500 TL,Alanya,1+1
20.000 TL,Kepez/Varsak,1+1
19.500 TL,Manavgat,1+1
40.000 TL,Konyaaltı/Arapsuyu,2+1
16.500 TL,Kepez/Sütçüler,1+1
27.000 TL,Muratpaşa/Meltem,3+1
20.000 TL,Muratpaşa/Bahçelievler,2+1
15.000 TL,Aksu,1+1
23.500 TL,Kepez/Duraliler,2+1
30.000 TL,Muratpaşa/Yenigün,2+1
20.000 TL,Aksu,1+1
30.000 TL,Demre/Kale(Demre),3+1
14.000 TL,Kepez/Düdenbaşı,2+1
24.000 TL,Kepez/Dokuma,3+1
22.500 TL,Alanya,2+1
18.000 TL,Muratpaşa/Lara,Stüdyo (1+0)
16.000 TL,Alanya,2+1
20.000 TL,MuratpaşaMeltem,3+1
22.000 TL,Aksu,2+1
20.000 TL,Alanya/Beldeler,3+1
40.000 TL,Alanya,5+1
39.000 TL,Konyaaltı/Arapsuyu,3+1
28.000 TL,Muratpaşa/Güzeloluk,2+1
30.000 TL,Kepez/Duraliler,2+1
20.000 TL,Döşemealtı/Yeniköy,2+1
17.500 TL,Manavgat,1+1
47.000 TL,Muratpaşa/Gençlik,3+1
25.000 TL,Muratpaşa/Eskisanayi,2+1
20.000 TL,Kepez/Düdenbaşı,2+1
25.000 TL,KepezVarsak,3+1
25.000 TL,Kepez/Varsak,2+1
16.000 TL,Kepez/Yeniemek,2+1
20.000 TL,Muratpaşa/Çarşı,3+1
32.000 TL,Konyaaltı/Arapsuyu,2+1
15.000 TL,Manavgat,2+1
30.000 TL,Alanya,2+1
19.000 TL,Manavgat,2+1
39.000 TL,Alanya/Beldeler,3+1
17.000 TL,Kepez/Duraliler,2+1
16.000 TL,Kepez/Varsak,1+1
14.000 TL,Alanya/Beldeler,2+1
37.000 TL,Konyaaltı/Merkez,2+1
38.000 TL,Konyaaltı/Arapsuyu,3+1
35.000 TL,Konyaaltı/Arapsuyu,3+1
28.000 TL,Muratpaşa/Fener,1+1
25.000 TL,Kepez/Erenköy,2+1
20.000 TL,Aksu,1+1
18.000 TL,Döşemealtı/Yeniköy,2+1
21.000 TL,Manavgat,2+1
18.000 TL,Kepez/Varsak,2+1
30.000 TL,Konyaaltı/Arapsuyu,3+1
25.000 TL,Muratpaşa/Kızıltoprak,2+1
22.000 TL,MuratpaşaYenigün,3+1
15.000 TL,Alanya/Beldeler,1+1
18.000 TL,Kumluca,3+1
17.000 TL,Alanya,1+1
17.000 TL,Aksu,1+1
17.000 TL,Muratpaşa/Yenigün,1+1
29.000 TL,Muratpaşa/Lara,2+1
19.000 TL,Muratpaşa/Meltem,2+1
18.000 TL,Muratpaşa/Kızıltoprak,2+1
33.000 TL,Konyaaltı/Arapsuyu,3+1
22.000 TL,Kepez/Yeniemek,1+1
27.000 TL,Muratpaşa/Yenigün,3+1
30.000 TL,Manavgat,2+1
18.000 TL,Kepez/Erenköy,1+1
18.000 TL,Muratpaşa/Bahçelievler,3+1
28.000 TL,Muratpaşa/Meltem,3+1
25.000 TL,Kepez/Erenköy,3+1
18.000 TL,Muratpaşa/Kızıltoprak,1+1
20.500 TL,Kepez/Sütçüler,2+1
11.000 TL,Korkuteli,2+1
18.000 TL,Manavgat,2+1
28.500 TL,Manavgat,2+1
24.000 TL,Muratpaşa/Bahçelievler,3+1
30.000 TL,AlanyaBeldeler,3+1
20.000 TL,Muratpaşa/Gençlik,2+1
22.000 TL,Kepez/Dokuma,2+1
25.000 TL,Kaş,1+1
24.000 TL,Muratpaşa/Eskisanayi,3+1
40.000 TL,Muratpaşa/Çarşı,2+1
20.000 TL,Kepez/Erenköy,2+1
23.000 TL,Muratpaşa/Lara,2+1
12.000 TL,Alanya/Beldeler,1+1
23.000 TL,Muratpaşa/Yenigün,2+1
40.000 TL,Aksu,3+1
13.500 TL,Döşemealtı/Yeşilbayır,1+1
25.000 TL,Kepez/Erenköy,2+1
22.000 TL,Muratpaşa/Kızıltoprak,2+1
30.000 TL,Döşemealtı/Yeniköy,2+1
21.000 TL,Kepez/Duraliler,2+1
20.500 TL,Kepez/Varsak,2+1
12.500 TL,Kaş/Köyler,1+1
22.000 TL,Alanya/Beldeler,2+1
23.000 TL,Kepez/Erenköy,2+1
25.000 TL,Aksu/Köyler,2+1
27.000 TL,Alanya,2+1
15.000 TL,Gazipaşa,4+1
20.000 TL,Alanya/Beldeler,2+1
17.000 TL,Kepez/Sütçüler,1+1
14.000 TL,Manavgat/Köyler,1+1
19.000 TL,Kepez/Duraliler,2+1
22.000 TL,Muratpaşa/Eskisanayi,3+1
10.000 TL,Korkuteli,2+1
25.000 TL,Muratpaşa/Meltem,3+1
19.500 TL,Kepez/Düdenbaşı,1+1
15.000 TL,Alanya,1+1
22.000 TL,Alanya/Beldeler,2+1
20.000 TL,Manavgat,1+1
40.000 TL,Konyaaltı/Arapsuyu,3+1
19.000 TL,Kepez/Sütçüler,2+1
25.500 TL,Alanya,2+1
16.000 TL,Kepez/Varsak,1+1
21.000 TL,Manavgat/Sarılar,3+1
15.000 TL,Kepez/Duraliler,1+1
23.000 TL,Manavgat,2+1
20.000 TL,Muratpaşa/Eskisanayi,3+1
21.000 TL,Aksu,2+1
20.000 TL,Muratpaşa/Fener,1+1
15.500 TL,Kepez/Varsak,1+1
15.000 TL,Döşemealtı/Yeniköy,1+1
10.000 TL,Alanya,2+1
15.000 TL,Aksu,1+1
19.500 TL,Döşemealtı/Yeniköy,2+1
25.000 TL,Serik,4+0
30.000 TL,Konyaaltı/Arapsuyu,3+1
28.000 TL,MuratpaşaEskisanayi,2+1
21.000 TL,Kepez/Yeniemek,2+1
19.500 TL,Aksu,1+1
25.000 TL,Döşemealtı/Merkez,1+1
22.000 TL,Muratpaşa/Eskisanayi,2+1
28.000 TL,Alanya,3+1
25.000 TL,Muratpaşa/Meltem,3+1
22.000 TL,Kepez/Varsak,2+1
20.000 TL,Alanya,2+1
18.750 TL,Muratpaşa/Meltem,2+1
33.000 TL,Konyaaltı/Arapsuyu,3+1
22.000 TL,Alanya,3+1
15.000 TL,Döşemealtı/Yeniköy,1+1
20.000 TL,Kepez/Erenköy,3+1
20.000 TL,Döşemealtı/Yeniköy,3+1
13.000 TL,Alanya,1+1
20.000 TL,Kepez/Sütçüler,2+1
22.000 TL,Alanya,2+1
21.000 TL,Kepez/Varsak,3+1
20.000 TL,Kepez/Sütçüler,2+1
29.000 TL,Muratpaşa/Kızıltoprak,2+1
20.000 TL,Manavgat/Ilıca,1+1
16.000 TL,Kumluca,1+1
15.000 TL,Alanya/Beldeler,2+1
17.500 TL,Kepez/Erenköy,1+1
35.000 TL,Kepez/Duraliler,1+1
23.500 TL,Kepez/Duraliler,3+1
20.000 TL,Kepez/Duraliler,1+1
18.000 TL,Serik,2+1
19.000 TL,Muratpaşa/Eskisanayi,2+1
24.000 TL,Kepez/Düdenbaşı,3+1
23.500 TL,Kepez/Sütçüler,2+1
22.000 TL,Döşemealtı/Yeşilbayır,Stüdyo (1+0)
25.000 TL,Manavgat,3+1
30.000 TL,Muratpaşa/Lara,3+1
20.000 TL,Kepez/Ahatlı,2+1
19.000 TL,Döşemealtı/Yeniköy,2+1
21.000 TL,Kepez/Erenköy,2+1
14.000 TL,Kepez/Dokuma,1+1
33.500 TL,Muratpaşa/Gençlik,4+1
26.500 TL,Alanya/Beldeler,4+1
30.000 TL,Muratpaşa/Güzeloluk,3+1
28.000 TL,Muratpaşa/Güzeloluk,3+1
13.000 TL,Alanya,1+1
14.000 TL,Kumluca,1+1
22.500 TL,Kepez/Erenköy,4+1
30.000 TL,Muratpaşa/Lara,2+1
60.000 TL,Konyaaltı/Merkez,5+1
15.000 TL,Kepez/Varsak,1+1
22.000 TL,Kepez/Ahatlı,2+1
34.500 TL,Konyaaltı/Arapsuyu,3+1
15.000 TL,Kepez/Varsak,2+1
34.500 TL,Konyaaltı/Merkez,3+1
20.000 TL,Kepez/Varsak,2+1
23.000 TL,Kepez/Ahatlı,2+1
20.000 TL,Alanya,2+1
34.500 TL,KepezYeniemek,2+1
26.500 TL,Kepez/Varsak,3+1
15.000 TL,Kumluca/Köyler,1+1
18.500 TL,Kepez/Yeniemek,2+1
30.000 TL,Kaş,2+1
16.000 TL,Kaş/Köyler,2+1
44.000 TL,Kepez/Sütçüler,3+1
19.500 TL,Kepez/Erenköy,2+1
12.000 TL,Döşemealtı/Yeniköy,1+1
20.000 TL,Kepez/Ahatlı,2+1
31.500 TL,Konyaaltı/Arapsuyu,3+1
15.000 TL,Döşemealtı/Yeniköy,1+1
42.500 TL,Konyaaltı/Merkez,3+1
30.000 TL,Konyaaltı/Arapsuyu,3+1
22.000 TL,Kaş,2+1
20.000 TL,Kaş/Köyler,3+1
15.000 TL,Kepez/Erenköy,1+1
28.500 TL,Muratpaşa/Kızıltoprak,2+1
16.000 TL,Kepez/Ahatlı,1+1
13.000 TL,Döşemealtı/Yeniköy,1+1
27.000 TL,Muratpaşa/Kızıltoprak,3+1
26.000 TL,Muratpaşa/Kızıltoprak,2+1
19.500 TL,Alanya,2+1
20.000 TL,Kepez/Erenköy,2+1
11.000 TL,Alanya,1+1
15.000 TL,Kepez/Duraliler,1+1
30.000 TL,Manavgat/Ilıca,2+1
18.500 TL,Manavgat,1+1
22.000 TL,Manavgat,2+1
20.000 TL,Muratpaşa/Yenigün,2+1
17.000 TL,Muratpaşa/Bahçelievler,2+1
33.000 TL,Muratpaşa/Lara,2+1
23.000 TL,Kepez/Dokuma,3+1
49.000 TL,Konyaaltı/Arapsuyu,2+1
35.000 TL,Muratpaşa/Gençlik,3+1
21.000 TL,Kepez/Dokuma,2+1
16.000 TL,Döşemealtı/Merkez,2+1
18.000 TL,Manavgat/Çolaklı,2+1
17.000 TL,Kepez/Duraliler,1+1
18.500 TL,Kepez/Varsak,2+1
14.000 TL,Kepez/Duraliler,2+0
19.000 TL,Kepez/Sütçüler,2+1
26.000 TL,Kepez/Düdenbaşı,2+1
50.000 TL,Kaş,2+1
17.000 TL,Kepez/Merkez,1+1
20.000 TL,Kepez/Erenköy,2+1
23.000 TL,Aksu,1+1
21.000 TL,Kepez/Dokuma,3+1
30.000 TL,Aksu/Köyler,2+1
27.000 TL,Muratpaşa/Bahçelievler,3+1
49.000 TL,Konyaaltı/Arapsuyu,2+1
24.000 TL,Finike/Beldeler,1+1
55.000 TL,Kaş,3+1
20.000 TL,Kaş,2+1
19.000 TL,Kepez/Merkez,1+1
18.000 TL,Muratpaşa/Fener,1+1
10.000 TL,Serik/Köyler,2+1
20.000 TL,Kepez/Varsak,2+1
10.000 TL,Muratpaşa/Bahçelievler,1+1
21.500 TL,Finike/Beldeler,3+1
16.500 TL,Kepez/Düdenbaşı,1+1
49.000 TL,Konyaaltı/Arapsuyu,2+1
23.000 TL,Kepez/Varsak,2+1
55.000 TL,Konyaaltı/Merkez,5+1
30.000 TL,Muratpaşa/Bahçelievler,3+1
45.000 TL,Muratpaşa/Bahçelievler,4+1
20.250 TL,Kepez/Ahatlı,2+1
24.000 TL,Muratpaşa/Kızıltoprak,2+1
17.500 TL,Alanya/Beldeler,1+1
20.000 TL,Alanya,1+1
15.000 TL,Manavgat,1+1
17.000 TL,Kepez/Varsak,1+1
30.000 TL,Muratpaşa/Meltem,3+1
17.000 TL,Aksu,3+1
34.000 TL,Kepez/Merkez,2+1
18.000 TL,Alanya/Beldeler,2+1
20.500 TL,Serik,2+1
17.000 TL,Aksu,1+1
33.000 TL,Alanya/Beldeler,2+1
48.000 TL,Muratpaşa/Lara,3+1
22.000 TL,Konyaaltı/Arapsuyu,1+1
21.000 TL,Alanya,2+1
16.500 TL,Döşemealtı/Yeniköy,1+1
22.000 TL,Kepez/Duraliler,2+1
20.000 TL,Kepez/Erenköy,1+1
22.000 TL,Muratpaşa/Yenigün,2+1
18.000 TL,Manavgat,2+1
20.000 TL,Manavgat,3+1
22.000 TL,Serik,3+1
25.000 TL,Serik,2+1
22.000 TL,Finike,2+1
18.000 TL,Alanya,2+1
22.250 TL,Kepez/Duraliler,2+1
31.000 TL,Muratpaşa/Merkez,3+1
15.000 TL,Alanya/Beldeler,2+1
30.000 TL,Alanya/Beldeler,3+1
45.000 TL,Muratpaşa/Fener,3+1
20.000 TL,Kepez/Duraliler,2+1
25.000 TL,Aksu,2+1
16.000 TL,Kepez/Sütçüler,2+1
32.000 TL,Konyaaltı/Arapsuyu,3+1
21.000 TL,Muratpaşa/Bahçelievler,3+1
19.500 TL,Serik,3+1
20.000 TL,Kepez/Erenköy,2+1
20.000 TL,Kepez/Erenköy,2+1
16.000 TL,Serik,2+1
18.000 TL,Serik,2+1
20.000 TL,Kepez/Duraliler,2+1
40.000 TL,Muratpaşa/Lara,3+1
22.500 TL,Aksu,2+1
15.000 TL,Serik,3+1
27.000 TL,Kepez/Düdenbaşı,2+1
9.000 TL,Muratpaşa/Bahçelievler,Stüdyo (1+0)
25.000 TL,Muratpaşa/Gençlik,3+1
26.000 TL,Muratpaşa/Meltem,2+1
20.000 TL,Kaş/Köyler,1+1
25.000 TL,Serik,2+1
54.000 TL,Konyaaltı/Arapsuyu,3+1
22.500 TL,Kepez/Duraliler,2+1
30.000 TL,Alanya,3+1
20.000 TL,Aksu,1+1
23.000 TL,Muratpaşa/Lara,2+1
48.000 TL,Konyaaltı/Arapsuyu,4+1
23.000 TL,Aksu,1+1
15.000 TL,Döşemealtı/Yeniköy,1+1
23.000 TL,Muratpaşa/Eskisanayi,2+1
23.500 TL,Muratpaşa/Eskisanayi,2+1
20.000 TL,Kepez/Erenköy,2+1
35.000 TL,Konyaaltı/Merkez,3+1
19.250 TL,Manavgat,1+1
30.000 TL,Muratpaşa/Bahçelievler,4+1
50.000 TL,Muratpaşa/Lara,1+1
22.500 TL,Kepez/Sütçüler,2+1
20.000 TL,Muratpaşa/Gençlik,1+1
26.000 TL,Muratpaşa/Yenigün,2+1
19.000 TL,Muratpaşa/Kızıltoprak,1+1
15.000 TL,Döşemealtı/Yeniköy,1+1
28.000 TL,Muratpaşa/Kızıltoprak,3+1
18.000 TL,Alanya,2+1
14.000 TL,Döşemealtı/Yeşilbayır,1+1
17.000 TL,Muratpaşa/Meltem,2+1
14.000 TL,Kepez/Varsak,2+1
17.500 TL,Döşemealtı/Merkez,1+1
39.500 TL,Muratpaşa/Meltem,2+1
15.500 TL,Aksu,1+1
50.000 TL,Konyaaltı/Merkez,3+1
35.000 TL,Muratpaşa/Yenigün,3+1
20.000 TL,Kepez/Duraliler,2+1
16.500 TL,Kepez/Varsak,2+1
23.000 TL,Kepez/Duraliler,2+1
25.000 TL,Serik,3+1
22.000 TL,Kepez/Yeniemek,2+1
19.000 TL,Kepez/Erenköy,2+1
35.000 TL,Konyaaltı/Arapsuyu,3+1
20.000 TL,Kepez/Sütçüler,2+1
25.000 TL,Muratpaşa/Eskisanayi,2+1
22.000 TL,Kepez/Düdenbaşı,1+1
42.000 TL,Muratpaşa/Eskisanayi,3+1
21.000 TL,Kepez/Merkez,1+1
21.000 TL,Kepez/Varsak,2+1
32.000 TL,Muratpaşa/Eskisanayi,3+1
17.000 TL,Kepez/Sütçüler,2+1
29.000 TL,Serik,3+1
20.000 TL,Alanya/Beldeler,1+1
26.000 TL,Muratpaşa/Eskisanayi,3+1
21.000 TL,Muratpaşa/Meltem,3+1
25.000 TL,Aksu,2+1
20.000 TL,Muratpaşa/Yenigün,2+1
17.500 TL,Kepez/Erenköy,1+1
23.000 TL,Muratpaşa/Yenigün,2+1
16.500 TL,Kepez/Erenköy,2+1
23.000 TL,Kepez/Erenköy,2+1
20.000 TL,Alanya/Köyler,3+1
20.000 TL,Muratpaşa/Bahçelievler,2+1
18.000 TL,Serik,2+1
20.000 TL,KepezErenköy,2+1
21.000 TL,Kepez/Erenköy,1+1
22.000 TL,Kepez/Dokuma,2+1
37.000 TL,Muratpaşa/Fener,2+1
22.000 TL,Kepez/Varsak,2+1
18.000 TL,Alanya,2+1
17.000 TL,Döşemealtı/Yeniköy,2+1
26.500 TL,Döşemealtı/Yeniköy,3+1
14.000 TL,Kepez/Düdenbaşı,2+1
17.000 TL,Kepez/Düdenbaşı,2+1
55.000 TL,Kepez/Sütçüler,4+1
17.000 TL,Muratpaşa/Lara,Stüdyo (1+0)
25.000 TL,Muratpaşa/Kızıltoprak,2+1
16.000 TL,Döşemealtı/Yeniköy,1+1
20.000 TL,Kepez/Varsak,2+1
30.000 TL,Konyaaltı/Merkez,2+1
20.000 TL,Muratpaşa/Eskisanayi,2+1
26.000 TL,Kepez/Düdenbaşı,2+1
27.000 TL,Kepez/Duraliler,2+1
15.000 TL,Kepez/Dokuma,2+1
27.000 TL,Konyaaltı/Merkez,2+1
17.000 TL,Kepez/Varsak,2+1
20.000 TL,Döşemealtı/Yeniköy,2+1
15.000 TL,Alanya,2+1
38.500 TL,Konyaaltı/Merkez,3+1
26.000 TL,Muratpaşa/Çarşı,2+1
25.000 TL,Muratpaşa/Çarşı,2+1
18.000 TL,Aksu,1+1
18.000 TL,Serik,3+1
24.000 TL,Muratpaşa/Kızıltoprak,2+1
20.000 TL,Alanya/Beldeler,1+1
35.000 TL,Muratpaşa/Eskisanayi,3+1
15.000 TL,Kepez/Merkez,1+1
35.000 TL,Muratpaşa/Meltem,2+1
14.000 TL,Alanya/Beldeler,1+1
24.000 TL,Alanya/Beldeler,2+1
20.000 TL,Alanya,2+1
25.000 TL,Alanya,2+1
25.000 TL,Kepez/Erenköy,2+1
21.000 TL,Alanya,2+1
15.000 TL,Alanya,2+1
23.000 TL,Kepez/Erenköy,2+1
15.000 TL,Alanya,2+1
20.000 TL,Manavgat/Sarılar,3+1
20.000 TL,Manavgat/Sarılar,2+1
22.000 TL,Manavgat/Sarılar,2+1
21.000 TL,Manavgat/Sarılar,2+1
31.000 TL,Muratpaşa/Fener,2+1
36.000 TL,Konyaaltı/Arapsuyu,2+1
25.750 TL,Muratpaşa/Gençlik,2+1
15.500 TL,Kepez/Yeniemek,1+1
22.000 TL,Kepez/Erenköy,2+1
20.000 TL,Aksu,3+1
12.500 TL,Alanya,1+1
22.000 TL,Kepez/Duraliler,2+1
20.000 TL,Döşemealtı/Yeniköy,2+1
23.000 TL,Kepez/Duraliler,2+1
26.000 TL,Serik,4+1
20.000 TL,Kepez/Sütçüler,2+1
25.000 TL,MuratpaşaEskisanayi,1+1
17.000 TL,Kepez/Ahatlı,1+1
22.500 TL,Muratpaşa/Eskisanayi,2+1
25.000 TL,Alanya/Beldeler,3+1
20.000 TL,Muratpaşa/Eskisanayi,3+1
23.000 TL,Muratpaşa/Çarşı,2+1
12.000 TL,Korkuteli,2+1
25.000 TL,Muratpaşa/Güzeloluk,2+1
22.000 TL,Kepez/Varsak,2+1
25.000 TL,Alanya,3+1
20.000 TL,Kaş,1+1
22.000 TL,Kepez/Dokuma,3+1
17.500 TL,Serik,2+1
12.000 TL,Kepez/Ahatlı,1+1
22.500 TL,Manavgat,2+1
20.000 TL,Kepez/Yeniemek,2+1
23.000 TL,Kepez/Sütçüler,2+1
25.000 TL,Kepez/Duraliler,2+1
39.000 TL,Konyaaltı/Arapsuyu,2+1
25.000 TL,Aksu,3+1
20.000 TL,Muratpaşa/Bahçelievler,2+1
20.000 TL,MuratpaşaEskisanayi,2+1
20.500 TL,Muratpaşa/Kızıltoprak,2+1
18.000 TL,Alanya/Beldeler,2+1
11.000 TL,Alanya/Beldeler,1+1
15.000 TL,Alanya/Beldeler,2+1
37.000 TL,Muratpaşa/Fener,3+1
28.000 TL,Muratpaşa/Eskisanayi,3+1
24.000 TL,Kepez/Duraliler,2+1
19.000 TL,Konyaaltı/Arapsuyu,1+1
25.000 TL,Konyaaltı/Arapsuyu,1+1
17.000 TL,Aksu,1+1
35.000 TL,Kepez/Erenköy,5+1
30.000 TL,Muratpaşa/Lara,2+1
30.000 TL,Alanya/Beldeler,2+1
19.000 TL,Alanya,2+1
45.000 TL,Muratpaşa/Fener,3+1
45.000 TL,Konyaaltı/Merkez,4+1
15.500 TL,Serik,2+1
18.000 TL,Kepez/Ahatlı,1+1
40.000 TL,Muratpaşa/Meltem,3+1
20.000 TL,Muratpaşa/Eskisanayi,2+1
25.000 TL,Kepez/Duraliler,2+1
33.000 TL,Kepez/Yeniemek,3+1
22.000 TL,Alanya,2+1
15.500 TL,MuratpaşaÇarşı,3+1
18.000 TL,Alanya,1+1
10.000 TL,Muratpaşa/Çarşı,2+1
20.000 TL,Kepez/Yeniemek,2+1
35.000 TL,Serik,3+1
19.000 TL,Kepez/Yeniemek,1+1
32.000 TL,Konyaaltı/Arapsuyu,3+1
21.000 TL,Manavgat,3+1
22.000 TL,Muratpaşa/Gençlik,2+1
20.000 TL,Kepez/Duraliler,2+1
31.000 TL,Muratpaşa/Kızıltoprak,2+1
18.000 TL,Demre/Kale(Demre),2+1
36.000 TL,Konyaaltı/Arapsuyu,3+1
24.000 TL,Kepez/Yeniemek,2+1
25.000 TL,Alanya,2+1
42.000 TL,Konyaaltı/Arapsuyu,3+1
16.000 TL,Muratpaşa/Yenigün,3+1
20.000 TL,Muratpaşa/Bahçelievler,2+1
20.000 TL,Kepez/Varsak,2+1
17.000 TL,Kepez/Varsak,2+1
14.000 TL,Kepez/Sütçüler,1+1
33.000 TL,Alanya/Beldeler,3+1
36.000 TL,MuratpaşaYenigün,1+1
16.000 TL,Alanya/Beldeler,1+1
16.000 TL,Kepez/Varsak,1+1
21.000 TL,Kepez/Sütçüler,2+1
26.000 TL,Kepez/Erenköy,3+1
35.500 TL,Konyaaltı/Merkez,3+1
19.000 TL,Manavgat/Köyler,4+1
25.000 TL,Döşemealtı/Yeniköy,2+1
18.000 TL,Muratpaşa/Yenigün,3+1
23.000 TL,Kepez/Düdenbaşı,3+1
16.250 TL,Kepez/Yeniemek,2+1
30.000 TL,Konyaaltı/Arapsuyu,2+1
15.000 TL,Aksu,1+1
18.000 TL,Kepez/Varsak,2+1
45.000 TL,Muratpaşa/Fener,3+1
15.000 TL,Kepez/Erenköy,2+1
16.000 TL,Kaş/Köyler,2+1
18.000 TL,Döşemealtı/Yeniköy,2+1
18.000 TL,Kepez/Erenköy,2+1
20.000 TL,Kepez/Ahatlı,2+1
23.000 TL,Kepez/Ahatlı,2+1
23.500 TL,Kepez/Erenköy,2+1
24.000 TL,Kepez/Erenköy,2+1
12.500 TL,Alanya/Beldeler,2+1
16.000 TL,Korkuteli,3+1
55.000 TL,Muratpaşa/Lara,3+1
20.000 TL,Kepez/Ahatlı,2+1
15.000 TL,Döşemealtı/Yeşilbayır,1+1
21.000 TL,Kepez/Varsak,2+1
20.000 TL,Alanya,2+1
30.000 TL,Kaş,2+1
25.000 TL,Kepez/Erenköy,2+1
23.000 TL,Muratpaşa/Meltem,3+1
22.000 TL,Serik,2+0
45.000 TL,Konyaaltı/Merkez,4+1
22.000 TL,Serik,2+1
22.000 TL,Muratpaşa/Eskisanayi,2+1
20.000 TL,Kepez/Erenköy,1+1
28.000 TL,Kepez/Erenköy,3+1
45.000 TL,Muratpaşa/Merkez,3+1
35.000 TL,Alanya/Beldeler,3+1
20.000 TL,Kepez/Merkez,2+1
26.000 TL,Muratpaşa/Gençlik,2+1
36.000 TL,Alanya/Beldeler,5+1
16.000 TL,Kepez/Sütçüler,2+1
23.000 TL,Konyaaltı/Arapsuyu,2+1
30.000 TL,Konyaaltı/Arapsuyu,3+1
17.000 TL,Serik,3+1
27.500 TL,Kepez/Erenköy,3+1
18.000 TL,Döşemealtı/Yeniköy,3+1
20.000 TL,Döşemealtı/Yeniköy,2+1
21.000 TL,Kepez/Yeniemek,2+1
18.000 TL,Muratpaşa/Çarşı,2+1
28.000 TL,Kepez/Sütçüler,2+1
22.000 TL,Kepez/Erenköy,2+1
24.000 TL,Kepez/Varsak,3+1
23.000 TL,Muratpaşa/Eskisanayi,3+1
23.000 TL,Aksu,2+1
22.500 TL,Muratpaşa/Kızıltoprak,2+1
17.000 TL,Aksu,1+1
30.000 TL,Alanya,3+1
25.000 TL,Muratpaşa/Eskisanayi,2+1
16.000 TL,Alanya/Beldeler,1+1
20.000 TL,Aksu,2+1
17.000 TL,Aksu,1+1
17.500 TL,Kumluca,3+1
10.000 TL,Kepez/Varsak,1+1
23.000 TL,Muratpaşa/Eskisanayi,2+1
18.000 TL,Döşemealtı/Yeniköy,2+1
23.000 TL,Kepez/Varsak,2+1
22.500 TL,Muratpaşa/Gençlik,3+1
25.000 TL,Manavgat,2+1
16.500 TL,Kepez/Dokuma,1+1
21.000 TL,Muratpaşa/Bahçelievler,3+1
15.000 TL,Aksu/Köyler,1+1
18.000 TL,Aksu,1+1
17.000 TL,Demre/Kale(Demre),3+1
28.000 TL,Döşemealtı/Yeniköy,3+1
41.500 TL,Konyaaltı/Merkez,3+1
25.000 TL,Kepez/Erenköy,2+2
26.500 TL,Aksu,2+1
16.000 TL,Döşemealtı/Yeniköy,2+1
25.000 TL,Muratpaşa/Yenigün,2+1
15.000 TL,Demre/Kale(Demre),1+1
35.000 TL,Muratpaşa/Lara,2+1
18.000 TL,Muratpaşa/Meltem,1+1
21.000 TL,Muratpaşa/Gençlik,2+1
33.000 TL,Konyaaltı/Merkez,2+1
25.000 TL,Kepez/Duraliler,2+1
14.500 TL,Muratpaşa/Eskisanayi,1+1
21.000 TL,Serik,1+1
14.000 TL,Kepez/Erenköy,2+1
17.000 TL,Kepez/Yeniemek,3+1
22.000 TL,Kepez/Ahatlı,2+1
15.000 TL,Döşemealtı/Yeniköy,1+1
45.000 TL,Alanya/Beldeler,3+1
30.000 TL,Alanya/Beldeler,2+1
18.000 TL,Alanya/Beldeler,1+1
35.000 TL,Alanya,2+1
20.000 TL,Alanya,3+1
21.000 TL,Kepez/Merkez,2+1
17.000 TL,Kepez/Sütçüler,1+1
20.000 TL,Konyaaltı/Arapsuyu,1+1
75.000 TL,Alanya,2+1
40.000 TL,Muratpaşa/Fener,3+1
9.000 TL,Alanya/Beldeler,1+1
27.000 TL,Kepez/Dokuma,3+1
17.000 TL,Döşemealtı/Yeniköy,2+1
32.000 TL,Konyaaltı/Merkez,2+1
18.000 TL,Kepez/Merkez,1+1
28.000 TL,Kepez/Sütçüler,3+1
25.000 TL,Muratpaşa/Yenigün,3+1
16.500 TL,Muratpaşa/Yenigün,3+1
16.500 TL,Muratpaşa/Yenigün,2+1
30.000 TL,Muratpaşa/Çarşı,2+1
18.500 TL,MuratpaşaBahçelievler,1+1
26.000 TL,Muratpaşa/Bahçelievler,3+1
26.000 TL,Kepez/Sütçüler,2+1
19.500 TL,Muratpaşa/Yenigün,3+1
27.500 TL,Muratpaşa/Güzeloluk,1+1
18.000 TL,Kepez/Sütçüler,2+1
25.000 TL,Demre/Kale(Demre),3+1
16.500 TL,Kepez/Merkez,1+1
21.500 TL,Demre/Kale(Demre),4+1
18.500 TL,Manavgat/Köyler,2+1
11.000 TL,Kepez/Duraliler,1+1
70.000 TL,Alanya,5+1
20.000 TL,Kepez/Erenköy,2+1
30.000 TL,Alanya,2+1
22.000 TL,Alanya/Beldeler,1+1
20.000 TL,Kepez/Duraliler,2+1
18.000 TL,Kepez/Erenköy,2+1
20.000 TL,Kepez/Varsak,2+1
50.000 TL,Konyaaltı/Arapsuyu,3+1
47.000 TL,Konyaaltı/Arapsuyu,3+1
25.000 TL,Kepez/Varsak,2+1
30.000 TL,Döşemealtı/Yeniköy,2+1
15.000 TL,Alanya,1+1
20.000 TL,Kepez/Sütçüler,2+1
19.000 TL,Alanya/Beldeler,2+1
28.000 TL,Aksu,2+1
18.000 TL,Kepez/Duraliler,2+1
22.000 TL,Muratpaşa/Kızıltoprak,2+1
21.500 TL,Muratpaşa/Eskisanayi,3+1
40.000 TL,Konyaaltı/Arapsuyu,3+1
37.000 TL,Konyaaltı/Arapsuyu,3+1
37.000 TL,Konyaaltı/Arapsuyu,3+1
23.000 TL,Muratpaşa/Bahçelievler,3+1
28.000 TL,Döşemealtı/Merkez,3+1
37.000 TL,Manavgat,3+1
25.000 TL,Muratpaşa/Yenigün,2+1
24.000 TL,Serik,3+1
12.000 TL,Alanya/Beldeler,1+1
20.000 TL,Alanya,2+1
38.000 TL,Muratpaşa/Gençlik,3+1
35.450 TL,KepezMerkez,3+1
25.000 TL,Kepez/Merkez,1+1
35.000 TL,Muratpaşa/Fener,3+1
70.000 TL,Muratpaşa/Fener,4+1
17.000 TL,Muratpaşa/Yenigün,3+1
19.000 TL,Kepez/Yeniemek,2+1
26.000 TL,Muratpaşa/Kızıltoprak,2+1
12.000 TL,Kaş/Kalkan,2.5+1
25.000 TL,Kepez/Erenköy,2+1
35.000 TL,Konyaaltı/Arapsuyu,2+1
15.000 TL,Döşemealtı/Yeniköy,1+1
15.000 TL,Alanya/Beldeler,1+1
18.000 TL,Kepez/Düdenbaşı,1+1
16.000 TL,Konyaaltı/Arapsuyu,1+1
12.500 TL,Manavgat,Stüdyo (1+0)
35.450 TL,Konyaaltı/Arapsuyu,3+1
37.000 TL,Aksu,2+1
30.000 TL,Konyaaltı/Merkez,2+1
20.000 TL,Muratpaşa/Çarşı,2+1
21.000 TL,Manavgat,1+1
23.000 TL,Konyaaltı/Merkez,3+1
19.500 TL,Kepez/Düdenbaşı,1+1
22.500 TL,Kepez/Düdenbaşı,1+1
18.000 TL,Kepez/Ahatlı,1+1
18.000 TL,Döşemealtı/Yeniköy,2+1
25.000 TL,Kepez/Varsak,3+1
20.000 TL,Kepez/Erenköy,2+1
20.000 TL,Kepez/Dokuma,2+1
19.000 TL,Kepez/Ahatlı,2+1
20.000 TL,Muratpaşa/Bahçelievler,3+1
29.000 TL,Kepez/Sütçüler,2+1
30.000 TL,Muratpaşa/Lara,2+1
23.500 TL,Kepez/Ahatlı,2+1
17.500 TL,Kepez/Erenköy,2+1
25.000 TL,Konyaaltı/Arapsuyu,2+1
22.000 TL,Kepez/Ahatlı,2+1
25.000 TL,Kepez/Duraliler,3+1
25.000 TL,Kepez/Varsak,2+1
30.500 TL,Kepez/Düdenbaşı,2+1
20.000 TL,Kepez/Yeniemek,2+1
16.000 TL,Alanya,3+1
17.000 TL,Aksu,1+1
21.000 TL,Alanya,2+1
23.000 TL,Manavgat/Sarılar,2+1
28.000 TL,Konyaaltı/Arapsuyu,1+1
35.000 TL,Muratpaşa/Kızıltoprak,3+1
22.000 TL,Muratpaşa/Eskisanayi,3+1
25.000 TL,Kepez/Sütçüler,2+1
12.000 TL,Korkuteli,1+1
20.000 TL,Döşemealtı/Yeniköy,1+1
22.500 TL,Muratpaşa/Meltem,3+1
21.000 TL,Kepez/Duraliler,2+1
22.000 TL,Serik,2+1
20.000 TL,Manavgat,1+1
22.000 TL,Muratpaşa/Kızıltoprak,2+1
17.000 TL,Alanya,1+1
25.000 TL,Kepez/Sütçüler,2+1
20.000 TL,Kepez/Varsak,2+1
40.000 TL,Muratpaşa/Bahçelievler,3+1
40.000 TL,Konyaaltı/Arapsuyu,3+1
27.000 TL,Aksu,1+1
30.000 TL,Muratpaşa/Gençlik,3+1
28.000 TL,Muratpaşa/Gençlik,2+1
6.500 TL,Alanya/Beldeler,Stüdyo (1+0)
30.000 TL,Muratpaşa/Lara,1+1
22.000 TL,Kepez/Erenköy,2+1
21.000 TL,Kepez/Dokuma,3+1
21.000 TL,Kepez/Varsak,3+1
30.000 TL,Kepez/Duraliler,4+2
25.000 TL,Muratpaşa/Meltem,3+1
15.000 TL,Kepez/Dokuma,1+1
30.000 TL,Muratpaşa/Lara,1+1
22.000 TL,Konyaaltı/Arapsuyu,1+1
17.000 TL,Kepez/Varsak,1+1
22.000 TL,Muratpaşa/Güzeloluk,3+1
18.000 TL,Kepez/Duraliler,2+1
20.000 TL,Manavgat/Sarılar,Stüdyo (1+0)
20.000 TL,Korkuteli,3+1
18.000 TL,Alanya/Beldeler,2+1
35.000 TL,Aksu,2+1
35.000 TL,Muratpaşa/Yenigün,3+1
18.000 TL,Kepez/Ahatlı,2+1
50.000 TL,Muratpaşa/Merkez,3+1
20.000 TL,Muratpaşa/Eskisanayi,2+1
16.000 TL,Aksu,1+1
20.000 TL,Serik,3+1
25.000 TL,Kepez/Ahatlı,2+1
25.000 TL,Kepez/Dokuma,3+1
19.000 TL,Kepez/Varsak,1+1
22.000 TL,Muratpaşa/Kızıltoprak,2+1
20.000 TL,Serik,3+1
17.000 TL,Manavgat,2+1
25.250 TL,Aksu,2+1
13.500 TL,Aksu,1+1
20.000 TL,Muratpaşa/Lara,1+1
17.000 TL,Kepez/Varsak,3+1
35.000 TL,Muratpaşa/Fener,3+1
22.000 TL,Kepez/Dokuma,2+1
22.000 TL,Döşemealtı/Merkez,2+1
17.500 TL,Alanya/Beldeler,1+1
14.000 TL,Döşemealtı/Yeniköy,1+1
15.000 TL,Alanya,1+1
20.000 TL,Serik/Köyler,2+1
20.500 TL,Kepez/Duraliler,2+1
30.000 TL,Muratpaşa/Meltem,2+1
42.000 TL,Muratpaşa/Fener,3+1
17.000 TL,Muratpaşa/Yenigün,2+1
17.500 TL,Muratpaşa/Yenigün,1+1
18.000 TL,Aksu,1+1
21.500 TL,Muratpaşa/Yenigün,2+1
21.500 TL,Kepez/Sütçüler,2+1
25.000 TL,Konyaaltı/Arapsuyu,1+1
31.000 TL,Konyaaltı/Arapsuyu,2+1
15.000 TL,Muratpaşa/Meltem,1+1
20.000 TL,Kepez/Düdenbaşı,1+1
20.000 TL,Kepez/Erenköy,2+1
48.000 TL,Konyaaltı/Arapsuyu,3+1
23.000 TL,Serik/Yukarıkocayatak,2+1
20.000 TL,Kepez/Düdenbaşı,1+1
8.000 TL,Korkuteli/Köyler,2+1
17.500 TL,Kepez/Duraliler,2+1
25.000 TL,Alanya,3+1
14.000 TL,Döşemealtı/Yeniköy,2+1
27.000 TL,Alanya,3+1
25.000 TL,Muratpaşa/Eskisanayi,2+1
22.000 TL,Aksu,2+1
24.000 TL,Muratpaşa/Eskisanayi,3+1
18.000 TL,Kumluca,2+1
34.000 TL,Kepez/Sütçüler,2+1
23.000 TL,Kepez/Düdenbaşı,2+1
18.500 TL,Kepez/Varsak,2+1
20.000 TL,Kepez/Düdenbaşı,2+1
19.500 TL,Alanya,2+1
17.000 TL,Finike/Beldeler,3+1
20.000 TL,Kepez/Ahatlı,2+1
15.000 TL,Kepez/Ahatlı,2+0
24.000 TL,Kepez/Dokuma,2+1
15.000 TL,Gazipaşa,3+1
30.000 TL,Muratpaşa/Gençlik,3+1
16.000 TL,Alanya,2+1
20.000 TL,Kepez/Erenköy,2+1
25.000 TL,Muratpaşa/Eskisanayi,3+1
40.000 TL,Konyaaltı/Arapsuyu,3+1
25.000 TL,Muratpaşa/Lara,2+1
40.000 TL,Muratpaşa/Meltem,3+1
29.000 TL,Döşemealtı/Merkez,1+1
51.500 TL,Konyaaltı/Arapsuyu,2+1
33.000 TL,Muratpaşa/Lara,3+1
47.000 TL,Konyaaltı/Arapsuyu,3+1
35.000 TL,Konyaaltı/Arapsuyu,2+1
30.000 TL,Konyaaltı/Arapsuyu,2+1
45.000 TL,Konyaaltı/Arapsuyu,3+1
55.000 TL,Muratpaşa/Fener,3+1
20.000 TL,Serik,1+1
45.000 TL,Konyaaltı/Arapsuyu,2+1
25.000 TL,Konyaaltı/Arapsuyu,1+1
34.000 TL,Kepez/Duraliler,2+1
55.000 TL,Muratpaşa/Fener,3+1
29.500 TL,Muratpaşa/Kızıltoprak,2+1
49.000 TL,Konyaaltı/Arapsuyu,5+1
25.000 TL,Kepez/Düdenbaşı,1+1
40.000 TL,Konyaaltı/Arapsuyu,2+1
25.000 TL,Serik,2+1
45.000 TL,Kepez/Erenköy,3+2
35.000 TL,Konyaaltı/Arapsuyu,1+1
55.000 TL,Muratpaşa/Lara,3+1
18.000 TL,Elmalı,3+1
40.000 TL,Konyaaltı/Arapsuyu,3+1
45.000 TL,Aksu,2+1
27.500 TL,Kepez/Erenköy,2+1
25.000 TL,KonyaaltıArapsuyu,3+1
37.000 TL,Konyaaltı/Arapsuyu,2+1
50.000 TL,Konyaaltı/Arapsuyu,3+1
70.000 TL,Muratpaşa/Fener,3+1
35.000 TL,Muratpaşa/Gençlik,1+1
42.000 TL,Konyaaltı/Arapsuyu,3+1
30.000 TL,Konyaaltı/Arapsuyu,2+1
25.000 TL,Döşemealtı/Merkez,1+1
60.000 TL,Muratpaşa/Lara,3+1
63.000 TL,Muratpaşa/Lara,3+1
22.500 TL,Kepez/Yeniemek,1+1
100.000 TL,Konyaaltı/Arapsuyu,3+1
95.000 TL,Muratpaşa/Lara,3+1
25.000 TL,Serik,3+1
25.000 TL,Kepez/Erenköy,3+1
125.000 TL,Konyaaltı/Arapsuyu,5+1
45.000 TL,Konyaaltı/Arapsuyu,3+1
220.000 TL,Muratpaşa/Fener,5+1
23.000 TL,Kepez/Düdenbaşı,2+1
47.000 TL,Konyaaltı/Arapsuyu,3+1
40.000 TL,Konyaaltı/Merkez,4+1
45.000 TL,Konyaaltı/Merkez,5+1
65.000 TL,MuratpaşaFener,1+1
50.000 TL,Muratpaşa/Fener,3+1
20.000 TL,Kepez/Erenköy,1+1
65.000 TL,Muratpaşa/Fener,3+1
45.000 TL,Muratpaşa/Fener,2+1
42.500 TL,Muratpaşa/Lara,2+1
45.000 TL,Konyaaltı/Merkez,3+1
35.000 TL,Muratpaşa/Güzeloluk,2+1
32.000 TL,Konyaaltı/Arapsuyu,3+1
37.000 TL,Muratpaşa/Güzeloluk,2+1
36.000 TL,Kepez/Ahatlı,2+1
45.000 TL,Muratpaşa/Fener,2+1
40.000 TL,Konyaaltı/Arapsuyu,3+1
24.500 TL,Döşemealtı/Merkez,1+1
59.999 TL,Konyaaltı/Arapsuyu,3+1
33.000 TL,Kepez/Ahatlı,3+1
30.000 TL,Konyaaltı/Arapsuyu,1+1
18.000 TL,Döşemealtı/Merkez,2+1
27.000 TL,Döşemealtı/Merkez,1+1
25.000 TL,Kepez/Erenköy,2+1
37.500 TL,Konyaaltı/Merkez,2+1
43.000 TL,Konyaaltı/Arapsuyu,2+1
40.000 TL,Konyaaltı/Arapsuyu,2+1
38.000 TL,Muratpaşa/Güzeloluk,3+1
45.000 TL,Muratpaşa/Güzeloluk,3+1
18.000 TL,KonyaaltıArapsuyu,3+1
75.000 TL,Konyaaltı/Arapsuyu,3+1
95.000 TL,Muratpaşa/Lara,3+1
43.000 TL,Muratpaşa/Lara,2+1
120.000 TL,Muratpaşa/Lara,3+1
18.000 TL,Kepez/Duraliler,2+1
45.000 TL,Konyaaltı/Arapsuyu,3+1
165.000 TL,Muratpaşa/Fener,3+1
38.000 TL,Konyaaltı/Arapsuyu,3+1
90.000 TL,Muratpaşa/Lara,3+1
18.500 TL,Kepez/Düdenbaşı,1+1
23.000 TL,Muratpaşa/Yenigün,1+1
25.000 TL,Döşemealtı/Yeniköy,2+1
25.000 TL,Kepez/Sütçüler,2+1
37.000 TL,Konyaaltı/Merkez,2+1
25.000 TL,Serik,1+1
62.500 TL,Konyaaltı/Arapsuyu,4+1
53.000 TL,Muratpaşa/Lara,3+1
42.000 TL,Konyaaltı/Arapsuyu,2+1
90.000 TL,Muratpaşa/Fener,4+1
40.000 TL,Konyaaltı/Merkez,1+1
30.000 TL,Konyaaltı/Arapsuyu,2+1
32.000 TL,KepezErenköy,3+1
90.000 TL,Muratpaşa/Lara,4+1
65.000 TL,Konyaaltı/Arapsuyu,3+1
35.000 TL,Döşemealtı/Merkez,3+1
60.000 TL,Muratpaşa/Lara,3+1
38.000 TL,Muratpaşa/Meltem,3+1
35.000 TL,Kepez/Erenköy,3+1
25.000 TL,Kepez/Erenköy,3+1
32.000 TL,Serik,2+1
38.000 TL,Konyaaltı/Merkez,3+1
26.000 TL,Konyaaltı/Merkez,1+1
24.000 TL,Serik,1+1
40.000 TL,Konyaaltı/Arapsuyu,2+1
50.000 TL,Muratpaşa/Lara,3+2
40.000 TL,Muratpaşa/Lara,3+1
23.000 TL,Kepez/Erenköy,2+1
44.000 TL,Aksu/Köyler,3+1
40.000 TL,Konyaaltı/Arapsuyu,4+1
50.000 TL,Muratpaşa/Lara,4+1
65.000 TL,Muratpaşa/Lara,3+1
55.000 TL,Muratpaşa/Güzeloluk,2+1
55.000 TL,Konyaaltı/Arapsuyu,2+1
30.000 TL,Konyaaltı/Arapsuyu,1+1
48.000 TL,Konyaaltı/Arapsuyu,3+1
45.000 TL,Konyaaltı/Arapsuyu,2+1
40.000 TL,Kepez/Erenköy,2+1
98.000 TL,Muratpaşa/Lara,2+1
62.000 TL,Muratpaşa/Fener,3+1
60.000 TL,Konyaaltı/Arapsuyu,3+1
26.000 TL,Konyaaltı/Arapsuyu,1+1
35.000 TL,Konyaaltı/Arapsuyu,2+1
35.000 TL,Muratpaşa/Lara,2+1
65.000 TL,Muratpaşa/Fener,3+1
45.000 TL,Muratpaşa/Lara,3+1
60.000 TL,Konyaaltı/Arapsuyu,3+1
60.000 TL,Konyaaltı/Merkez,5+1
92.000 TL,Konyaaltı/Arapsuyu,3+1
28.000 TL,Muratpaşa/Kızıltoprak,2+1
115.000 TL,Konyaaltı/Arapsuyu,3+1
60.000 TL,Aksu/Köyler,3+1
60.000 TL,Konyaaltı/Arapsuyu,6+1
40.000 TL,Muratpaşa/Fener,3+1
60.000 TL,Konyaaltı/Arapsuyu,1+1
32.000 TL,Muratpaşa/Kızıltoprak,2+1
50.000 TL,Konyaaltı/Arapsuyu,2+1
26.000 TL,Döşemealtı/Yeniköy,2+1
36.000 TL,Konyaaltı/Merkez,2+1
33.500 TL,Konyaaltı/Merkez,3+1
45.000 TL,Konyaaltı/Arapsuyu,2+1
67.000 TL,Konyaaltı/Arapsuyu,4+1
80.000 TL,Konyaaltı/Arapsuyu,3+1
110.000 TL,Muratpaşa/Lara,3+1
29.000 TL,Konyaaltı/Arapsuyu,1+1
25.900 TL,Aksu,1+1
44.000 TL,Muratpaşa/Lara,3+1
40.000 TL,Konyaaltı/Arapsuyu,1+1
89.000 TL,Konyaaltı/Arapsuyu,4+1
48.000 TL,Muratpaşa/Lara,2+1
25.000 TL,Muratpaşa/Yenigün,2+1
30.000 TL,Döşemealtı/Merkez,1+1
55.000 TL,Döşemealtı/Yeşilbayır,3+1
24.000 TL,Döşemealtı/Yeniköy,2+1
59.000 TL,Muratpaşa/Lara,3+1
25.000 TL,Konyaaltı/Merkez,1+1
35.000 TL,Kepez/Düdenbaşı,2+1
36.000 TL,KonyaaltıArapsuyu,4+1
50.000 TL,Konyaaltı/Arapsuyu,3+1
52.500 TL,Kepez/Düdenbaşı,3+1
36.000 TL,Kepez/Varsak,3+1
33.000 TL,Konyaaltı/Arapsuyu,1+1
46.000 TL,Konyaaltı/Arapsuyu,3+1
75.000 TL,Konyaaltı/Arapsuyu,4+1
25.000 TL,Kepez/Erenköy,2+1
35.000 TL,Kepez/Duraliler,1+1
150.000 TL,Konyaaltı/Arapsuyu,4+1
30.500 TL,Döşemealtı/Yeniköy,2+1
27.000 TL,Muratpaşa/Kızıltoprak,2+1
60.000 TL,Konyaaltı/Arapsuyu,3+1
40.000 TL,Kepez/Erenköy,3+1
45.000 TL,Konyaaltı/Arapsuyu,3+1
50.000 TL,Konyaaltı/Arapsuyu,3+1
77.000 TL,Muratpaşa/Fener,3+1
25.000 TL,Kepez/Erenköy,3+1
20.000 TL,Konyaaltı/Arapsuyu,1+1
40.000 TL,Kepez/Düdenbaşı,2+1
30.000 TL,Muratpaşa/Lara,2+1
30.000 TL,Kepez/Ahatlı,3+1
42.000 TL,Konyaaltı/Arapsuyu,2+1
33.000 TL,Muratpaşa/Meltem,2+1
38.000 TL,Konyaaltı/Merkez,2+1
52.000 TL,Konyaaltı/Arapsuyu,3+1
29.500 TL,Muratpaşa/Meltem,2+1
20.000 TL,Kepez/Erenköy,2+1
40.000 TL,Aksu,2+1
50.000 TL,Konyaaltı/Merkez,2+1
20.000 TL,Döşemealtı/Merkez,1+1
80.000 TL,Konyaaltı/Arapsuyu,3+1
23.000 TL,Kepez/Erenköy,2+1
28.000 TL,Kepez/Varsak,3+1
50.000 TL,Döşemealtı/Yeşilbayır,2.5+1
55.000 TL,Konyaaltı/Arapsuyu,3+1
30.000 TL,Aksu,3+1
50.000 TL,Konyaaltı/Merkez,2+1
27.000 TL,Kepez/Düdenbaşı,3+1
26.000 TL,Kepez/Erenköy,2+1
35.000 TL,Muratpaşa/Güzeloluk,2+1
20.000 TL,Kepez/Sütçüler,2+1
40.000 TL,Konyaaltı/Arapsuyu,2+1
35.000 TL,Döşemealtı/Merkez,2+1
85.000 TL,Muratpaşa/Lara,3+1
67.000 TL,Muratpaşa/Fener,3+1
72.000 TL,Muratpaşa/Fener,3+1
39.999 TL,Muratpaşa/Meltem,3+1
25.000 TL,Kepez/Erenköy,3+1
25.000 TL,Serik,1+1
30.000 TL,Muratpaşa/Kızıltoprak,2+1
30.000 TL,Konyaaltı/Arapsuyu,1+1
37.000 TL,Muratpaşa/Yenigün,2+1
27.500 TL,Döşemealtı/Yeniköy,1+1
30.000 TL,Konyaaltı/Arapsuyu,2+1
54.999 TL,Konyaaltı/Arapsuyu,2+1
39.500 TL,Konyaaltı/Arapsuyu,3+1
35.000 TL,Aksu,1+1
85.000 TL,Konyaaltı/Arapsuyu,4+1
50.000 TL,Konyaaltı/Merkez,4+1
32.500 TL,Döşemealtı/Yeniköy,2+1
41.000 TL,Aksu/Köyler,3+1
37.000 TL,Muratpaşa/Lara,1+1
47.000 TL,Muratpaşa/Lara,2+1
58.000 TL,Muratpaşa/Lara,3+1
39.000 TL,Konyaaltı/Arapsuyu,2+1
35.500 TL,Muratpaşa/Kızıltoprak,3+1
20.000 TL,Döşemealtı/Merkez,3+1
80.000 TL,Konyaaltı/Arapsuyu,4+1
24.500 TL,Muratpaşa/Kızıltoprak,1+1
72.500 TL,Konyaaltı/Arapsuyu,4+1
21.000 TL,Kepez/Düdenbaşı,2+1
40.500 TL,Konyaaltı/Arapsuyu,2+1
33.000 TL,Kepez/Erenköy,3+1
45.000 TL,Muratpaşa/Gençlik,4+1
22.000 TL,Kepez/Sütçüler,1+1
75.000 TL,Konyaaltı/Arapsuyu,2+1
78.000 TL,Konyaaltı/Arapsuyu,3+1
100.000 TL,Muratpaşa/Lara,2+1
42.000 TL,Serik,4+1
40.000 TL,Kepez/Erenköy,2+2
28.500 TL,Kepez/Erenköy,3+1
45.000 TL,Konyaaltı/Arapsuyu,2+1
40.000 TL,KonyaaltıArapsuyu,2+1
40.000 TL,Konyaaltı/Arapsuyu,3+1
49.000 TL,Konyaaltı/Arapsuyu,3+1
40.000 TL,Konyaaltı/Arapsuyu,2+1
20.000 TL,Döşemealtı/Merkez,2+1
72.000 TL,Konyaaltı/Arapsuyu,4+1
26.000 TL,Kepez/Düdenbaşı,2+1
44.000 TL,Döşemealtı/Yeşilbayır,2+1
33.000 TL,Serik,3+1
32.000 TL,Kepez/Düdenbaşı,3+1
66.000 TL,KepezDüdenbaşı,3+1
29.000 TL,Serik,2+1
29.000 TL,Aksu,3+1
23.000 TL,Serik,2+1
66.000 TL,Konyaaltı/Arapsuyu,3+1
51.500 TL,Konyaaltı/Arapsuyu,2+1
30.000 TL,Muratpaşa/Lara,1+1
55.000 TL,Muratpaşa/Lara,2+1
67.000 TL,Muratpaşa/Lara,3+1
30.000 TL,Döşemealtı/Merkez,3+1
53.000 TL,Döşemealtı/Yeşilbayır,4+1
50.000 TL,Konyaaltı/Arapsuyu,3+1
60.000 TL,Konyaaltı/Arapsuyu,2+1
40.000 TL,Konyaaltı/Arapsuyu,2+1
75.000 TL,Konyaaltı/Arapsuyu,3+1
75.000 TL,Konyaaltı/Arapsuyu,3+1
35.000 TL,Konyaaltı/Arapsuyu,2+1
45.000 TL,Konyaaltı/Arapsuyu,3+1
45.000 TL,Muratpaşa/Kızıltoprak,2+1
39.500 TL,Konyaaltı/Arapsuyu,3+1
28.000 TL,Konyaaltı/Merkez,1+1
150.000 TL,Muratpaşa/Fener,3+1
33.000 TL,Konyaaltı/Arapsuyu,2+1
25.000 TL,Döşemealtı/Merkez,3+1
35.500 TL,Muratpaşa/Kızıltoprak,3+1
40.000 TL,Serik,3+1
19.000 TL,Kepez/Sütçüler,2+1
48.000 TL,Muratpaşa/Fener,3+1
34.000 TL,Kepez/Düdenbaşı,2+1
30.000 TL,Muratpaşa/Kızıltoprak,3+1
35.000 TL,Konyaaltı/Arapsuyu,1+1
81.000 TL,Muratpaşa/Gençlik,3+1
65.000 TL,Muratpaşa/Lara,3+1
26.000 TL,Kepez/Erenköy,2+1
23.000 TL,Kepez/Ahatlı,3+1
32.000 TL,Kepez/Erenköy,2+1
65.000 TL,Muratpaşa/Güzeloluk,3+1
20.000 TL,Döşemealtı/Yeniköy,1+1
37.500 TL,Konyaaltı/Arapsuyu,3+1
50.000 TL,Muratpaşa/Lara,2+1
45.000 TL,Konyaaltı/Arapsuyu,2+1
45.000 TL,Muratpaşa/Güzeloluk,3+1
45.000 TL,Konyaaltı/Arapsuyu,3+1
50.000 TL,Konyaaltı/Arapsuyu,2+1
58.000 TL,Muratpaşa/Güzeloluk,3+1
45.000 TL,Konyaaltı/Merkez,2+1
55.000 TL,Konyaaltı/Arapsuyu,3+1
85.000 TL,Muratpaşa/Lara,3+1
21.000 TL,Serik,2+1
48.000 TL,Döşemealtı/Yeniköy,4+1
40.000 TL,Konyaaltı/Arapsuyu,3+1
40.000 TL,Muratpaşa/Güzeloluk,2+1
18.000 TL,Muratpaşa/Yenigün,1+1
50.000 TL,Konyaaltı/Arapsuyu,3+1
40.000 TL,Muratpaşa/Lara,2+1
25.500 TL,Muratpaşa/Fener,1+1
80.000 TL,Konyaaltı/Arapsuyu,5+2
33.000 TL,Kepez/Erenköy,3+1
48.000 TL,Konyaaltı/Arapsuyu,3+1
45.000 TL,Konyaaltı/Arapsuyu,4+1
30.000 TL,Kepez/Erenköy,2+1
21.000 TL,Kepez/Sütçüler,2+1
35.000 TL,Muratpaşa/Yenigün,3+1
61.000 TL,Konyaaltı/Arapsuyu,4+1
200.000 TL,Konyaaltı/Arapsuyu,5+1
27.500 TL,Kepez/Erenköy,2+1
170.000 TL,Muratpaşa/Fener,3+1
40.000 TL,Kepez/Erenköy,3+1
26.000 TL,Kepez/Erenköy,2+1
60.000 TL,Konyaaltı/Arapsuyu,2+1
19.000 TL,Kepez/Ahatlı,1+1
60.000 TL,Aksu/Köyler,3+1
37.000 TL,Konyaaltı/Merkez,2+1
30.000 TL,Konyaaltı/Arapsuyu,1+1
80.000 TL,Konyaaltı/Arapsuyu,3+1
37.000 TL,Konyaaltı/Merkez,2+1
44.000 TL,Konyaaltı/Merkez,2+1
47.000 TL,Döşemealtı/Merkez,3+1
50.000 TL,Konyaaltı/Arapsuyu,3+1
30.000 TL,Serik,2+1
45.000 TL,Döşemealtı/Yeşilbayır,2+1
22.000 TL,Kepez/Düdenbaşı,1+1
43.000 TL,Döşemealtı/Merkez,2+1
35.000 TL,Aksu/Köyler,2+1
35.000 TL,Konyaaltı/Arapsuyu,3+1
35.000 TL,Konyaaltı/Merkez,2+1
33.000 TL,Konyaaltı/Merkez,2+1
25.000 TL,Kepez/Ahatlı,3+1
36.000 TL,Konyaaltı/Merkez,3+1
37.000 TL,KonyaaltıMerkez,3+1
32.000 TL,Kepez/Erenköy,3+1
40.000 TL,Kepez/Düdenbaşı,2+1
40.000 TL,Konyaaltı/Arapsuyu,3+1
55.000 TL,Muratpaşa/Fener,3+1
75.000 TL,Aksu,3+1
40.000 TL,Konyaaltı/Arapsuyu,2+1
30.000 TL,Döşemealtı/Yeniköy,3+1
70.000 TL,Muratpaşa/Fener,3+1
50.000 TL,Muratpaşa/Lara,2+1
30.000 TL,KonyaaltıArapsuyu,3+1
50.000 TL,Konyaaltı/Arapsuyu,3+1
30.000 TL,Kepez/Düdenbaşı,2+1
43.000 TL,Konyaaltı/Arapsuyu,3+1
42.000 TL,Konyaaltı/Arapsuyu,2+1
80.000 TL,Konyaaltı/Arapsuyu,3+1
45.000 TL,Konyaaltı/Arapsuyu,2+1
25.000 TL,Muratpaşa/Lara,3+1
52.000 TL,Konyaaltı/Arapsuyu,2+1
70.000 TL,Konyaaltı/Arapsuyu,3+1
50.000 TL,Döşemealtı/Yeniköy,4+1
57.500 TL,Muratpaşa/Fener,3+1
27.000 TL,Kepez/Erenköy,2+1
50.000 TL,Muratpaşa/Lara,3+1
46.000 TL,Konyaaltı/Arapsuyu,3+1
32.500 TL,Konyaaltı/Arapsuyu,1+1
35.000 TL,Muratpaşa/Kızıltoprak,2+1
24.500 TL,Serik,3+1
65.750 TL,Konyaaltı/Arapsuyu,3+1
50.000 TL,Aksu,2+1
20.000 TL,Döşemealtı/Yeniköy,1+1
23.000 TL,Serik,2+0
50.000 TL,Konyaaltı/Arapsuyu,3+1
70.000 TL,Muratpaşa/Lara,2+1
17.500 TL,Korkuteli,2+1
30.000 TL,Kepez/Erenköy,2+1
18.000 TL,Kepez/Sütçüler,1+1
37.000 TL,Döşemealtı/Yeniköy,3+1
50.000 TL,Konyaaltı/Arapsuyu,2+1
80.000 TL,Muratpaşa/Fener,3+1
208.000 TL,Muratpaşa/Fener,4+1
30.000 TL,Aksu,2+1
40.000 TL,Konyaaltı/Merkez,2+1
50.000 TL,Döşemealtı/Yeniköy,4+1
37.500 TL,Konyaaltı/Arapsuyu,3+1
16.000 TL,Döşemealtı/Merkez,2+1
26.000 TL,Kepez/Erenköy,2+1
35.000 TL,Döşemealtı/Yeniköy,3+1
43.000 TL,Aksu,3+1
20.000 TL,Döşemealtı/Yeniköy,2+1
65.000 TL,Muratpaşa/Fener,3+1
75.000 TL,Kepez/Erenköy,4+1
25.000 TL,Aksu,1+1
35.000 TL,Serik,3+1
20.000 TL,Kepez/Erenköy,1+1
115.000 TL,AksuKöyler,3+1
55.000 TL,Döşemealtı/Yeşilbayır,3+1
21.500 TL,Kepez/Erenköy,3+1
115.000 TL,Konyaaltı/Arapsuyu,3+1
130.000 TL,Muratpaşa/Lara,3+1
40.000 TL,Aksu/Köyler,3+1
110.000 TL,Konyaaltı/Arapsuyu,3+2
27.500 TL,Döşemealtı/Merkez,1+1
75.000 TL,Konyaaltı/Arapsuyu,3+1
43.000 TL,Kepez/Erenköy,3+1
32.000 TL,Kepez/Düdenbaşı,2+1
32.500 TL,Aksu/Köyler,2+1
25.000 TL,Kepez/Düdenbaşı,1+1
24.000 TL,Kepez/Ahatlı,2+1
55.000 TL,Konyaaltı/Arapsuyu,3+1
40.000 TL,Muratpaşa/Meltem,3+1
60.000 TL,Muratpaşa/Fener,3+1
85.000 TL,Muratpaşa/Lara,3+1
55.000 TL,Konyaaltı/Arapsuyu,2+1
37.000 TL,Muratpaşa/Meltem,3+1
22.000 TL,Döşemealtı/Yeniköy,2+1
28.500 TL,DöşemealtıMerkez,1+1
55.000 TL,Konyaaltı/Arapsuyu,2+1
39.000 TL,Muratpaşa/Yenigün,1+1
40.000 TL,Konyaaltı/Merkez,2+1
33.000 TL,Muratpaşa/Güzeloluk,2+1
28.500 TL,Kepez/Yeniemek,2+1
18.000 TL,Kepez/Düdenbaşı,1+1
28.000 TL,Muratpaşa/Kızıltoprak,1+1
75.000 TL,Konyaaltı/Arapsuyu,3+1
25.000 TL,Muratpaşa/Lara,2+1
30.000 TL,Döşemealtı/Merkez,1+1
55.000 TL,Konyaaltı/Merkez,2+1
85.000 TL,Muratpaşa/Fener,3+1
36.000 TL,Konyaaltı/Arapsuyu,3+1
65.000 TL,Muratpaşa/Lara,3+1
32.000 TL,Kepez/Ahatlı,1+1
42.000 TL,Konyaaltı/Arapsuyu,2+1
35.000 TL,Konyaaltı/Merkez,2+1
30.000 TL,Muratpaşa/Yenigün,2+1
45.000 TL,Konyaaltı/Arapsuyu,3+1
18.000 TL,Kepez/Sütçüler,2+1
50.000 TL,Konyaaltı/Arapsuyu,2+1
85.000 TL,Konyaaltı/Arapsuyu,4+1
24.000 TL,Kepez/Dokuma,3+1
35.000 TL,Konyaaltı/Merkez,2+1
62.000 TL,Muratpaşa/Lara,2+1
55.000 TL,Muratpaşa/Lara,3+1
51.000 TL,Konyaaltı/Arapsuyu,2+1
18.000 TL,Döşemealtı/Yeniköy,1+1
65.000 TL,Konyaaltı/Arapsuyu,3+1
19.000 TL,Kepez/Sütçüler,1+1
60.000 TL,Muratpaşa/Lara,3+1
30.000 TL,Kepez/Ahatlı,1+1
65.000 TL,Konyaaltı/Arapsuyu,4+1
30.000 TL,Konyaaltı/Arapsuyu,1+1
32.000 TL,Döşemealtı/Merkez,2+1
90.000 TL,Muratpaşa/Fener,3+1
55.000 TL,Kepez/Erenköy,4+1
40.000 TL,Konyaaltı/Arapsuyu,2+1
50.000 TL,Konyaaltı/Arapsuyu,3+1
65.000 TL,Muratpaşa/Lara,2+1
28.000 TL,Kepez/Ahatlı,3+1
47.500 TL,Döşemealtı/Yeşilbayır,3.5+1
40.000 TL,Kepez/Ahatlı,3+1
30.000 TL,Konyaaltı/Arapsuyu,1+1
29.990 TL,Muratpaşa/Lara,2+1
50.000 TL,Konyaaltı/Arapsuyu,3+1
61.000 TL,Konyaaltı/Arapsuyu,4+1
45.000 TL,Konyaaltı/Arapsuyu,2+1
20.000 TL,Serik,1+1
21.000 TL,Serik,2+1
55.000 TL,Muratpaşa/Lara,2+1
29.000 TL,Konyaaltı/Arapsuyu,1+1
40.000 TL,Muratpaşa/Fener,2+1
25.000 TL,Kepez/Düdenbaşı,1+1
45.000 TL,Konyaaltı/Arapsuyu,5+1
64.000 TL,Konyaaltı/Arapsuyu,3+1
37.000 TL,Muratpaşa/Kızıltoprak,2+1
49.000 TL,Muratpaşa/Lara,3+1
30.000 TL,Serik,3+1
27.000 TL,Döşemealtı/Yeniköy,2+1
25.000 TL,Konyaaltı/Merkez,1+1
80.000 TL,Muratpaşa/Lara,3+1
22.500 TL,Aksu,1+1
45.000 TL,Konyaaltı/Merkez,2+1
52.000 TL,Konyaaltı/Arapsuyu,3+1
50.000 TL,Kepez/Düdenbaşı,3+1
30.000 TL,Kepez/Erenköy,3+1
37.000 TL,Kepez/Erenköy,3+1
42.000 TL,Muratpaşa/Gençlik,4+1
70.000 TL,Konyaaltı/Arapsuyu,4+2
58.000 TL,Konyaaltı/Arapsuyu,3+1
60.000 TL,Muratpaşa/Fener,4+1
35.000 TL,Serik,4+1
55.000 TL,Döşemealtı/Yeşilbayır,3+1
50.000 TL,Muratpaşa/Bahçelievler,3+1
36.500 TL,Konyaaltı/Arapsuyu,3+1
22.500 TL,Kepez/Sütçüler,2+1
66.000 TL,Konyaaltı/Arapsuyu,3+1
27.000 TL,Konyaaltı/Arapsuyu,1+1
37.000 TL,Konyaaltı/Arapsuyu,1+1
48.000 TL,Konyaaltı/Arapsuyu,2+1
60.000 TL,Konyaaltı/Arapsuyu,5+1
307.000 TL,Muratpaşa/Fener,6+1
90.000 TL,Konyaaltı/Arapsuyu,2+1
75.000 TL,Konyaaltı/Merkez,3+1
27.000 TL,Döşemealtı/Merkez,1+1
27.000 TL,Döşemealtı/Merkez,1+1
45.000 TL,Muratpaşa/Güzeloluk,2+1
37.500 TL,Muratpaşa/Fener,2+1
35.000 TL,Kepez/Erenköy,3+1
70.000 TL,Döşemealtı/Yeşilbayır,4+1
40.000 TL,Konyaaltı/Arapsuyu,2+1
32.000 TL,Muratpaşa/Lara,1+1
32.000 TL,Kepez/Erenköy,3+1
95.000 TL,Muratpaşa/Lara,2+1
35.000 TL,Kepez/Duraliler,1+1
21.000 TL,Korkuteli,2+1
65.000 TL,Muratpaşa/Lara,3+1
20.000 TL,Kepez/Düdenbaşı,2+1
36.000 TL,Kepez/Sütçüler,3+1
23.000 TL,Kepez/Sütçüler,3+1
20.000 TL,Kepez/Sütçüler,2+1
48.000 TL,Döşemealtı/Merkez,3+1
27.000 TL,Serik,3+1
32.000 TL,Muratpaşa/Lara,1+1
67.500 TL,Konyaaltı/Arapsuyu,4+1
45.000 TL,Muratpaşa/Güzeloluk,2+1
85.000 TL,Konyaaltı/Arapsuyu,4+1
25.500 TL,Kepez/Yeniemek,2+1
100.000 TL,Muratpaşa/Fener,4+1
50.000 TL,Konyaaltı/Arapsuyu,3+1
36.000 TL,Muratpaşa/Lara,2+1
26.000 TL,Muratpaşa/Bahçelievler,1+1
30.000 TL,Kepez/Düdenbaşı,3+1
100.000 TL,Muratpaşa/Lara,2+2
18.000 TL,Döşemealtı/Yeniköy,2+1
38.000 TL,Konyaaltı/Arapsuyu,3+1
95.000 TL,Muratpaşa/Fener,3+1
30.000 TL,Muratpaşa/Güzeloluk,3+1
38.000 TL,KonyaaltıArapsuyu,3+1
79.000 TL,Muratpaşa/Fener,3+1
32.500 TL,Muratpaşa/Meltem,3+1
20.000 TL,Kepez/Varsak,2+1
37.000 TL,Muratpaşa/Meltem,3+1
75.000 TL,Konyaaltı/Arapsuyu,3+1
23.000 TL,Kepez/Sütçüler,2+1
35.000 TL,Alanya,2+1
35.000 TL,Konyaaltı/Arapsuyu,1+1
32.500 TL,Döşemealtı/Yeniköy,2+1
30.000 TL,Muratpaşa/Lara,1+1
22.000 TL,Döşemealtı/Yeniköy,2+1
25.000 TL,Serik,2+1
38.000 TL,Serik,3+1
25.900 TL,Aksu,1+1
24.000 TL,Muratpaşa/Yenigün,2+1
31.500 TL,Kepez/Duraliler,2+1
17.000 TL,Kepez/Düdenbaşı,2+1
16.000 TL,Döşemealtı/Merkez,1+1
19.500 TL,Muratpaşa/Eskisanayi,2+1
49.000 TL,Konyaaltı/Arapsuyu,3+1
45.000 TL,Konyaaltı/Arapsuyu,2+1
20.000 TL,Kepez/Düdenbaşı,2+1
22.000 TL,Döşemealtı/Yeniköy,2+1
27.000 TL,Kepez/Erenköy,2+1
100.000 TL,Konyaaltı/Arapsuyu,4+1
24.000 TL,Muratpaşa/Eskisanayi,3+1
60.000 TL,Muratpaşa/Bahçelievler,4+1
40.000 TL,Muratpaşa/Yenigün,3+1
32.000 TL,Muratpaşa/Meltem,3+1
28.000 TL,Kepez/Yeniemek,3+1
35.000 TL,Kepez/Dokuma,3+1
35.000 TL,Döşemealtı/Yeniköy,3+1
28.000 TL,DöşemealtıYeniköy,3+1
28.000 TL,Döşemealtı/Yeniköy,3+1
50.500 TL,Konyaaltı/Arapsuyu,4+1
29.000 TL,Kepez/Ahatlı,2+1
32.000 TL,Kepez/Dokuma,3+1
25.500 TL,Kepez/Duraliler,2+1
25.000 TL,Muratpaşa/Güzeloluk,2+1
22.000 TL,Döşemealtı/Yeniköy,2+1
55.000 TL,Muratpaşa/Kızıltoprak,4+2
25.000 TL,Serik,1+1
25.000 TL,Serik,1+1
55.000 TL,Konyaaltı/Arapsuyu,3+1
25.000 TL,Kepez/Ahatlı,2+1
27.000 TL,Kepez/Erenköy,2+1
30.000 TL,Muratpaşa/Çarşı,2+1
35.000 TL,Muratpaşa/Meltem,3+1
17.500 TL,Korkuteli,2+1
25.000 TL,Döşemealtı/Yeniköy,2+1
22.000 TL,Kepez/Erenköy,2+1
43.000 TL,Konyaaltı/Arapsuyu,3+1
65.000 TL,Konyaaltı/Arapsuyu,3+1
25.000 TL,Muratpaşa/Lara,2+1
20.000 TL,Korkuteli,3+1
39.000 TL,Muratpaşa/Lara,1+1
75.000 TL,Konyaaltı/Arapsuyu,3+1
60.000 TL,Konyaaltı/Arapsuyu,3+1
24.000 TL,Döşemealtı/Yeniköy,2+1
25.000 TL,Kepez/Erenköy,2+1
20.000 TL,Serik,1+1
23.000 TL,Elmalı,3+1
20.000 TL,Elmalı,3+1
55.000 TL,Konyaaltı/Arapsuyu,2+1
16.000 TL,Korkuteli,2+1
55.000 TL,Konyaaltı/Arapsuyu,3+1
12.500 TL,Korkuteli,2+1
55.000 TL,Konyaaltı/Arapsuyu,2+1
16.000 TL,Korkuteli,3+1
43.000 TL,Konyaaltı/Arapsuyu,1+1
16.000 TL,Muratpaşa/Eskisanayi,2+1
32.000 TL,Muratpaşa/Eskisanayi,3+1
37.000 TL,Serik,3+1
70.000 TL,Konyaaltı/Arapsuyu,3+1
20.000 TL,Döşemealtı/Yeniköy,2+1
20.000 TL,Kepez/Erenköy,2+1
26.000 TL,Döşemealtı/Yeniköy,2+1
60.000 TL,Konyaaltı/Arapsuyu,3+1
19.500 TL,Korkuteli,3+1
20.000 TL,Serik,2+1
47.000 TL,Muratpaşa/Fener,4+1
30.000 TL,Konyaaltı/Arapsuyu,2+1
30.000 TL,Kepez/Düdenbaşı,3+1
24.000 TL,Döşemealtı/Yeniköy,2+1
60.000 TL,DöşemealtıYeniköy,3+1
24.000 TL,Döşemealtı/Yeniköy,1+1
26.000 TL,Muratpaşa/Bahçelievler,1+1
23.000 TL,Kepez/Ahatlı,2+1
15.000 TL,Döşemealtı/Merkez,1+1
37.000 TL,Muratpaşa/Gençlik,5+1
20.000 TL,Korkuteli,3+1
22.000 TL,Kepez/Sütçüler,2+1
25.000 TL,Döşemealtı/Yeniköy,2+1
60.000 TL,Konyaaltı/Arapsuyu,3+1
60.000 TL,Konyaaltı/Arapsuyu,3+1
19.000 TL,Kepez/Ahatlı,1+1
22.000 TL,Kepez/Erenköy,2+1
27.000 TL,Kepez/Dokuma,1+1
30.000 TL,Konyaaltı/Merkez,1+1
57.000 TL,Konyaaltı/Arapsuyu,2+1
36.000 TL,Muratpaşa/Meltem,2+1
38.000 TL,Muratpaşa/Bahçelievler,3+1
35.500 TL,Konyaaltı/Arapsuyu,2+1
85.000 TL,Muratpaşa/Fener,4+1
27.000 TL,Korkuteli,1+1
28.000 TL,Kepez/Dokuma,3+1
21.000 TL,Kepez/Yeniemek,1+1
24.000 TL,Kepez/Erenköy,1+1
38.000 TL,Muratpaşa/Gençlik,3+1
40.000 TL,Muratpaşa/Lara,1+1
35.000 TL,Muratpaşa/Lara,Stüdyo (1+0)
24.000 TL,Döşemealtı/Yeniköy,2+1
21.000 TL,Döşemealtı/Yeniköy,2+1
18.000 TL,Muratpaşa/Eskisanayi,1+1
45.000 TL,Muratpaşa/Gençlik,1+1
24.500 TL,Döşemealtı/Yeniköy,2+1
28.000 TL,Konyaaltı/Arapsuyu,1+1
36.000 TL,Muratpaşa/Eskisanayi,3+1
37.000 TL,Muratpaşa/Güzeloluk,3+1
29.000 TL,Muratpaşa/Gençlik,1+1
19.000 TL,Döşemealtı/Yeniköy,1+1
30.000 TL,Kepez/Duraliler,2+1
22.000 TL,Serik,2+1
55.000 TL,Aksu,3+1
43.000 TL,Muratpaşa/Bahçelievler,3+1
38.500 TL,Konyaaltı/Arapsuyu,1+1
19.000 TL,DöşemealtıYeniköy,3+1
90.000 TL,Muratpaşa/Fener,4+1
24.000 TL,Serik,2+1
29.000 TL,Muratpaşa/Eskisanayi,3+1
30.000 TL,Muratpaşa/Kızıltoprak,2+1
30.000 TL,Muratpaşa/Gençlik,1+1
24.000 TL,Muratpaşa/Kızıltoprak,1+1
22.000 TL,Döşemealtı/Yeniköy,2+1
25.000 TL,Muratpaşa/Kızıltoprak,1+1
36.000 TL,Muratpaşa/Fener,3+1
22.000 TL,Kepez/Düdenbaşı,2+1
25.000 TL,Kepez/Yeniemek,2+1
45.000 TL,Muratpaşa/Fener,4+2
35.000 TL,Muratpaşa/Meltem,2+1
27.000 TL,KepezDüdenbaşı,1+1
35.000 TL,Muratpaşa/Kızıltoprak,2+1
16.000 TL,Korkuteli,3+1
27.000 TL,Kepez/Yeniemek,1+1
40.000 TL,Konyaaltı/Merkez,3+1
40.000 TL,Konyaaltı/Arapsuyu,2+1
25.000 TL,Muratpaşa/Eskisanayi,2+1
70.000 TL,Muratpaşa/Fener,2+1
19.000 TL,Kepez/Erenköy,1+1
100.000 TL,Muratpaşa/Fener,3+1
17.000 TL,Döşemealtı/Yeniköy,1+1
45.000 TL,Muratpaşa/Lara,3+1
45.000 TL,Muratpaşa/Lara,1+1
29.000 TL,Döşemealtı/Merkez,3+1
20.000 TL,Döşemealtı/Yeniköy,3+1
30.000 TL,Serik,2+1
32.000 TL,Muratpaşa/Kızıltoprak,3+1
39.500 TL,Konyaaltı/Arapsuyu,3+1
28.000 TL,Kepez/Ahatlı,2+1
38.000 TL,Konyaaltı/Arapsuyu,2+1
40.000 TL,Muratpaşa/Bahçelievler,2+1
68.000 TL,Konyaaltı/Arapsuyu,4+1
22.500 TL,Kepez/Yeniemek,3+1
35.000 TL,Muratpaşa/Fener,1+1
40.000 TL,Muratpaşa/Lara,2+1
28.000 TL,Döşemealtı/Yeşilbayır,1+1
59.000 TL,Döşemealtı/Yeşilbayır,5+1
32.000 TL,MuratpaşaMeltem,1+1
40.000 TL,Muratpaşa/Lara,1+1
18.000 TL,Korkuteli,3+1
45.000 TL,Konyaaltı/Arapsuyu,4+1
30.000 TL,Muratpaşa/Meltem,1+1
25.000 TL,Kepez/Ahatlı,2+1
16.000 TL,Kepez/Düdenbaşı,1+1
50.000 TL,Muratpaşa/Lara,2+1
33.500 TL,Muratpaşa/Eskisanayi,3+1
50.000 TL,Konyaaltı/Arapsuyu,3+2
37.000 TL,Konyaaltı/Arapsuyu,2+1
22.000 TL,Muratpaşa/Kızıltoprak,2+1
11.000 TL,Kepez/Ahatlı,Stüdyo (1+0)
32.000 TL,Konyaaltı/Merkez,2+1
65.000 TL,Konyaaltı/Arapsuyu,3+1
27.000 TL,Döşemealtı/Yeniköy,3+1
95.000 TL,Muratpaşa/Fener,3+1
45.000 TL,Muratpaşa/Bahçelievler,3+1
27.000 TL,Serik,2+1
20.000 TL,Kepez/Erenköy,2+1
33.500 TL,KonyaaltıArapsuyu,2+1
23.000 TL,Kepez/Duraliler,1+1
35.000 TL,Konyaaltı/Arapsuyu,2+1
30.000 TL,Konyaaltı/Arapsuyu,1+1
26.000 TL,Konyaaltı/Merkez,1+1
26.000 TL,Serik,2+1
30.000 TL,Kepez/Erenköy,2+1
60.000 TL,Muratpaşa/Lara,3+1
35.000 TL,KepezErenköy,4+1
25.000 TL,Kepez/Erenköy,2+1
25.000 TL,Döşemealtı/Merkez,3+1
20.000 TL,Döşemealtı/Yeniköy,2+1
21.000 TL,Muratpaşa/Yenigün,2+1
15.000 TL,Korkuteli/Köyler,3+1
35.000 TL,Serik,3+1
35.000 TL,Muratpaşa/Eskisanayi,3+1
35.000 TL,Konyaaltı/Arapsuyu,4+1
108.000 TL,Konyaaltı/Arapsuyu,4+1
25.000 TL,Kepez/Duraliler,2+1
18.500 TL,Döşemealtı/Merkez,2+1
22.000 TL,Kepez/Erenköy,2+1
85.000 TL,Muratpaşa/Fener,3+1
75.000 TL,Konyaaltı/Arapsuyu,3+1
15.300 TL,Kepez/Ahatlı,Stüdyo (1+0)
16.000 TL,Döşemealtı/Yeniköy,3+1
20.000 TL,Kepez/Erenköy,1+1
24.000 TL,Muratpaşa/Meltem,1+1
55.000 TL,Muratpaşa/Bahçelievler,2+1
25.000 TL,Serik,2+1
11.000 TL,Kepez/Duraliler,Stüdyo (1+0)
55.000 TL,Konyaaltı/Arapsuyu,3+1
26.500 TL,Konyaaltı/Arapsuyu,1+1
70.000 TL,Muratpaşa/Fener,3+1
35.000 TL,Döşemealtı/Yeniköy,3+1
30.000 TL,Döşemealtı/Yeşilbayır,2+1
21.000 TL,Döşemealtı/Yeniköy,2+1
18.500 TL,Döşemealtı/Yeşilbayır,2+1
30.000 TL,Konyaaltı/Arapsuyu,1+1
24.000 TL,Korkuteli,3+1
95.000 TL,Muratpaşa/Bahçelievler,4+1
25.000 TL,Serik,2+1
20.500 TL,Serik,3+1
22.000 TL,Döşemealtı/Yeniköy,2+1
40.000 TL,Serik,5+2
27.500 TL,Serik,3+1
80.000 TL,Muratpaşa/Bahçelievler,4+1
24.000 TL,Döşemealtı/Yeniköy,3+1
21.000 TL,Serik,2+1
25.000 TL,Kepez/Varsak,3+1
40.000 TL,Muratpaşa/Lara,2+1
41.500 TL,Konyaaltı/Merkez,2+1
28.000 TL,Muratpaşa/Bahçelievler,3+1
47.000 TL,Muratpaşa/Gençlik,3+1
16.000 TL,Korkuteli,2+1
40.000 TL,Döşemealtı/Merkez,3+1
36.900 TL,Konyaaltı/Arapsuyu,2+1
48.500 TL,Muratpaşa/Lara,1+1
36.900 TL,MuratpaşaBahçelievler,1+1
90.000 TL,Konyaaltı/Arapsuyu,4+1
25.000 TL,Muratpaşa/Yenigün,2+1
42.000 TL,Muratpaşa/Meltem,3+1
17.500 TL,Kepez/Varsak,1+1
28.000 TL,Muratpaşa/Bahçelievler,1+1
22.000 TL,Döşemealtı/Yeniköy,2+1
85.000 TL,Muratpaşa/Lara,3+1
70.000 TL,Muratpaşa/Bahçelievler,4+2
35.000 TL,Konyaaltı/Merkez,2+1
20.000 TL,Kepez/Erenköy,1+1
24.000 TL,Serik,3+1
25.000 TL,Konyaaltı/Merkez,1+1
47.000 TL,Kepez/Erenköy,5.5+1
35.000 TL,Konyaaltı/Merkez,2+1
60.000 TL,Muratpaşa/Fener,2+1
40.000 TL,Muratpaşa/Meltem,3+1
30.000 TL,Konyaaltı/Arapsuyu,2+1
30.000 TL,Serik,3+1
18.000 TL,Kepez/Erenköy,1+1
25.500 TL,Serik,2+1
33.000 TL,Muratpaşa/Lara,1+1
25.000 TL,Serik,3+1
80.000 TL,Muratpaşa/Bahçelievler,4+1
21.000 TL,Döşemealtı/Yeniköy,2+1
30.000 TL,Muratpaşa/Bahçelievler,2+1
19.000 TL,Serik,2+1
65.000 TL,Konyaaltı/Arapsuyu,6+1
23.000 TL,Serik,3+1
25.000 TL,Kepez/Duraliler,2+1
48.000 TL,Kepez/Ahatlı,5+2
23.000 TL,Döşemealtı/Yeniköy,2+1
22.000 TL,Döşemealtı/Yeniköy,2+0
20.000 TL,Döşemealtı/Yeniköy,1+1
21.500 TL,Döşemealtı/Yeniköy,2+1
33.000 TL,Konyaaltı/Merkez,2+1
20.000 TL,Kepez/Ahatlı,2+1
30.000 TL,Konyaaltı/Merkez,Stüdyo (1+0)
27.500 TL,Muratpaşa/Gençlik,1+1
50.000 TL,Konyaaltı/Arapsuyu,3+1
31.000 TL,Kepez/Varsak,2+1
25.000 TL,Kepez/Erenköy,2+1
20.000 TL,Serik,2+1
23.000 TL,Serik,2+1
26.500 TL,Serik,2+1
25.000 TL,Kepez/Ahatlı,3+1
24.000 TL,Muratpaşa/Eskisanayi,1+1
22.500 TL,Döşemealtı/Merkez,2+1
17.000 TL,Korkuteli,2+1
25.000 TL,Döşemealtı/Yeniköy,2+1
22.000 TL,Muratpaşa/Yenigün,2+1
20.000 TL,Kepez/Yeniemek,2+1
32.000 TL,Muratpaşa/Lara,2+1
19.000 TL,Kepez/Yeniemek,2+1
15.000 TL,Döşemealtı/Yeniköy,1+1
45.000 TL,Konyaaltı/Arapsuyu,3+1
42.000 TL,Serik/Belek,3+1
58.000 TL,Döşemealtı/Yeşilbayır,5+1
23.000 TL,Serik,2+1
19.000 TL,Serik,2+1
50.000 TL,Konyaaltı/Arapsuyu,3+1
23.000 TL,Döşemealtı/Yeniköy,1+1
40.000 TL,Aksu,2+1
75.000 TL,Konyaaltı/Arapsuyu,3+1
35.000 TL,Muratpaşa/Fener,2+1
23.000 TL,Kepez/Sütçüler,2+1
26.000 TL,Kepez/Erenköy,1+1
20.000 TL,Kepez/Yeniemek,1+1
65.000 TL,Konyaaltı/Arapsuyu,3+1
80.000 TL,Konyaaltı/Arapsuyu,2+1
43.000 TL,Konyaaltı/Arapsuyu,4+1
18.000 TL,Korkuteli,3+1
26.000 TL,Kepez/Erenköy,3+1
24.000 TL,Muratpaşa/Meltem,1+1
60.000 TL,Muratpaşa/Bahçelievler,3+1
25.000 TL,Döşemealtı/Yeniköy,2+1
25.000 TL,Muratpaşa/Lara,1+1
26.000 TL,Kepez/Ahatlı,2+1
32.000 TL,Aksu,2+1
33.000 TL,Muratpaşa/Meltem,2+1
55.000 TL,Muratpaşa/Merkez,3+1
17.000 TL,Döşemealtı/Yeniköy,2+1
39.000 TL,Döşemealtı/Yeniköy,4+1
24.000 TL,Serik,2+1
43.000 TL,Konyaaltı/Arapsuyu,3+1
90.000 TL,Muratpaşa/Fener,4+1
35.000 TL,Muratpaşa/Lara,2+1
40.000 TL,Muratpaşa/Lara,2+1
31.000 TL,Kepez/Düdenbaşı,2+1
45.000 TL,Muratpaşa/Fener,3+1
25.500 TL,Kepez/Dokuma,2+1
60.000 TL,Konyaaltı/Merkez,5+1
33.000 TL,Serik,3+1
28.000 TL,Kepez/Ahatlı,2+1
38.000 TL,Konyaaltı/Arapsuyu,1+1
80.000 TL,Muratpaşa/Fener,4+1
48.000 TL,Konyaaltı/Arapsuyu,3+1
14.000 TL,Korkuteli,3+1
25.000 TL,Konyaaltı/Arapsuyu,1+1
20.000 TL,KepezAhatlı,2+1
37.500 TL,Konyaaltı/Arapsuyu,2+1
110.000 TL,Muratpaşa/Fener,3+1
28.000 TL,Muratpaşa/Meltem,3+1
24.750 TL,Serik,3+1
15.500 TL,Korkuteli,2+1
28.000 TL,Muratpaşa/Eskisanayi,3+1
22.500 TL,Serik,3+1
45.000 TL,Konyaaltı/Arapsuyu,2+1
20.000 TL,Kepez/Ahatlı,1+1
30.000 TL,Kepez/Ahatlı,3+1
21.500 TL,Serik,3+1
26.500 TL,Döşemealtı/Yeşilbayır,2+1
30.000 TL,Muratpaşa/Yenigün,2+1
23.000 TL,Serik,3+1
25.000 TL,Kepez/Erenköy,2+1
27.000 TL,Kepez/Dokuma,3+1
78.000 TL,Konyaaltı/Arapsuyu,4+2
28.000 TL,Muratpaşa/Eskisanayi,1+1
27.000 TL,Muratpaşa/Eskisanayi,1+1
50.000 TL,Konyaaltı/Arapsuyu,2+1
37.000 TL,Muratpaşa/Lara,2+1
32.500 TL,Kepez/Ahatlı,3+1
35.000 TL,Muratpaşa/Meltem,3+1
26.000 TL,Serik,3+1
32.000 TL,Aksu,1+1
35.000 TL,Serik/Köyler,4+1
40.000 TL,Konyaaltı/Arapsuyu,3+1
35.000 TL,Muratpaşa/Bahçelievler,2+1
38.000 TL,Muratpaşa/Lara,3+1
30.000 TL,Kepez/Yeniemek,2+1
26.500 TL,Serik,3+1
42.000 TL,Kepez/Erenköy,6+2
24.500 TL,Muratpaşa/Eskisanayi,3+1
32.000 TL,Muratpaşa/Bahçelievler,2+1
130.000 TL,Muratpaşa/Lara,4+1
23.000 TL,Serik,3+1
26.000 TL,Kepez/Düdenbaşı,2+1
31.000 TL,Serik,3+1
60.000 TL,Muratpaşa/Fener,2+1
55.000 TL,Konyaaltı/Arapsuyu,4+1
20.000 TL,Kepez/Ahatlı,2+1
50.000 TL,Konyaaltı/Arapsuyu,1+1
19.000 TL,Kepez/Erenköy,2+1
60.000 TL,Konyaaltı/Merkez,3+1
25.000 TL,Kepez/Düdenbaşı,2+1
60.000 TL,Muratpaşa/Bahçelievler,4+1
34.000 TL,Konyaaltı/Merkez,1+1
26.000 TL,Kepez/Yeniemek,3+1
28.000 TL,Döşemealtı/Yeniköy,2+1
26.000 TL,MuratpaşaBahçelievler,3+1
8.000 TL,Kepez/Duraliler,Stüdyo (1+0)
8.000 TL,Kepez/Ahatlı,Stüdyo (1+0)
60.000 TL,Muratpaşa/Fener,3+1
44.000 TL,Konyaaltı/Arapsuyu,3+1
55.000 TL,Konyaaltı/Merkez,3+1
45.000 TL,Muratpaşa/Lara,3+1
50.000 TL,Muratpaşa/Gençlik,5+1
31.000 TL,Muratpaşa/Bahçelievler,1+1
44.000 TL,Konyaaltı/Arapsuyu,3+1
21.500 TL,Serik,2+1
25.000 TL,Serik,2+1
115.000 TL,Konyaaltı/Arapsuyu,4+1
16.500 TL,Kepez/Duraliler,2+1
23.000 TL,Kepez/Erenköy,1+1
18.000 TL,Serik,3+1
40.000 TL,Muratpaşa/Bahçelievler,3+1
23.000 TL,Muratpaşa/Kızıltoprak,2+1
45.000 TL,Muratpaşa/Fener,3+1
23.000 TL,Kepez/Ahatlı,2+1
60.000 TL,Konyaaltı/Arapsuyu,3+1
60.000 TL,MuratpaşaBahçelievler,3+1
46.000 TL,Muratpaşa/Fener,3+1
23.500 TL,Muratpaşa/Eskisanayi,1+1
75.000 TL,Muratpaşa/Fener,3+1
20.000 TL,Muratpaşa/Kızıltoprak,1+1
23.000 TL,Muratpaşa/Kızıltoprak,1+1
32.000 TL,Konyaaltı/Merkez,1+1
100.000 TL,Muratpaşa/Gençlik,3+1
28.000 TL,Konyaaltı/Arapsuyu,1+1
45.000 TL,Konyaaltı/Arapsuyu,2+1
39.000 TL,Muratpaşa/Güzeloluk,3+1
40.000 TL,Konyaaltı/Arapsuyu,2+1
35.000 TL,Konyaaltı/Arapsuyu,1+1
55.000 TL,Muratpaşa/Fener,3+1
30.000 TL,Kepez/Sütçüler,2+1
24.000 TL,Muratpaşa/Bahçelievler,1+1
30.000 TL,Muratpaşa/Meltem,2+1
38.000 TL,Muratpaşa/Lara,2+1
26.000 TL,Kepez/Yeniemek,2+1
47.000 TL,Muratpaşa/Fener,5+1
26.000 TL,Muratpaşa/Meltem,2+1
37.000 TL,Serik,3+1
20.000 TL,Döşemealtı/Yeniköy,3+1
40.000 TL,Muratpaşa/Yenigün,3+1
32.000 TL,Serik,3+1
27.000 TL,Muratpaşa/Kızıltoprak,3+1
23.000 TL,Serik,3+1
25.000 TL,Muratpaşa/Meltem,1+1
19.000 TL,Döşemealtı/Yeniköy,1+1
27.000 TL,KonyaaltıArapsuyu,2+1
40.000 TL,Konyaaltı/Arapsuyu,3+1
26.000 TL,Kepez/Yeniemek,2+1
27.000 TL,Muratpaşa/Kızıltoprak,3+1
30.000 TL,Kepez/Varsak,2+1
24.000 TL,Muratpaşa/Yenigün,2+1
20.500 TL,Kepez/Ahatlı,2+1
38.000 TL,Muratpaşa/Gençlik,2+1
35.000 TL,Konyaaltı/Arapsuyu,2+1
29.000 TL,Kepez/Ahatlı,2+1
30.000 TL,Muratpaşa/Bahçelievler,2+1
25.000 TL,Kepez/Yeniemek,3+1
25.000 TL,Serik,1+1
25.000 TL,Kepez/Yeniemek,2+1
40.000 TL,Muratpaşa/Kızıltoprak,2+1
32.000 TL,Konyaaltı/Merkez,2+1
25.000 TL,Serik,3+1
33.500 TL,Kepez/Dokuma,2+1
21.000 TL,Döşemealtı/Yeniköy,2+1
52.500 TL,Konyaaltı/Arapsuyu,3+1
15.000 TL,Korkuteli,1+1
22.000 TL,Kepez/Ahatlı,2+1
40.000 TL,Konyaaltı/Arapsuyu,2+1
27.000 TL,Kepez/Erenköy,2+1
18.000 TL,Döşemealtı/Yeniköy,2+1
30.000 TL,Serik,4+1
39.000 TL,Konyaaltı/Merkez,2+1
50.000 TL,Konyaaltı/Arapsuyu,3+1
40.000 TL,Konyaaltı/Arapsuyu,3+1
26.950 TL,Döşemealtı/Yeniköy,3+1
25.000 TL,Döşemealtı/Yeniköy,2+1
40.000 TL,Konyaaltı/Arapsuyu,2+1
24.000 TL,Elmalı,3+1
20.000 TL,Kepez/Erenköy,2+1
24.000 TL,Kepez/Duraliler,2+1
35.000 TL,Konyaaltı/Arapsuyu,2+1
20.000 TL,Konyaaltı/Arapsuyu,1+1
24.000 TL,Kepez/Duraliler,2+1
21.000 TL,Kepez/Ahatlı,2+1
35.000 TL,Muratpaşa/Bahçelievler,3+1
27.500 TL,Muratpaşa/Eskisanayi,2+1
75.000 TL,Muratpaşa/Lara,1+1
25.499 TL,MuratpaşaGüzeloluk,1+1
35.000 TL,Muratpaşa/Kızıltoprak,2+1
25.500 TL,Muratpaşa/Meltem,1+1
45.000 TL,Konyaaltı/Arapsuyu,3+1
26.000 TL,Serik,2+1
28.000 TL,Muratpaşa/Eskisanayi,2+1
75.000 TL,Muratpaşa/Fener,4+1
22.000 TL,Döşemealtı/Yeniköy,2+1
45.000 TL,Muratpaşa/Güzeloluk,3+1
30.000 TL,Muratpaşa/Fener,3+1
25.499 TL,Kepez/Ahatlı,2+1
25.000 TL,Muratpaşa/Lara,1+1
55.000 TL,Konyaaltı/Arapsuyu,3+1
14.000 TL,Elmalı,2+1
24.000 TL,Serik,2+1
24.000 TL,Serik,2+1
60.000 TL,Muratpaşa/Fener,3+1
25.000 TL,Serik,2+1
75.000 TL,Muratpaşa/Fener,3+1
37.500 TL,Muratpaşa/Bahçelievler,1+1
32.000 TL,Konyaaltı/Merkez,2+1
25.000 TL,Kepez/Duraliler,2+1
60.000 TL,Konyaaltı/Arapsuyu,3+1
28.500 TL,Kepez/Dokuma,3+1
16.500 TL,Serik,2+1
22.000 TL,Muratpaşa/Kızıltoprak,2+1
27.000 TL,Konyaaltı/Merkez,1+1
37.500 TL,Muratpaşa/Bahçelievler,3+1
30.000 TL,Muratpaşa/Bahçelievler,1+1
28.000 TL,Muratpaşa/Lara,2+1
28.500 TL,Serik,2+1
25.000 TL,Kepez/Duraliler,2+1
85.000 TL,Muratpaşa/Bahçelievler,3+1
30.000 TL,Konyaaltı/Merkez,2+1
20.500 TL,Serik,3+1
50.000 TL,Muratpaşa/Güzeloluk,3+1
28.000 TL,Muratpaşa/Meltem,3+1
27.000 TL,Döşemealtı/Yeniköy,2+1
20.000 TL,Serik,3+1
30.000 TL,Muratpaşa/Bahçelievler,1+1
30.000 TL,KepezYeniemek,2+1
35.000 TL,Muratpaşa/Bahçelievler,2+1
35.000 TL,Konyaaltı/Arapsuyu,1+1
27.000 TL,Kepez/Erenköy,2+1
32.500 TL,Muratpaşa/Bahçelievler,2+1
45.000 TL,Muratpaşa/Bahçelievler,3+1
26.500 TL,Muratpaşa/Bahçelievler,1+1
35.000 TL,Konyaaltı/Arapsuyu,1+1
24.000 TL,Kepez/Erenköy,1+1
40.000 TL,Konyaaltı/Merkez,1+1
25.000 TL,Döşemealtı/Yeniköy,2+1
30.000 TL,Muratpaşa/Fener,1+1
15.000 TL,Kepez/Ahatlı,1+1
40.000 TL,Muratpaşa/Lara,2+1
20.000 TL,Kepez/Erenköy,2+1
19.000 TL,Kepez/Yeniemek,2+1
42.000 TL,Konyaaltı/Arapsuyu,3+1
65.000 TL,Konyaaltı/Merkez,2+1
19.000 TL,Serik/Belek,1+1
22.000 TL,Korkuteli,3+1
34.000 TL,Konyaaltı/Merkez,1+1
56.500 TL,Muratpaşa/Lara,3+1
39.000 TL,Konyaaltı/Arapsuyu,2+1
19.000 TL,Serik,2+1
55.000 TL,Muratpaşa/Gençlik,2+1
26.000 TL,Serik,2+1
40.000 TL,Konyaaltı/Arapsuyu,3+1
45.000 TL,Konyaaltı/Arapsuyu,3+1
29.000 TL,Muratpaşa/Lara,1+1
30.000 TL,Serik,3+1
24.000 TL,Döşemealtı/Yeniköy,2+1
30.000 TL,Kepez/Erenköy,2+1
28.000 TL,Kepez/Ahatlı,2+1
65.000 TL,Muratpaşa/Fener,4+2
30.000 TL,MuratpaşaLara,2+1
12.500 TL,Korkuteli,3+1
35.000 TL,Serik/Köyler,4+1
40.000 TL,Muratpaşa/Gençlik,3+1
55.000 TL,Konyaaltı/Arapsuyu,4+1
35.000 TL,Serik/Köyler,3+1
35.000 TL,Serik,3+1
25.000 TL,Kepez/Düdenbaşı,2+1
35.000 TL,Kepez/Ahatlı,2+1
75.000 TL,Konyaaltı/Arapsuyu,3+1
30.000 TL,Kepez/Ahatlı,3+1
30.000 TL,Kepez/Duraliler,3+1
35.000 TL,Muratpaşa/Kızıltoprak,3+1
26.000 TL,Muratpaşa/Bahçelievler,1+1
35.000 TL,Konyaaltı/Arapsuyu,2+1
28.000 TL,Kepez/Erenköy,2+1
45.000 TL,Konyaaltı/Merkez,4+1
15.000 TL,Korkuteli,3+1
24.000 TL,Serik,3+1
26.000 TL,Serik,2+1
27.000 TL,Kepez/Dokuma,1+1
75.000 TL,Konyaaltı/Arapsuyu,3+1
40.000 TL,Muratpaşa/Lara,3+1
45.000 TL,Muratpaşa/Fener,2+1
30.000 TL,Muratpaşa/Eskisanayi,2+1
65.000 TL,Konyaaltı/Merkez,3+1
32.500 TL,Muratpaşa/Kızıltoprak,3+1
37.000 TL,Konyaaltı/Arapsuyu,2+1
35.000 TL,Muratpaşa/Meltem,3+1
17.000 TL,Korkuteli,3+1
27.500 TL,Muratpaşa/Eskisanayi,1+1
60.000 TL,Muratpaşa/Fener,3+1
45.000 TL,Muratpaşa/Gençlik,3+1
70.000 TL,Döşemealtı/Yeşilbayır,5+1
25.000 TL,Döşemealtı/Yeniköy,3+1
50.000 TL,Muratpaşa/Fener,3+1
45.000 TL,Konyaaltı/Merkez,3+1
32.000 TL,Muratpaşa/Fener,3+1
36.000 TL,Muratpaşa/Güzeloluk,3+1
37.000 TL,Muratpaşa/Bahçelievler,1+1
25.000 TL,Muratpaşa/Güzeloluk,2+1
35.000 TL,Muratpaşa/Lara,2+1
18.000 TL,Kepez/Erenköy,1+1
25.000 TL,Kepez/Dokuma,2+1
25.000 TL,Muratpaşa/Yenigün,3+1
30.000 TL,Konyaaltı/Merkez,1+1
80.000 TL,Muratpaşa/Bahçelievler,4+1
20.000 TL,Kepez/Erenköy,2+1
30.000 TL,Muratpaşa/Bahçelievler,3+1
40.000 TL,Konyaaltı/Arapsuyu,2+1
20.000 TL,Serik,1+1
49.000 TL,Konyaaltı/Arapsuyu,3+1
32.000 TL,Muratpaşa/Fener,3+1
25.000 TL,Serik,3+1
23.000 TL,Kepez/Duraliler,3+1
26.000 TL,Kepez/Sütçüler,2+1
28.000 TL,Kepez/Erenköy,2+1
20.000 TL,Kepez/Ahatlı,1+1
43.700 TL,Konyaaltı/Arapsuyu,2+1
30.000 TL,Serik,4+1
85.000 TL,Muratpaşa/Fener,5+1
80.000 TL,Muratpaşa/Gençlik,4+1
36.000 TL,Muratpaşa/Gençlik,1+1
45.000 TL,Konyaaltı/Arapsuyu,3+1
27.000 TL,Kepez/Yeniemek,2+1
23.000 TL,Serik,2+1
20.000 TL,Kepez/Erenköy,2+1
27.000 TL,Serik,3+1
45.000 TL,Konyaaltı/Arapsuyu,3+1
25.000 TL,Döşemealtı/Merkez,2+1
35.000 TL,Kepez/Varsak,2+1
9.500 TL,Kepez/Duraliler,Stüdyo (1+0)
14.000 TL,Korkuteli,1+1
31.000 TL,Kepez/Dokuma,3+1
50.000 TL,Muratpaşa/Gençlik,4+1
25.000 TL,Kepez/Yeniemek,3+1
70.000 TL,Konyaaltı/Arapsuyu,3+1
35.000 TL,KepezYeniemek,1+1
33.000 TL,Konyaaltı/Merkez,1+1
75.000 TL,Muratpaşa/Fener,4+1
30.000 TL,Muratpaşa/Bahçelievler,1+1
30.000 TL,Muratpaşa/Kızıltoprak,2+1
80.000 TL,Konyaaltı/Arapsuyu,4+1
39.500 TL,Konyaaltı/Arapsuyu,3+1
60.000 TL,Muratpaşa/Fener,4+1
53.000 TL,Konyaaltı/Arapsuyu,2+1
45.000 TL,Konyaaltı/Arapsuyu,3+1
45.000 TL,Konyaaltı/Arapsuyu,2+1
21.000 TL,Kepez/Sütçüler,1+1
35.000 TL,Serik,3+1
32.000 TL,Muratpaşa/Lara,1+1
26.000 TL,Konyaaltı/Arapsuyu,1+1
21.000 TL,Kepez/Düdenbaşı,2+1
45.000 TL,Konyaaltı/Arapsuyu,3+1
35.000 TL,Konyaaltı/Merkez,2+1
16.500 TL,Korkuteli,3+1
43.500 TL,Konyaaltı/Arapsuyu,2+1
20.000 TL,Elmalı,3+1
12.500 TL,Korkuteli,2+1
30.000 TL,Muratpaşa/Meltem,3+1
20.000 TL,Muratpaşa/Eskisanayi,1+1
13.000 TL,Korkuteli,3+1
40.000 TL,Konyaaltı/Arapsuyu,2+1
42.000 TL,Muratpaşa/Gençlik,2+1
20.000 TL,Kepez/Ahatlı,2+1
11.500 TL,Döşemealtı/Merkez,Stüdyo (1+0)
25.000 TL,Kepez/Yeniemek,2+1
25.000 TL,Serik,2+1
40.000 TL,Muratpaşa/Lara,2+1
25.000 TL,Serik,2+1
27.500 TL,Muratpaşa/Lara,1+1
35.000 TL,Konyaaltı/Arapsuyu,2+1
18.000 TL,Kepez/Erenköy,1+1
35.000 TL,Konyaaltı/Arapsuyu,2+1
19.000 TL,Kepez/Düdenbaşı,2+1
60.000 TL,Muratpaşa/Fener,3+1
25.000 TL,Döşemealtı/Yeniköy,2+1
35.000 TL,Konyaaltı/Merkez,2+1
35.000 TL,Aksu,1+1
24.000 TL,Kepez/Varsak,1+1
30.000 TL,Aksu/Köyler,1+1
25.000 TL,Alanya/Beldeler,1+1
20.000 TL,MuratpaşaLara,1+1
25.000 TL,Alanya/Beldeler,1+1
30.000 TL,Aksu,1+1
48.000 TL,Manavgat,2+1
28.500 TL,Kepez/Köyler,1+1
27.000 TL,Aksu,1+1
44.500 TL,Aksu,2+1
33.500 TL,Muratpaşa/Lara,1+1
25.000 TL,Döşemealtı/Merkez,1+1
25.000 TL,Aksu,1+1
21.000 TL,Kepez/Varsak,1+1
48.000 TL,Aksu,3+1
31.000 TL,Aksu,1+1
20.000 TL,Döşemealtı/Yeniköy,1+1
23.500 TL,Aksu,1+1
20.000 TL,Döşemealtı/Yeniköy,1+1
30.000 TL,Aksu,1+1
30.000 TL,Aksu,1+1
31.000 TL,Alanya/Beldeler,1+1
23.000 TL,Alanya/Beldeler,1+1
24.000 TL,Alanya/Beldeler,1+1
25.000 TL,Alanya,1+1
30.000 TL,Alanya,2+1
25.000 TL,Alanya,2+1
35.000 TL,Aksu,1+1
25.000 TL,Aksu,1+1
45.000 TL,Manavgat,1+1
28.500 TL,Manavgat,1+1
25.000 TL,Serik/Belek,2+1
27.000 TL,Aksu,1+1
40.000 TL,Serik/Belek,1+1
30.000 TL,Aksu,1+1
25.000 TL,Serik,1+1
25.000 TL,Aksu,1+1
25.000 TL,AlanyaBeldeler,1+1
43.000 TL,Aksu,2+1
32.000 TL,Aksu,1+1
25.000 TL,Aksu,1+1
41.000 TL,Aksu,1+1
23.000 TL,Alanya/Beldeler,1+1
34.000 TL,Aksu,2+1
33.000 TL,Serik,1+1
24.500 TL,Aksu,1+1
50.000 TL,Aksu,2+1
28.000 TL,Aksu,1+1
23.000 TL,Aksu,1+1
21.500 TL,Aksu,1+1
36.400 TL,Alanya,1+1
23.000 TL,Aksu,1+1
29.500 TL,Manavgat,1+1
30.000 TL,Aksu,1+1
30.000 TL,Serik/Belek,2+1
32.500 TL,Aksu,1+1
25.000 TL,Serik,1+1
22.000 TL,Aksu,1+1
25.000 TL,Aksu,1+1
35.000 TL,Alanya/Beldeler,1+1
25.000 TL,Aksu,1+1
33.000 TL,Aksu,2+1
36.000 TL,Aksu,1+1
30.000 TL,Aksu,1+1
35.000 TL,Aksu,1+1
28.000 TL,Aksu,1+1
30.000 TL,Konyaaltı/Merkez,1+1
30.000 TL,Döşemealtı/Yeniköy,1+1
35.000 TL,Aksu,1+1
27.000 TL,Aksu,1+1
23.000 TL,Aksu,1+1
30.000 TL,Aksu,1+1
20.000 TL,Alanya,1+1
34.000 TL,Alanya,1+1
25.000 TL,Aksu,1+1
27.000 TL,Aksu,1+1
25.500 TL,Aksu,1+1
26.000 TL,Aksu,1+1
30.000 TL,Aksu,1+1
26.000 TL,Aksu,1+1
29.000 TL,Muratpaşa/Lara,1+1
26.000 TL,Aksu,1+1
40.000 TL,Muratpaşa/Lara,1+1
37.500 TL,Aksu,2+1
35.000 TL,Aksu,2+1
35.000 TL,Aksu,2+1
35.000 TL,Aksu,2+1
60.000 TL,Muratpaşa/Lara,2+1
80.000 TL,Alanya,3+1
23.500 TL,Kepez/Sütçüler,1+1
30.000 TL,Serik/Belek,1+1
23.000 TL,Kepez/Merkez,1+1
31.000 TL,Alanya/Beldeler,2+1
25.000 TL,Aksu,1+1
32.500 TL,Aksu,1+1
23.500 TL,Alanya,1+1
30.000 TL,Aksu,1+1
40.000 TL,Aksu,1+1
37.500 TL,Aksu,1+1
36.000 TL,Aksu,1+1
25.000 TL,Aksu,1+1
39.500 TL,Aksu,1+1
33.000 TL,Aksu,1+1
32.000 TL,Aksu,1+1
32.000 TL,Aksu,2+1
28.000 TL,Aksu,1+1
20.000 TL,Kepez/Varsak,1+1
26.000 TL,Aksu,1+1
24.000 TL,Kepez/Varsak,1+1
26.000 TL,Aksu,1+1
60.000 TL,Alanya,2+1
26.500 TL,Aksu,1+1
36.000 TL,Aksu,2+1
41.000 TL,Alanya,1+1
25.000 TL,Aksu,1+1
24.000 TL,Alanya,1+1
25.000 TL,Alanya,1+1
30.000 TL,Alanya/Beldeler,1+1
24.000 TL,Aksu,1+1
32.000 TL,Aksu,1+1
25.000 TL,Aksu,1+1
55.000 TL,Alanya,2+1
30.000 TL,Manavgat/Ilıca,1+1
35.000 TL,Aksu,2+1
24.000 TL,Aksu,1+1
36.200 TL,Alanya/Beldeler,1+1
31.000 TL,Alanya/Beldeler,1+1
2.250 TL,Alanya,1+1
23.500 TL,Gazipaşa,1+1
63.000 TL,Alanya,3+1
17.000 TL,Alanya,1+1
22.000 TL,Aksu,1+1
37.500 TL,Alanya,1+1
31.500 TL,Aksu,2+1
42.500 TL,Muratpaşa/Lara,1+1
62.500 TL,Muratpaşa/Lara,2+1
28.000 TL,Aksu,1+1
20.000 TL,Aksu,1+1
1.750 TL,Alanya,1+1
22.000 TL,Alanya,1+1
34.000 TL,Alanya,1+1
25.000 TL,Aksu,1+1
40.000 TL,Demre/Kale(Demre),2+1
17.000 TL,Gazipaşa,1+1
32.000 TL,Alanya,1+1
22.000 TL,Aksu,1+1
20.000 TL,Gazipaşa,1+1
25.000 TL,Gazipaşa,1+1
28.500 TL,Aksu,2+1
24.000 TL,Gazipaşa,2+1
23.000 TL,Aksu,1+1
20.000 TL,Alanya,1+1
25.000 TL,Aksu,1+1
25.500 TL,Aksu,1+1
36.000 TL,Alanya,1+1
26.500 TL,Aksu,1+1
24.000 TL,Aksu,1+1
50.000 TL,Alanya,1+1
30.000 TL,Alanya/Beldeler,1+1
23.500 TL,Alanya,1+1
20.000 TL,Alanya,1+1
30.000 TL,Aksu,2+1
50.000 TL,Alanya,2+1
25.000 TL,Aksu,1+1
36.000 TL,Aksu,2+1
30.000 TL,Aksu,1+1
23.000 TL,Aksu,1+1
22.000 TL,Aksu,1+1
18.000 TL,Alanya,1+1
25.000 TL,Aksu,1+1
25.000 TL,Aksu,1+1
36.000 TL,Aksu,2+1
30.000 TL,Aksu,2+1
25.000 TL,Aksu,1+1
21.500 TL,Aksu,1+1
18.000 TL,Alanya,1+1
46.000 TL,Aksu,2+1
20.000 TL,Kepez/Varsak,1+1
15.000 TL,Gazipaşa,1+1
30.000 TL,Aksu,2+1
35.000 TL,Muratpaşa/Lara,1+1
87.000 TL,Muratpaşa/Lara,3+1
30.000 TL,Aksu,1+1
25.000 TL,Aksu,1+1
22.000 TL,Alanya,1+1
22.000 TL,Kepez/Merkez,1+1
20.000 TL,Alanya,1+1
30.000 TL,Manavgat/Ilıca,1+1
20.000 TL,Alanya/Beldeler,1+1
23.000 TL,Aksu,1+1
20.000 TL,Alanya,1+1
23.500 TL,Aksu,1+1
30.000 TL,Alanya/Beldeler,1+1
15.000 TL,Gazipaşa,1+1
23.500 TL,Alanya,1+1
38.000 TL,Konyaaltı/Arapsuyu,1+1
22.000 TL,Aksu,1+1
46.500 TL,Aksu,2+1
35.000 TL,Kepez/Düdenbaşı,2+1
40.000 TL,Manavgat,2+1
25.000 TL,Aksu,1+1
17.000 TL,Finike/Beldeler,1+1
26.000 TL,Aksu,1+1
22.000 TL,Aksu,1+1
25.000 TL,Aksu,1+1
23.000 TL,Aksu,1+1
25.000 TL,Aksu,1+1
27.000 TL,Aksu,1+1
30.000 TL,Aksu,1+1
25.000 TL,AlanyaBeldeler,1+1
25.000 TL,Aksu,1+1
40.000 TL,Aksu,2+1
32.000 TL,Alanya/Beldeler,3+1
30.000 TL,Muratpaşa/Lara,1+1
27.000 TL,Kepez/Merkez,1+1
25.500 TL,Alanya/Beldeler,1+1
30.000 TL,Aksu,1+1
36.000 TL,Alanya/Beldeler,1+1
26.000 TL,Aksu,1+1
30.000 TL,Muratpaşa/Lara,1+1
14.000 TL,Alanya,1+1
34.000 TL,Aksu,2+1
2.750 TL,Alanya,1+1
20.000 TL,Gazipaşa,1+1
23.500 TL,Aksu,1+1
20.000 TL,Alanya,1+1
27.000 TL,Serik,1+1
20.000 TL,Alanya,1+1
23.500 TL,Kepez/Merkez,1+1
25.000 TL,Alanya,2+1
18.000 TL,Alanya,1+1
27.500 TL,Kaş,1+1
42.000 TL,Kepez/Düdenbaşı,2+1
21.000 TL,Kepez/Merkez,1+1
16.000 TL,Gazipaşa,1+1
26.500 TL,Aksu,1+1
16.000 TL,Alanya/Beldeler,1+1
22.000 TL,Kepez/Merkez,1+1
40.000 TL,Aksu,2+1
25.000 TL,Konyaaltı/Arapsuyu,1+1
27.000 TL,Aksu,2+1
22.500 TL,Alanya,1+1
30.000 TL,Aksu,1+1
21.000 TL,Aksu,1+1
22.000 TL,Aksu,1+1
25.000 TL,Aksu,1+1
33.000 TL,Alanya,1+1
80.000 TL,Alanya,4+1
40.000 TL,Kepez/Düdenbaşı,2+1
21.000 TL,Kepez/Merkez,1+1
22.000 TL,Kepez/Merkez,1+1
40.000 TL,Aksu/Köyler,1+1
26.000 TL,Aksu,2+1
28.000 TL,Kepez/Düdenbaşı,1+1
18.000 TL,Alanya,1+1
22.500 TL,Aksu,1+1
18.000 TL,Alanya/Beldeler,1+1
18.000 TL,Alanya,1+1
18.000 TL,Kepez/Sütçüler,1+1
28.000 TL,Aksu,2+1
25.000 TL,Aksu,1+1
40.000 TL,Alanya,3+1
25.000 TL,Kepez/Merkez,1+1
31.000 TL,Kemer/Göynük,1+1
20.000 TL,Alanya/Beldeler,1+1
29.000 TL,KepezDüdenbaşı,1+1
30.000 TL,Kepez/Düdenbaşı,2+1
20.000 TL,Alanya/Beldeler,1+1
65.000 TL,Alanya/Beldeler,2+1
25.000 TL,Aksu,1+1
23.800 TL,Kepez/Merkez,1+1
25.500 TL,Aksu,1+1
20.000 TL,Alanya,1+1
30.000 TL,Alanya,1+1
25.000 TL,Alanya,2+1
29.000 TL,Kepez/Düdenbaşı,2+1
28.000 TL,Kepez/Düdenbaşı,1+1
43.000 TL,Muratpaşa/Lara,1+1
40.000 TL,Kepez/Düdenbaşı,2+1
20.000 TL,Gazipaşa,1+1
18.000 TL,Kepez/Ahatlı,1+1
21.500 TL,Alanya,1+1
18.000 TL,Alanya,1+1
60.000 TL,Alanya,4+1
23.000 TL,Kepez/Ahatlı,2+1
33.600 TL,Alanya,1+1
38.700 TL,Alanya,1+1
24.000 TL,Aksu,1+1
40.000 TL,Alanya/Beldeler,3+1
23.000 TL,Alanya,1+1
25.000 TL,Muratpaşa/Lara,1+1
35.000 TL,Muratpaşa/Lara,1+1
28.000 TL,Alanya,1+1
20.000 TL,Alanya,1+1
26.000 TL,Konyaaltı/Arapsuyu,1+1
20.000 TL,Alanya,1+1
19.500 TL,Alanya,1+1
23.000 TL,Alanya,1+1
23.000 TL,Aksu,1+1
18.000 TL,Alanya/Beldeler,1+1
25.000 TL,Alanya,2+1
29.000 TL,Alanya,1+1
30.000 TL,Alanya,2+1
18.000 TL,Alanya/Beldeler,1+1
35.000 TL,Alanya,2+1
25.000 TL,Konyaaltı/Arapsuyu,1+1
36.000 TL,Muratpaşa/Lara,1+1
50.000 TL,Alanya/Beldeler,2+1
23.000 TL,Alanya/Beldeler,1+1
20.000 TL,Alanya/Beldeler,1+1
25.000 TL,Alanya,1+1
15.000 TL,Gazipaşa,1+1
21.000 TL,Kepez/Düdenbaşı,1+1
28.000 TL,Serik/Belek,1+1
75.000 TL,Muratpaşa/Lara,2+1
32.500 TL,Alanya,2+1
28.000 TL,Aksu,2+1
35.000 TL,Alanya,1+1
85.000 TL,Muratpaşa/Lara,3+1
24.000 TL,Kepez/Duraliler,1+1
20.000 TL,Alanya,1+1
35.000 TL,Alanya,1+1
28.000 TL,Aksu,1+1
22.500 TL,Kepez/Merkez,1+1
21.000 TL,Kepez/Düdenbaşı,1+1
40.000 TL,Muratpaşa/Lara,1+1
23.000 TL,Kumluca,2+1
19.000 TL,Alanya,1+1
19.500 TL,Alanya,1+1
35.000 TL,Muratpaşa/Kızıltoprak,2+1
75.000 TL,Muratpaşa/Lara,4+1
28.000 TL,Aksu,1+1
18.500 TL,Alanya/Beldeler,1+1
30.000 TL,Alanya,1+1
25.000 TL,Muratpaşa/Lara,1+1
19.000 TL,Alanya,1+1
20.500 TL,Kepez/Sütçüler,1+1
67.000 TL,Muratpaşa/Lara,2+1
22.000 TL,Kepez/Düdenbaşı,1+1
32.000 TL,Alanya/Beldeler,2+1
25.000 TL,Alanya,1+1
31.000 TL,Alanya/Beldeler,1+1
26.000 TL,Alanya,1+1
28.000 TL,Muratpaşa/Lara,1+1
16.000 TL,Döşemealtı/Merkez,1+1
21.000 TL,Kepez/Düdenbaşı,1+1
21.000 TL,Kepez/Düdenbaşı,1+1
22.500 TL,Kepez/Merkez,1+1
42.500 TL,Alanya,2+1
25.000 TL,Serik/Belek,2+1
33.000 TL,Kepez/Düdenbaşı,2+1
45.000 TL,Muratpaşa/Lara,2+1
28.000 TL,Aksu,1+1
22.000 TL,Kepez/Merkez,1+1
35.000 TL,Gazipaşa,2+1
22.000 TL,Aksu,1+1
20.000 TL,Alanya/Beldeler,1+1
20.000 TL,Alanya/Beldeler,1+1
35.000 TL,Muratpaşa/Eskisanayi,3+1
34.000 TL,Konyaaltı/Arapsuyu,1+1
33.000 TL,Konyaaltı/Arapsuyu,2+1
17.000 TL,Döşemealtı/Merkez,1+1
28.000 TL,Konyaaltı/Merkez,1+1
22.100 TL,Alanya/Beldeler,1+1
27.000 TL,Alanya,1+1
24.999 TL,Serik/Belek,1+1
33.000 TL,Kepez/Düdenbaşı,2+1
125.000 TL,Konyaaltı/Arapsuyu,4+1
20.000 TL,Serik/Yukarıkocayatak,2+1
30.000 TL,Kepez/Düdenbaşı,1+1
38.000 TL,Finike,2+1
25.000 TL,Serik/Belek,2+1
22.000 TL,Aksu,1+1
32.000 TL,Alanya/Beldeler,2+1
35.000 TL,Alanya,2+1
25.000 TL,Alanya,1+1
25.000 TL,Alanya,1+1
18.000 TL,Kepez/Duraliler,1+1
23.000 TL,Kepez/Düdenbaşı,1+1
20.000 TL,Alanya,1+1
18.500 TL,Alanya,1+1
50.000 TL,Alanya,2+1
25.000 TL,Alanya,2+1
16.500 TL,Gazipaşa,2+1
27.000 TL,Aksu,1+1
40.000 TL,Muratpaşa/Lara,1+1
40.000 TL,Alanya,4+1
27.000 TL,Kepez/Erenköy,2+1
24.000 TL,Alanya/Beldeler,1+1
40.000 TL,Kepez/Erenköy,2+1
33.000 TL,Kepez/Sütçüler,2+1
26.000 TL,Manavgat/Ilıca,2+1
25.000 TL,Alanya,1+1
39.000 TL,Konyaaltı/Arapsuyu,2+1
35.000 TL,Serik/Belek,2+1
90.000 TL,Muratpaşa/Lara,4+1
25.000 TL,Muratpaşa/Lara,1+1
29.999 TL,Konyaaltı/Merkez,2+1
19.000 TL,Alanya/Beldeler,Stüdyo (1+0)
28.500 TL,Kepez/Sütçüler,3+1
30.000 TL,Konyaaltı/Merkez,2+1
35.000 TL,Konyaaltı/Arapsuyu,2+1
27.000 TL,Alanya,1+1
22.000 TL,Kepez/Merkez,1+1
24.500 TL,Konyaaltı/Arapsuyu,1+1
28.000 TL,Konyaaltı/Merkez,1+1
36.000 TL,Konyaaltı/Merkez,2+1
25.000 TL,Kepez/Düdenbaşı,2+1
21.000 TL,Kepez/Merkez,1+1
50.000 TL,Manavgat,2+1
18.000 TL,Alanya,1+1
26.000 TL,Muratpaşa/Lara,1+1
25.000 TL,Konyaaltı/Merkez,1+1
18.000 TL,Kepez/Düdenbaşı,1+1
45.000 TL,Aksu,3+1
18.000 TL,Alanya,1+1
27.000 TL,Konyaaltı/Merkez,1+1
22.000 TL,Kepez/Merkez,1+1
35.000 TL,Alanya,2+1
23.000 TL,Alanya,2+1
35.000 TL,Alanya,2+1
28.000 TL,Konyaaltı/Arapsuyu,1+1
30.000 TL,Muratpaşa/Eskisanayi,2+1
34.000 TL,Konyaaltı/Arapsuyu,1+1
25.000 TL,Konyaaltı/Merkez,1+1
27.000 TL,Aksu/Köyler,2+1
25.000 TL,Serik,1+1
24.500 TL,Kepez/Merkez,1+1
27.000 TL,Muratpaşa/Lara,1+1
28.000 TL,Konyaaltı/Arapsuyu,1+1
80.000 TL,Muratpaşa/Lara,3+1
49.000 TL,Muratpaşa/Lara,2+1
32.000 TL,Alanya,1+1
23.000 TL,Aksu,1+1
38.000 TL,Manavgat/Ilıca,1+1
85.000 TL,Aksu/Köyler,2+1
29.000 TL,Konyaaltı/Merkez,1+1
20.500 TL,Kepez/Ahatlı,2+1
35.000 TL,Konyaaltı/Merkez,2+1
25.000 TL,Alanya,2+1
25.000 TL,Kepez/Düdenbaşı,1+1
20.000 TL,Alanya,1+1
50.000 TL,Konyaaltı/Arapsuyu,2+1
28.000 TL,Alanya/Beldeler,2+1
26.000 TL,Manavgat/Taşağıl,2+1
42.000 TL,Muratpaşa/Lara,2+1
44.000 TL,Muratpaşa/Lara,2+1
24.500 TL,Serik/Belek,2+1
38.000 TL,Muratpaşa/Lara,2+1
27.000 TL,Konyaaltı/Merkez,1+1
32.500 TL,Aksu/Köyler,2+1
25.000 TL,Aksu/Köyler,1+1
22.000 TL,Kepez/Sütçüler,1+1
28.000 TL,Alanya/Beldeler,1+1
30.000 TL,Alanya,2+1
26.000 TL,Alanya,1+1
40.000 TL,Alanya,2+1
20.000 TL,Alanya,1+1
21.000 TL,Alanya,1+1
30.000 TL,Muratpaşa/Lara,1+1
60.000 TL,Muratpaşa/Lara,2+1
35.000 TL,Alanya,2+1
45.000 TL,Konyaaltı/Merkez,4+1
24.000 TL,Kepez/Ahatlı,2+1
38.500 TL,Alanya,1+1
25.000 TL,Konyaaltı/Arapsuyu,1+1
30.000 TL,Alanya,1+1
40.000 TL,Manavgat,2+1
35.000 TL,Alanya,1+1
35.000 TL,Konyaaltı/Merkez,2+1
35.000 TL,Muratpaşa/Lara,1+1
30.000 TL,Konyaaltı/Merkez,2+1
33.000 TL,Kepez/Varsak,2+1
45.000 TL,Konyaaltı/Arapsuyu,2+1
65.000 TL,Muratpaşa/Lara,3+1
30.000 TL,Alanya,1+1
27.000 TL,Kepez/Düdenbaşı,1+1
22.500 TL,Kepez/Düdenbaşı,1+1
40.000 TL,Muratpaşa/Lara,2+1
24.000 TL,Kepez/Merkez,1+1
41.500 TL,Konyaaltı/Merkez,3+1
23.000 TL,Kepez/Merkez,1+1
24.000 TL,Kepez/Sütçüler,2+1
30.000 TL,Manavgat,2+1
30.000 TL,Konyaaltı/Merkez,2+1
39.000 TL,Alanya,2+1
26.000 TL,Alanya,2+1
30.000 TL,Konyaaltı/Merkez,1+1
80.000 TL,Konyaaltı/Arapsuyu,3+1
16.000 TL,Kepez/Sütçüler,1+1
40.000 TL,Muratpaşa/Lara,2+1
61.000 TL,Manavgat,3+1
21.000 TL,Konyaaltı/Merkez,1+1
25.000 TL,Kepez/Düdenbaşı,2+1
36.000 TL,Konyaaltı/Arapsuyu,2+1
18.000 TL,Alanya/Beldeler,2+1
22.000 TL,Alanya,1+1
25.000 TL,Kepez/Merkez,1+1
30.000 TL,Alanya/Beldeler,2+1
30.000 TL,Manavgat,2+1
27.000 TL,Alanya,1+1
42.000 TL,MuratpaşaBahçelievler,1+1
28.000 TL,Muratpaşa/Lara,1+1
15.000 TL,Döşemealtı/Merkez,1+1
37.500 TL,Muratpaşa/Lara,2+1
4.000 TL,Manavgat,3+1
22.000 TL,Konyaaltı/Merkez,1+1
35.000 TL,Alanya/Beldeler,2+1
75.000 TL,Konyaaltı/Arapsuyu,3+1
24.000 TL,Alanya/Beldeler,1+1
29.000 TL,Muratpaşa/Bahçelievler,2+1
25.500 TL,Alanya,1+1
42.000 TL,Muratpaşa/Lara,3+1
35.000 TL,Manavgat,2+1
27.000 TL,Alanya,1+1
21.000 TL,Alanya/Beldeler,2+1
45.000 TL,Muratpaşa/Lara,2+1
24.000 TL,AlanyaBeldeler,1+1
25.000 TL,Döşemealtı/Yeniköy,2+1
24.000 TL,Alanya,1+1
26.000 TL,Alanya,1+1
19.000 TL,Alanya,1+1
33.000 TL,Konyaaltı/Merkez,2+1
23.000 TL,Alanya,1+1
30.000 TL,Muratpaşa/Yenigün,2+1
26.000 TL,Alanya/Beldeler,1+1
45.000 TL,Alanya/Beldeler,2+1
37.000 TL,Konyaaltı/Merkez,3+1
50.000 TL,Muratpaşa/Lara,2+1
75.000 TL,Muratpaşa/Lara,3+1
33.700 TL,Konyaaltı/Arapsuyu,1+1
15.000 TL,Kepez/Ahatlı,1+1
20.000 TL,Alanya,1+1
25.000 TL,Alanya/Beldeler,2+1
22.000 TL,Alanya/Beldeler,1+1
40.000 TL,Konyaaltı/Merkez,2+1
25.000 TL,Konyaaltı/Arapsuyu,1+1
30.000 TL,Serik/Belek,2+1
25.000 TL,Alanya/Beldeler,1+1
50.500 TL,Alanya,3+1
32.000 TL,Manavgat,2+1
35.000 TL,Serik/Belek,2+1
30.000 TL,Kepez/Düdenbaşı,2+1
45.000 TL,Alanya,3+1
20.000 TL,Döşemealtı/Merkez,1+1
30.000 TL,Muratpaşa/Lara,1+1
28.500 TL,Konyaaltı/Merkez,1+1
25.000 TL,Muratpaşa/Lara,1+1
25.000 TL,Konyaaltı/Merkez,1+1
40.000 TL,Konyaaltı/Merkez,4+1
25.000 TL,MuratpaşaLara,1+1
43.000 TL,Konyaaltı/Merkez,3+1
37.000 TL,Serik/Belek,2+1
70.000 TL,Manavgat/Ilıca,4+2
20.000 TL,Alanya/Beldeler,2+1
18.000 TL,Kepez/Varsak,1+1
43.000 TL,Konyaaltı/Arapsuyu,3+1
23.500 TL,Alanya/Beldeler,2+1
43.000 TL,Muratpaşa/Lara,2+1
30.000 TL,Muratpaşa/Lara,1+1
50.000 TL,Alanya/Beldeler,2+1
25.000 TL,Muratpaşa/Lara,1+1
28.000 TL,Alanya,2+1
21.000 TL,Kepez/Merkez,1+1
32.000 TL,Konyaaltı/Arapsuyu,1+1
27.500 TL,Alanya,2+1
28.000 TL,Konyaaltı/Merkez,1+1
26.500 TL,Konyaaltı/Merkez,1+1
27.000 TL,Alanya/Beldeler,2+1
40.000 TL,Konyaaltı/Arapsuyu,2+1
20.000 TL,Serik/Yukarıkocayatak,2+1
27.500 TL,Konyaaltı/Merkez,1+1
15.000 TL,Kemer/Göynük,Stüdyo (1+0)
20.000 TL,Alanya,1+1
22.000 TL,Alanya/Beldeler,1+1
28.000 TL,Manavgat,1+1
20.000 TL,Alanya,1+1
25.000 TL,Aksu/Köyler,1+1
25.000 TL,Muratpaşa/Lara,1+1
24.000 TL,Muratpaşa/Lara,1+1
35.000 TL,Alanya,3+1
35.000 TL,Konyaaltı/Arapsuyu,1+1
40.000 TL,Muratpaşa/Lara,3+1
29.999 TL,Muratpaşa/Lara,1+1
30.000 TL,Konyaaltı/Merkez,2+1
40.000 TL,Serik/Belek,2+1
30.000 TL,Serik/Belek,2+1
50.000 TL,Alanya/Beldeler,2+1
45.000 TL,Muratpaşa/Lara,4+1
47.000 TL,Muratpaşa/Lara,2+1
35.000 TL,Alanya,3+1
20.000 TL,Alanya/Beldeler,1+1
40.000 TL,Muratpaşa/Lara,2+1
24.500 TL,Konyaaltı/Merkez,1+1
75.000 TL,Alanya/Beldeler,2+1
60.000 TL,Muratpaşa/Lara,2+1
47.500 TL,Konyaaltı/Arapsuyu,2+1
25.000 TL,Alanya/Beldeler,1+1
22.000 TL,Alanya/Beldeler,2+1
45.000 TL,Muratpaşa/Lara,2+1
19.000 TL,Konyaaltı/Arapsuyu,Stüdyo (1+0)
50.000 TL,Muratpaşa/Lara,2+1
20.000 TL,Kepez/Varsak,2+1
60.000 TL,Serik/Belek,4+1
55.000 TL,Serik/Belek,3+1
35.000 TL,Alanya,1+1
30.000 TL,Alanya,2+1
35.000 TL,Serik/Belek,2+1
40.000 TL,Manavgat,2+1
40.000 TL,Alanya/Beldeler,2+1
35.000 TL,Alanya/Beldeler,2+1
45.000 TL,Konyaaltı/Arapsuyu,2+1
25.000 TL,Muratpaşa/Lara,1+1
35.000 TL,Gazipaşa,3+1
60.000 TL,MuratpaşaLara,3+1
25.000 TL,Alanya/Beldeler,2+1
28.000 TL,Kepez/Düdenbaşı,2+1
60.000 TL,Muratpaşa/Lara,2+1
37.500 TL,Konyaaltı/Arapsuyu,1+1
27.500 TL,Alanya,2+1
35.000 TL,Konyaaltı/Merkez,2+1
35.000 TL,Konyaaltı/Merkez,2+1
35.000 TL,Konyaaltı/Arapsuyu,1+1
48.000 TL,Konyaaltı/Arapsuyu,3+1
37.500 TL,Konyaaltı/Arapsuyu,2+1
37.500 TL,Konyaaltı/Merkez,2+1
35.000 TL,Alanya/Beldeler,3+1
27.000 TL,Kaş/Köyler,2+1
35.000 TL,Konyaaltı/Arapsuyu,2+1
26.000 TL,Kemer,1+1
40.000 TL,Konyaaltı/Arapsuyu,2+1
25.000 TL,KonyaaltıMerkez,1+1
57.500 TL,Serik/Belek,3+1
40.000 TL,Muratpaşa/Lara,2+1
25.000 TL,Konyaaltı/Merkez,1+1
27.500 TL,Konyaaltı/Merkez,2+1
28.000 TL,Konyaaltı/Merkez,1+1
30.000 TL,Konyaaltı/Merkez,1+1
35.000 TL,Kepez/Merkez,2+1
25.000 TL,Alanya,2+1
25.000 TL,Alanya/Beldeler,1+1
32.000 TL,Alanya,1+1
26.000 TL,Konyaaltı/Arapsuyu,1+1
35.000 TL,Alanya/Beldeler,2+1
40.000 TL,Konyaaltı/Arapsuyu,2+1
29.000 TL,Konyaaltı/Merkez,1+1
38.750 TL,Aksu/Köyler,2+1
35.000 TL,Alanya,2+1
23.000 TL,Alanya,2+1
25.000 TL,Kemer,1+1
34.500 TL,Konyaaltı/Merkez,2+1
40.000 TL,AlanyaBeldeler,2+1
40.000 TL,Serik,2+1
43.000 TL,Konyaaltı/Merkez,2+1
30.000 TL,Muratpaşa/Lara,1+1
25.000 TL,Konyaaltı/Merkez,1+1
25.000 TL,Konyaaltı/Merkez,1+1
25.500 TL,Kepez/Varsak,3+1
30.000 TL,Manavgat,2+1
6.500 TL,Kepez/Duraliler,Stüdyo (1+0)
27.500 TL,Alanya,2+1
45.000 TL,Muratpaşa/Güzeloluk,3+1
24.000 TL,Konyaaltı/Arapsuyu,1+1
35.000 TL,Alanya,2+1
42.000 TL,Alanya,3+1
25.500 TL,Aksu,2+1
35.000 TL,Alanya,2+1
25.000 TL,Alanya,1+1
30.000 TL,Muratpaşa/Güzeloluk,2+1
35.000 TL,Konyaaltı/Merkez,2+1
40.000 TL,Alanya,2+1
35.000 TL,Alanya/Beldeler,2+1
26.000 TL,Muratpaşa/Lara,1+1
35.000 TL,Alanya,1+1
30.000 TL,Konyaaltı/Arapsuyu,2+1
26.000 TL,Manavgat,1+1
23.000 TL,Konyaaltı/Merkez,1+1
50.000 TL,Manavgat/Ilıca,4+1
27.500 TL,Serik/Belek,1+1
29.000 TL,Konyaaltı/Merkez,1+1
20.000 TL,Alanya,1+1
35.000 TL,Konyaaltı/Arapsuyu,2+1
30.000 TL,Aksu,2+1
27.500 TL,Alanya,1+1
22.000 TL,Muratpaşa/Kızıltoprak,1+1
20.000 TL,Alanya,1+1
25.000 TL,Konyaaltı/Arapsuyu,1+1
45.000 TL,Alanya,3+1
16.000 TL,Döşemealtı/Merkez,1+1
28.000 TL,Muratpaşa/Kızıltoprak,3+1
45.000 TL,Manavgat,2+1
35.000 TL,Konyaaltı/Arapsuyu,1+1
40.000 TL,Konyaaltı/Arapsuyu,2+1
20.000 TL,Alanya,2+1
30.000 TL,Konyaaltı/Arapsuyu,1+1
37.000 TL,Aksu/Köyler,3+1
26.000 TL,Aksu,2+1
30.000 TL,Serik,2+1
23.000 TL,Muratpaşa/Lara,1+1
30.000 TL,Aksu/Köyler,2+1
23.000 TL,Manavgat,2+1
50.000 TL,Kemer,2+1
23.500 TL,Alanya,1+1
19.000 TL,Alanya/Beldeler,2+1
35.000 TL,Manavgat,2+1
30.000 TL,Alanya,2+1
20.000 TL,Alanya,2+1
42.000 TL,Konyaaltı/Arapsuyu,2+1
40.000 TL,Manavgat,2+1
25.000 TL,Konyaaltı/Merkez,1+1
26.000 TL,Konyaaltı/Arapsuyu,1+1
35.000 TL,Aksu/Köyler,2+1
18.000 TL,Kepez/Sütçüler,1+1
40.000 TL,Muratpaşa/Lara,2+1
30.000 TL,Konyaaltı/Arapsuyu,1+1
50.000 TL,Konyaaltı/Arapsuyu,1+1
40.000 TL,Serik,2+1
40.000 TL,Konyaaltı/Arapsuyu,2+1
37.000 TL,Manavgat/Ilıca,2+1
35.000 TL,Manavgat,2+1
50.000 TL,Alanya,4+1
25.000 TL,Aksu/Köyler,1+1
23.000 TL,Konyaaltı/Arapsuyu,1+1
21.500 TL,Kepez/Düdenbaşı,2+1
29.000 TL,Kepez/Duraliler,2+1
25.000 TL,Alanya,2+1
50.000 TL,Konyaaltı/Merkez,3+1
70.000 TL,Manavgat/Ilıca,3+1
25.000 TL,Manavgat,1+1
55.000 TL,Muratpaşa/Güzeloluk,3+1
40.000 TL,Manavgat,2+1
30.000 TL,Aksu/Köyler,2+1
27.000 TL,Serik/Belek,2+1
26.500 TL,Alanya,2+1
30.000 TL,Manavgat,1+1
37.000 TL,Muratpaşa/Lara,4+1
70.000 TL,SerikBelek,2+1
20.000 TL,Serik/Belek,1+1
30.000 TL,Muratpaşa/Lara,2+1
22.000 TL,Alanya,2+1
30.000 TL,Aksu/Köyler,2+1
45.500 TL,Konyaaltı/Merkez,3+1
22.000 TL,Muratpaşa/Lara,1+1
25.000 TL,Alanya,2+1
30.000 TL,Muratpaşa/Lara,1+1
40.000 TL,Muratpaşa/Lara,2+1
42.000 TL,Alanya/Beldeler,4+1
15.000 TL,Manavgat,1+1
45.000 TL,Konyaaltı/Arapsuyu,2+1
15.000 TL,Kepez/Duraliler,1+1
35.000 TL,Serik/Belek,3+1
30.000 TL,Muratpaşa/Lara,1+1
30.000 TL,Alanya,2+1
28.000 TL,Konyaaltı/Merkez,1+1
35.000 TL,Konyaaltı/Merkez,2+1
24.000 TL,Kepez/Varsak,2+1
27.500 TL,Manavgat,1+1
22.000 TL,Alanya,2+1
35.000 TL,Gazipaşa,4+1
45.000 TL,Aksu/Köyler,3+1
18.000 TL,Muratpaşa/Eskisanayi,1+1
30.000 TL,Alanya,2+1
30.000 TL,Kepez/Varsak,3+1
40.000 TL,Konyaaltı/Merkez,2+1
28.000 TL,Alanya,2+1
35.000 TL,Konyaaltı/Arapsuyu,2+1
35.000 TL,Alanya,2+1
17.000 TL,Alanya,Stüdyo (1+0)
35.000 TL,Manavgat,2+1
30.000 TL,Manavgat,1+1
39.500 TL,Serik,2+1
64.000 TL,Manavgat,2+1
28.000 TL,Konyaaltı/Merkez,Stüdyo (1+0)
26.000 TL,Alanya/Beldeler,2+1
17.700 TL,Alanya,1+1
25.500 TL,Kepez/Düdenbaşı,2+1
20.000 TL,Muratpaşa/Fener,1+1
28.000 TL,Alanya,2+1
15.000 TL,Alanya/Beldeler,1+1
45.000 TL,Konyaaltı/Arapsuyu,3+1
34.999 TL,Manavgat,2+1
30.000 TL,Aksu,2+1
35.000 TL,Konyaaltı/Arapsuyu,2+1
28.600 TL,Alanya,1+1
40.000 TL,KonyaaltıArapsuyu,1+1
26.000 TL,Muratpaşa/Lara,1+1
40.000 TL,Alanya,2+1
35.000 TL,Serik/Belek,3+1
40.000 TL,Konyaaltı/Arapsuyu,1+1
34.000 TL,Manavgat/Ilıca,2+1
35.000 TL,Konyaaltı/Merkez,2+1
46.500 TL,Manavgat,2+1
55.000 TL,Konyaaltı/Arapsuyu,3+1
45.000 TL,Muratpaşa/Lara,3+1
26.000 TL,Alanya,2+1
60.000 TL,Muratpaşa/Lara,2+1
32.000 TL,Aksu,3+1
16.000 TL,Alanya/Beldeler,1+1
18.000 TL,Muratpaşa/Yenigün,1+1
8.000 TL,Kepez/Ahatlı,Stüdyo (1+0)
40.000 TL,Manavgat/Ilıca,2+1
27.000 TL,Alanya/Beldeler,2+1
38.000 TL,Manavgat/Ilıca,2+1
30.000 TL,Alanya,2+1
30.000 TL,Manavgat,2+1
65.000 TL,Muratpaşa/Lara,2+1
22.500 TL,Konyaaltı/Merkez,1+1
34.000 TL,Konyaaltı/Merkez,2+1
50.000 TL,Konyaaltı/Arapsuyu,2+1
40.000 TL,Manavgat,2+1
42.000 TL,Konyaaltı/Arapsuyu,2+1
46.000 TL,Konyaaltı/Merkez,2+1
40.000 TL,Serik/Belek,4+1
30.000 TL,Alanya,2+1
40.000 TL,Konyaaltı/Arapsuyu,2+1
36.750 TL,Alanya,2+1
23.000 TL,Alanya,1+1
40.500 TL,Manavgat,2+1
35.000 TL,Konyaaltı/Arapsuyu,2+1
30.000 TL,Manavgat,1+1
45.000 TL,Manavgat,2+1
18.000 TL,Alanya,2+1
23.000 TL,Aksu,1+1
40.000 TL,Muratpaşa/Lara,2+1
65.000 TL,Aksu/Köyler,3+1
32.000 TL,Konyaaltı/Arapsuyu,2+1
30.000 TL,Alanya,2+1
36.000 TL,Konyaaltı/Arapsuyu,2+1
35.000 TL,Alanya,3+1
25.000 TL,Kemer,1+1
38.000 TL,Kemer/Göynük,2+1
25.000 TL,Finike/Beldeler,3+1
26.000 TL,Alanya/Beldeler,1+1
30.000 TL,Alanya,2+1
44.500 TL,Manavgat,2+1
16.000 TL,Döşemealtı/Merkez,1+1
30.000 TL,Manavgat,2+1
36.000 TL,Aksu/Köyler,2+1
27.000 TL,Alanya/Beldeler,2+1
50.000 TL,Manavgat,2+1
35.000 TL,Manavgat,2+1
25.000 TL,Kepez/Düdenbaşı,1+1
23.000 TL,Alanya,2+1
30.000 TL,Alanya,3+1
20.000 TL,Muratpaşa/Kızıltoprak,1+1
28.000 TL,Alanya/Beldeler,1+1
30.000 TL,Serik/Belek,2+1
35.000 TL,Alanya/Beldeler,2+1
37.000 TL,Muratpaşa/Fener,1+1
35.000 TL,Manavgat,2+1
26.000 TL,Serik/Belek,2+1
36.000 TL,Muratpaşa/Lara,1+1
20.000 TL,Alanya,1+1
30.000 TL,Alanya,2+1
20.000 TL,Alanya,1+1
25.000 TL,Aksu/Köyler,1+1
50.000 TL,Muratpaşa/Lara,3+1
18.000 TL,Kepez/Ahatlı,1+1
20.000 TL,Kepez/Ahatlı,2+1
16.000 TL,Döşemealtı/Merkez,1+1
20.000 TL,Kepez/Varsak,2+1
36.000 TL,Muratpaşa/Lara,3+1
26.000 TL,Manavgat/Ilıca,1+1
24.000 TL,Konyaaltı/Arapsuyu,1+1
25.000 TL,Aksu,1+1
42.500 TL,Konyaaltı/Arapsuyu,1+1
35.000 TL,Aksu/Köyler,2+1
25.000 TL,Aksu,1+1
25.000 TL,Alanya,2+1
40.000 TL,Alanya/Beldeler,3+2
23.000 TL,Serik/Belek,2+1
35.000 TL,KonyaaltıArapsuyu,1+1
25.000 TL,Alanya,2+1
18.500 TL,Alanya/Beldeler,2+1
27.000 TL,Alanya,2+1
35.000 TL,Manavgat,2+1
25.000 TL,Aksu/Köyler,1+1
40.000 TL,Alanya/Beldeler,2+1
30.000 TL,Muratpaşa/Lara,1+1
28.000 TL,Alanya,1+1
34.000 TL,Konyaaltı/Arapsuyu,2+1
30.000 TL,Konyaaltı/Arapsuyu,2+1
38.000 TL,Muratpaşa/Lara,2+1
25.000 TL,Aksu,1+1
3.000 TL,Alanya,2+1
28.000 TL,Manavgat,1+1
40.000 TL,Konyaaltı/Arapsuyu,3+1
20.000 TL,Alanya,2+1
23.000 TL,Kepez/Varsak,2+1
32.000 TL,Konyaaltı/Arapsuyu,2+1
25.000 TL,Serik/Belek,1+1
30.000 TL,Muratpaşa/Lara,1+1
25.000 TL,Muratpaşa/Lara,1+1
27.000 TL,Muratpaşa/Lara,1+1
35.000 TL,Alanya/Beldeler,2+1
25.000 TL,Alanya,2+1
45.000 TL,Konyaaltı/Arapsuyu,1+1
25.000 TL,Alanya,2+1
30.000 TL,Muratpaşa/Lara,1+1
30.000 TL,Konyaaltı/Merkez,2+1
35.000 TL,Kepez/Sütçüler,3+1
35.999 TL,Muratpaşa/Lara,2+1
15.000 TL,Gazipaşa,1+1
25.000 TL,Konyaaltı/Arapsuyu,1+1
20.000 TL,Kepez/Düdenbaşı,1+1
25.000 TL,Konyaaltı/Arapsuyu,1+1
52.000 TL,Muratpaşa/Lara,2+1
48.000 TL,Muratpaşa/Lara,2+1
27.500 TL,Muratpaşa/Lara,1+1
40.000 TL,Alanya/Beldeler,2+1
27.000 TL,Alanya/Beldeler,2+1
34.000 TL,Konyaaltı/Arapsuyu,1+1
35.000 TL,Manavgat,2+1
18.500 TL,Alanya/Beldeler,1+1
22.500 TL,Kepez/Düdenbaşı,1+1
23.000 TL,Alanya,1+1
42.000 TL,Alanya,1+1
75.000 TL,Alanya,4+1
35.000 TL,Konyaaltı/Merkez,2+1
22.000 TL,Kepez/Düdenbaşı,1+1
30.000 TL,Kepez/Erenköy,2+1
23.000 TL,Konyaaltı/Merkez,2+1
25.000 TL,Alanya,1+1
29.000 TL,Aksu/Köyler,1+1
21.000 TL,Kepez/Merkez,1+1
15.000 TL,Alanya,Stüdyo (1+0)
18.000 TL,Alanya,1+1
20.000 TL,Alanya,1+1
25.000 TL,Serik/Belek,2+1
35.000 TL,Alanya,1+1
32.000 TL,Konyaaltı/Merkez,2+1
35.000 TL,Alanya,2+1
20.000 TL,Alanya,1+1
23.000 TL,Kepez/Düdenbaşı,1+1
33.000 TL,Alanya,2+1
45.000 TL,Manavgat/Ilıca,4+1
30.000 TL,Alanya,1+1
26.000 TL,Alanya/Beldeler,1+1
22.000 TL,Muratpaşa/Yenigün,2+1
28.000 TL,Muratpaşa/Lara,1+1
20.000 TL,Alanya,1+1
25.500 TL,Alanya,2+1
28.000 TL,Konyaaltı/Merkez,1+1
70.000 TL,Konyaaltı/Arapsuyu,3+1
19.500 TL,Alanya,1+1
50.000 TL,Alanya/Beldeler,2+1
20.000 TL,Kepez/Düdenbaşı,1+1
35.000 TL,Konyaaltı/Merkez,2+1
60.000 TL,Aksu,2+1
27.500 TL,Kemer/Tekirova,1+1
30.000 TL,Kepez/Varsak,3+1
15.000 TL,Kepez/Varsak,1+1
28.000 TL,Kepez/Dokuma,2+1
25.000 TL,Alanya/Beldeler,2+1
29.000 TL,Muratpaşa/Lara,1+1
50.000 TL,Muratpaşa/Fener,3+1
22.000 TL,Alanya,1+1
28.000 TL,Alanya,2+1
25.000 TL,Manavgat,Stüdyo (1+0)
32.500 TL,Kepez/Erenköy,3+1
13.000 TL,Alanya/Beldeler,1+1
42.000 TL,Kepez/Ahatlı,3+1
37.000 TL,Alanya,3+1
32.000 TL,Muratpaşa/Kızıltoprak,3+1
17.000 TL,Muratpaşa/Merkez,1+1
35.000 TL,Muratpaşa/Lara,2+1
50.000 TL,Konyaaltı/Arapsuyu,3+1
36.000 TL,Muratpaşa/Lara,3+1
20.000 TL,Muratpaşa/Lara,1+1
32.500 TL,Manavgat/Çolaklı,2+1
25.000 TL,Alanya/Beldeler,2+1
27.000 TL,Muratpaşa/Lara,2+1
70.000 TL,Muratpaşa/Lara,4+1
30.000 TL,Manavgat,3+1
30.000 TL,Aksu,2+1
33.000 TL,Manavgat,2+1
35.000 TL,Alanya/Beldeler,4+1
25.000 TL,Kepez/Merkez,2+1
35.000 TL,Aksu/Köyler,3+1
30.499 TL,Muratpaşa/Güzeloluk,1+1
37.000 TL,Konyaaltı/Arapsuyu,2+1
37.000 TL,Alanya,3+1
30.000 TL,KonyaaltıArapsuyu,2+1
30.000 TL,Konyaaltı/Arapsuyu,2+1
38.000 TL,Alanya/Beldeler,4+1
30.000 TL,Serik/Belek,3+1
26.000 TL,Konyaaltı/Arapsuyu,1+1
22.850 TL,Muratpaşa/Lara,1+1
19.000 TL,Aksu,2+1
25.000 TL,Gazipaşa,2+1
22.500 TL,Alanya,2+1
35.000 TL,Alanya,2+1
40.000 TL,Aksu,3+1
32.000 TL,Aksu,3+1
55.000 TL,Konyaaltı/Arapsuyu,1+1
35.000 TL,Aksu,3+1
32.000 TL,Manavgat,2+1
18.500 TL,Muratpaşa/Yenigün,1+1
20.000 TL,Alanya,2+1
37.500 TL,Kaş,2+1
30.000 TL,Konyaaltı/Arapsuyu,2+1
60.000 TL,Muratpaşa/Lara,3+1
22.500 TL,Alanya,2+1
32.000 TL,AlanyaBeldeler,2+1
35.000 TL,Kemer,2+1
33.000 TL,Manavgat,2+1
35.000 TL,Alanya/Beldeler,4+1
20.000 TL,Manavgat,Stüdyo (1+0)
17.000 TL,Manavgat,Stüdyo (1+0)
30.900 TL,Alanya,2+1
35.000 TL,Alanya/Beldeler,2+1
48.000 TL,Alanya/Beldeler,3+1
1.500 TL,Alanya,3+1
35.000 TL,Konyaaltı/Arapsuyu,3+1
32.000 TL,Konyaaltı/Arapsuyu,3+1
45.000 TL,Konyaaltı/Arapsuyu,1+1
35.000 TL,Konyaaltı/Arapsuyu,1+1
50.000 TL,Alanya,3+1
35.000 TL,Muratpaşa/Güzeloluk,3+1
35.000 TL,Manavgat,2+1
32.000 TL,Konyaaltı/Merkez,3+1
18.000 TL,Alanya,1+1
18.000 TL,Aksu,2+1
23.000 TL,Aksu/Köyler,1+1
18.500 TL,Alanya,2+1
70.000 TL,Muratpaşa/Fener,1+1
27.000 TL,Alanya/Beldeler,2+1
35.000 TL,Manavgat,3+1
35.000 TL,Muratpaşa/Lara,2+1
30.000 TL,Alanya,2+1
25.000 TL,Muratpaşa/Lara,1+1
35.000 TL,Muratpaşa/Lara,2+1
50.000 TL,Muratpaşa/Lara,2+1
44.000 TL,Konyaaltı/Arapsuyu,2+1
45.000 TL,Manavgat/Çolaklı,2+1
30.000 TL,Manavgat,1+1
25.000 TL,Alanya,2+1
25.000 TL,Alanya/Beldeler,2+1
25.000 TL,Alanya,2+1
23.000 TL,Alanya,2+1
25.000 TL,Alanya/Beldeler,2+1
35.000 TL,Aksu/Köyler,2+1
16.000 TL,Kepez/Sütçüler,1+1
25.000 TL,Muratpaşa/Güzeloluk,2+1
25.000 TL,Alanya,2+1
18.000 TL,Manavgat/Köyler,1+1
25.000 TL,Alanya,2+1
30.000 TL,Serik/Belek,2+1
15.000 TL,Konyaaltı/Arapsuyu,Stüdyo (1+0)
30.000 TL,Muratpaşa/Lara,1+1
25.000 TL,Muratpaşa/Lara,2+1
35.000 TL,Manavgat/Çolaklı,2+1
34.500 TL,Manavgat/Taşağıl,2+1
19.000 TL,Serik/Belek,2+1
31.000 TL,Alanya,3+1
30.000 TL,Muratpaşa/Lara,2+1
25.000 TL,Muratpaşa/Lara,1+1
45.000 TL,Alanya,3+1
25.000 TL,Aksu/Köyler,1+1
30.000 TL,Alanya,2+1
24.000 TL,Alanya,2+1
24.000 TL,Muratpaşa/Lara,1+1
30.000 TL,Muratpaşa/Lara,3+1
23.500 TL,Konyaaltı/Arapsuyu,1+1
22.500 TL,Alanya,1+1
22.000 TL,Alanya,2+1
22.000 TL,Muratpaşa/Fener,1+1
36.500 TL,Manavgat/Ilıca,2+1
28.000 TL,Aksu,2+1
24.000 TL,Alanya,2+1
20.000 TL,Alanya/Beldeler,2+1
34.000 TL,Alanya,2+1
85.000 TL,Muratpaşa/Lara,4+1
45.000 TL,Konyaaltı/Arapsuyu,1+1
38.000 TL,Muratpaşa/Meltem,2+1
25.000 TL,Aksu,1+1
18.500 TL,Aksu,1+1
20.000 TL,Muratpaşa/Lara,1+1
31.000 TL,Aksu,2+1
17.500 TL,Finike/Beldeler,3+1
28.000 TL,Muratpaşa/Fener,1+1
50.000 TL,Muratpaşa/Güzeloluk,3+1
48.000 TL,Aksu/Köyler,3+1
42.500 TL,Konyaaltı/Arapsuyu,1+1
21.000 TL,Alanya,2+1
32.000 TL,Konyaaltı/Merkez,3+1
39.000 TL,Muratpaşa/Fener,3+1
35.000 TL,Muratpaşa/Lara,3+1
16.000 TL,Alanya,2+1
38.000 TL,Konyaaltı/Arapsuyu,1+1
35.000 TL,Aksu,3+1
16.000 TL,Alanya,2+1
39.000 TL,Muratpaşa/Lara,2+1
50.000 TL,Konyaaltı/Arapsuyu,1+1
18.000 TL,Alanya,2+1
35.000 TL,Aksu/Köyler,2+1
30.000 TL,Manavgat,3+1
20.000 TL,Alanya,2+1
70.000 TL,Konyaaltı/Arapsuyu,2+1
20.000 TL,Alanya,2+1
35.000 TL,Konyaaltı/Arapsuyu,3+1
30.000 TL,Kepez/Erenköy,3+1
19.000 TL,Kepez/Varsak,3+1
50.000 TL,Konyaaltı/Arapsuyu,1+1
125.000 TL,Konyaaltı/Arapsuyu,3+1
40.000 TL,Manavgat,3+1
45.000 TL,Konyaaltı/Arapsuyu,1+1
60.000 TL,Konyaaltı/Arapsuyu,1+1
30.000 TL,Manavgat/Köyler,2+1
23.000 TL,Alanya,2+1
25.000 TL,Serik/Belek,2+1
35.000 TL,Alanya,2+1
19.500 TL,Alanya,2+1
14.000 TL,Muratpaşa/Eskisanayi,Stüdyo (1+0)
40.000 TL,Konyaaltı/Arapsuyu,1+1
40.000 TL,Konyaaltı/Arapsuyu,3+1
28.000 TL,Aksu/Köyler,1+1
18.000 TL,Muratpaşa/Lara,2+1
32.000 TL,Kepez/Sütçüler,2+1
20.000 TL,Muratpaşa/Lara,Stüdyo (1+0)
26.000 TL,Alanya,2+1
45.000 TL,Manavgat/Ilıca,2.5+1
125.000 TL,Muratpaşa/Fener,3+1
18.000 TL,ManavgatIlıca,2+1
35.000 TL,Kemer,2+1
18.000 TL,Alanya,1+1
35.000 TL,Alanya,2+1
45.000 TL,Aksu/Köyler,3+1
33.000 TL,Kepez/Ahatlı,3+1
25.000 TL,Aksu/Köyler,2+1
15.000 TL,Alanya/Beldeler,1+1
18.000 TL,Alanya,1+1
30.000 TL,Manavgat/Çolaklı,2+1
30.000 TL,Serik,2+1
38.000 TL,Muratpaşa/Meltem,3+1
19.000 TL,Alanya,1+1
20.000 TL,Alanya,2+1
24.000 TL,Muratpaşa/Lara,1+1
55.000 TL,Muratpaşa/Fener,2+1
35.000 TL,Muratpaşa/Lara,3+1
40.000 TL,Muratpaşa/Lara,3+1
60.000 TL,Kaş/Kalkan,2+1
60.000 TL,KaşKalkan,2+1
40.000 TL,Manavgat/Ilıca,2+1
35.000 TL,Muratpaşa/Lara,2+1
25.500 TL,Finike/Beldeler,2+1
24.500 TL,Aksu/Köyler,1+1
18.000 TL,Muratpaşa/Lara,Stüdyo (1+0)
45.000 TL,Muratpaşa/Fener,3+1
20.000 TL,Muratpaşa/Lara,1+1
28.000 TL,Manavgat/Köyler,2+1
28.000 TL,AlanyaBeldeler,3+1
20.000 TL,Finike/Beldeler,1+1
27.500 TL,Alanya,2+1
22.000 TL,Muratpaşa/Lara,1+1
40.000 TL,Muratpaşa/Lara,3+1
35.000 TL,Muratpaşa/Lara,3+1
28.000 TL,Alanya/Beldeler,4+2
48.000 TL,Konyaaltı/Arapsuyu,2+1
50.000 TL,Alanya,2+1
33.000 TL,Muratpaşa/Lara,2+1
22.000 TL,Alanya,2+1
22.000 TL,Finike/Beldeler,1+1
24.000 TL,Alanya/Beldeler,1+1
20.000 TL,Gazipaşa,1+1
17.000 TL,Döşemealtı/Yeniköy,1+1
28.000 TL,Döşemealtı/Yeniköy,2+1
22.000 TL,Manavgat,1+1
18.000 TL,Gazipaşa,1+1
21.000 TL,Döşemealtı/Yeniköy,1+1
25.000 TL,Aksu,1+1
30.000 TL,Muratpaşa/Meltem,1+1
20.000 TL,Alanya/Beldeler,1+1
23.000 TL,Kepez/Yeniemek,1+1
30.000 TL,Manavgat/Ilıca,2+1
30.000 TL,Kepez/Duraliler,2+1
20.000 TL,Kepez/Varsak,1+1
30.000 TL,Konyaaltı/Arapsuyu,1+1
20.000 TL,Döşemealtı/Merkez,2+1
15.000 TL,Alanya/Beldeler,1+1
20.000 TL,Döşemealtı/Yeniköy,1+1
26.000 TL,Kepez/Varsak,2+1
35.000 TL,Muratpaşa/Gençlik,1+1
19.000 TL,Döşemealtı/Yeniköy,1+1
25.000 TL,Döşemealtı/Yeniköy,2+1
16.000 TL,Alanya,1+1
32.500 TL,Kepez/Yeniemek,2+1
20.000 TL,Finike/Beldeler,1+1
25.000 TL,Aksu,1+1
28.000 TL,Serik,1+1
25.000 TL,Finike/Beldeler,1+1
19.000 TL,Döşemealtı/Yeniköy,1+1
20.000 TL,Alanya,1+1
21.000 TL,Alanya,1+1
18.000 TL,Alanya/Beldeler,1+1
15.000 TL,Alanya/Beldeler,1+1
25.950 TL,Alanya,1+1
25.000 TL,Aksu,1+1
19.000 TL,Kaş/Köyler,1+1
20.000 TL,Döşemealtı/Merkez,1+1
25.950 TL,Kepez/Ahatlı,1+1
30.000 TL,Konyaaltı/Arapsuyu,1+1
25.000 TL,Aksu,1+1
22.000 TL,Aksu,1+1
18.000 TL,Finike,1+1
22.000 TL,Alanya,1+1
25.000 TL,Alanya/Beldeler,1+1
19.000 TL,Alanya/Beldeler,1+1
22.000 TL,Döşemealtı/Yeniköy,1+1
18.000 TL,Kepez/Varsak,1+1
20.000 TL,Aksu,1+1
22.000 TL,Aksu,1+1
25.000 TL,Serik/Belek,1+1
24.500 TL,Döşemealtı/Yeniköy,1+1
28.000 TL,Kumluca,2+1
30.000 TL,Kepez/Dokuma,1+1
20.000 TL,Döşemealtı/Merkez,1+1
16.000 TL,Döşemealtı/Yeniköy,1+1
25.000 TL,Aksu,1+1
20.000 TL,Kepez/Duraliler,1+1
20.000 TL,Finike/Beldeler,1+1
23.500 TL,Döşemealtı/Yeniköy,1+1
22.000 TL,Döşemealtı/Yeniköy,1+1
20.000 TL,Kumluca,2+0
20.000 TL,Alanya/Beldeler,1+1
21.000 TL,Finike,1+1
17.000 TL,Kepez/Varsak,1+1
30.000 TL,Konyaaltı/Arapsuyu,1+1
20.000 TL,Alanya,1+1
25.000 TL,Alanya/Beldeler,1+1
20.000 TL,Alanya,1+1
22.000 TL,Döşemealtı/Merkez,1+1
16.000 TL,Döşemealtı/Merkez,1+1
37.000 TL,Manavgat,2+1
28.000 TL,Döşemealtı/Yeniköy,1+1
20.000 TL,Döşemealtı/Merkez,1+1
30.000 TL,Finike,2+1
25.000 TL,Serik,1+1
20.000 TL,Kemer/Göynük,1+1
20.000 TL,Alanya/Beldeler,1+1
22.500 TL,Finike/Beldeler,1+1
23.000 TL,Finike/Beldeler,1+1
23.000 TL,Alanya/Beldeler,1+1
18.000 TL,Kepez/Ahatlı,Stüdyo (1+0)
25.000 TL,Kepez/Varsak,1+1
25.000 TL,Aksu,1+1
29.000 TL,Kepez/Varsak,1+1
30.000 TL,Aksu,2+1
35.000 TL,Kepez/Merkez,1+1
24.000 TL,Aksu,1+1
20.000 TL,Döşemealtı/Merkez,1+1
20.000 TL,Alanya,1+1
20.000 TL,Aksu,1+1
20.000 TL,Manavgat,1+1
16.000 TL,Finike/Beldeler,1+1
22.500 TL,Kaş/Köyler,Stüdyo (1+0)
21.500 TL,Finike/Beldeler,1+1
20.000 TL,KepezVarsak,1+1
20.000 TL,Finike/Beldeler,1+1
40.000 TL,Manavgat,2+1
55.000 TL,Alanya/Beldeler,4+1
23.000 TL,Kepez/Ahatlı,1+1
25.000 TL,Kepez/Varsak,1+1
20.000 TL,Kepez/Duraliler,1+1
23.000 TL,Kepez/Duraliler,1+1
29.000 TL,Kepez/Varsak,1+1
18.000 TL,Gazipaşa,1+1
25.500 TL,Serik,1+1
25.000 TL,Kepez/Varsak,1+1
2.000 TL,Alanya,1+1
22.500 TL,Alanya,2+1
35.000 TL,Konyaaltı/Arapsuyu,1+1
30.000 TL,Konyaaltı/Arapsuyu,1+1
20.500 TL,Kepez/Erenköy,1+1
26.000 TL,Kepez/Varsak,2+1
25.000 TL,Aksu,1+1
26.000 TL,Kepez/Varsak,1+1
38.000 TL,Konyaaltı/Arapsuyu,1+1
22.000 TL,Döşemealtı/Yeniköy,1+1
22.500 TL,Aksu,1+1
35.000 TL,Muratpaşa/Eskisanayi,1+1
35.000 TL,Kemer/Göynük,2+1
35.000 TL,Muratpaşa/Eskisanayi,1+1
32.500 TL,Kaş/Köyler,1+1
35.000 TL,Kepez/Duraliler,3+1
23.000 TL,Döşemealtı/Merkez,1+1
16.500 TL,Finike/Beldeler,1+1
35.000 TL,Kepez/Varsak,2+1
27.500 TL,Aksu,1+1
18.000 TL,Kepez/Varsak,1+1
20.000 TL,Döşemealtı/Yeniköy,1+1
23.000 TL,Finike,2+1
21.000 TL,Finike,2+1
18.750 TL,Döşemealtı/Yeniköy,1+1
21.000 TL,Kepez/Düdenbaşı,1+1
20.000 TL,Alanya/Beldeler,1+1
35.000 TL,Kepez/Merkez,1+1
30.000 TL,Konyaaltı/Arapsuyu,1+1
32.000 TL,Aksu,2+1
28.000 TL,Manavgat,1+1
23.000 TL,Kepez/Duraliler,1+1
22.000 TL,Manavgat,1+1
49.000 TL,Konyaaltı/Merkez,1+1
2.500 TL,Kaş/Kalkan,2+1
22.000 TL,Alanya/Beldeler,1+1
23.000 TL,Aksu,1+1
20.000 TL,Finike/Beldeler,1+1
91.000 TL,Alanya,2+1
23.000 TL,Kepez/Erenköy,1+1
24.000 TL,Aksu,1+1
17.000 TL,Kepez/Duraliler,1+1
17.000 TL,Döşemealtı/Yeniköy,1+1
1.950 TL,Demre/Kale(Demre),2+1
25.000 TL,Manavgat,1+1
22.000 TL,Alanya/Beldeler,1+1
22.000 TL,Manavgat,1+1
16.500 TL,Gazipaşa,1+1
19.000 TL,Kepez/Duraliler,Stüdyo (1+0)
25.000 TL,Manavgat,2+1
22.500 TL,Kepez/Varsak,1+1
35.000 TL,Finike,1+1
26.000 TL,Serik,1+1
20.000 TL,Alanya/Beldeler,1+1
18.000 TL,Alanya/Beldeler,1+1
3.000 TL,Demre/Kale(Demre),2+1
38.500 TL,Alanya,2+1
2.750 TL,Kaş/Kalkan,2+1
23.000 TL,Kaş/Köyler,2+1
20.000 TL,Döşemealtı/Yeniköy,1+1
22.000 TL,Alanya,1+1
38.000 TL,Konyaaltı/Arapsuyu,1+1
22.000 TL,Döşemealtı/Merkez,1+1
19.000 TL,Kepez/Duraliler,Stüdyo (1+0)
25.000 TL,Aksu,1+1
27.000 TL,AlanyaBeldeler,2+1
43.000 TL,Konyaaltı/Arapsuyu,2+1
27.000 TL,Aksu,1+1
30.000 TL,Manavgat/Sarılar,2+1
22.000 TL,Kepez/Varsak,1+1
30.000 TL,Manavgat,1+1
16.000 TL,Kepez/Duraliler,Stüdyo (1+0)
23.000 TL,Alanya,1+1
17.500 TL,Alanya,1+1
20.000 TL,Döşemealtı/Yeniköy,1+1
27.000 TL,Serik/Belek,1+1
28.000 TL,Alanya,1+1
26.500 TL,Kepez/Ahatlı,1+1
16.000 TL,Kemer,Stüdyo (1+0)
24.000 TL,Aksu,1+1
22.000 TL,Alanya,1+1
25.000 TL,Aksu,1+1
26.000 TL,Manavgat,1+1
30.000 TL,Muratpaşa/Eskisanayi,1+1
80.000 TL,Muratpaşa/Lara,2+1
18.500 TL,Manavgat,1+1
20.000 TL,Alanya,1+1
20.500 TL,Aksu,1+1
15.000 TL,Alanya,Stüdyo (1+0)
26.000 TL,Alanya,1+1
20.000 TL,Döşemealtı/Merkez,1+1
25.000 TL,Muratpaşa/Lara,1+1
29.500 TL,Kepez/Ahatlı,1+1
30.000 TL,Manavgat/Sarılar,2+1
30.000 TL,Manavgat/Ilıca,2+0
23.000 TL,Serik,1+1
22.500 TL,Döşemealtı/Merkez,1+1
27.000 TL,Döşemealtı/Merkez,1+1
26.000 TL,Aksu,1+1
23.000 TL,Kepez/Duraliler,1+1
19.000 TL,Finike,1+1
25.000 TL,Alanya/Beldeler,1+1
19.500 TL,Manavgat,1+1
25.000 TL,Kumluca/Köyler,2+1
30.000 TL,DöşemealtıMerkez,2+1
25.000 TL,Kepez/Ahatlı,1+1
18.000 TL,Alanya,1+1
28.000 TL,Serik/Belek,1+1
27.000 TL,Serik/Belek,1+1
14.000 TL,Gazipaşa,1+1
19.000 TL,Alanya,1+1
17.000 TL,Alanya,1+1
20.500 TL,Finike/Beldeler,2+1
18.000 TL,Döşemealtı/Yeniköy,1+1
25.000 TL,Kepez/Ahatlı,1+1
26.000 TL,Alanya/Beldeler,1+1
26.000 TL,Alanya/Beldeler,1+1
26.000 TL,Alanya/Beldeler,1+1
25.000 TL,Döşemealtı/Yeniköy,1+1
25.000 TL,Kepez/Sütçüler,2+1
30.000 TL,Kumluca,1+1
30.000 TL,Alanya,2+1
20.000 TL,Alanya/Beldeler,1+1
24.000 TL,Aksu,1+1
21.000 TL,Kepez/Ahatlı,1+1
35.000 TL,Kepez/Erenköy,1+1
15.000 TL,Alanya,1+1
15.000 TL,Gazipaşa,1+1
21.000 TL,Döşemealtı/Yeniköy,1+1
17.500 TL,Gazipaşa,1+1
19.500 TL,Kumluca,1+1
36.500 TL,Manavgat/Ilıca,4+1
30.000 TL,Aksu,1+1
20.000 TL,Döşemealtı/Merkez,1+1
22.000 TL,Finike/Beldeler,1+1
22.500 TL,Alanya,1+1
19.000 TL,Döşemealtı/Yeniköy,1+1
17.500 TL,Alanya,1+1
17.000 TL,Alanya,1+1
37.500 TL,Aksu,2+1
42.000 TL,Alanya,3+1
18.500 TL,Manavgat,1+1
30.000 TL,Konyaaltı/Köyler,2+1
22.200 TL,Manavgat/Sarılar,1+1
60.000 TL,Döşemealtı/Yeşilbayır,3+1
28.000 TL,Kepez/Varsak,2+1
18.000 TL,Döşemealtı/Yeniköy,1+1
25.000 TL,Aksu,1+1
24.000 TL,Kaş/Köyler,2+1
2.000 TL,Alanya,1+1
11.000 TL,Kepez/Ahatlı,Stüdyo (1+0)
20.000 TL,Döşemealtı/Yeniköy,1+1
25.000 TL,Alanya/Beldeler,1+1
22.200 TL,Aksu,1+1
21.500 TL,Finike/Beldeler,1+1
23.500 TL,Muratpaşa/Meltem,1+1
15.000 TL,Gazipaşa,1+1
18.000 TL,Döşemealtı/Merkez,1+1
27.000 TL,Aksu,1+1
14.000 TL,Kepez/Ahatlı,Stüdyo (1+0)
16.500 TL,Gazipaşa,3+1
17.000 TL,Finike,1+1
5.500 TL,Kaş/Köyler,2+1
35.000 TL,Aksu,1+1
38.000 TL,Alanya,1+1
20.000 TL,Kepez/Ahatlı,1+1
30.000 TL,Muratpaşa/Lara,1+1
22.500 TL,Kepez/Sütçüler,2+1
30.000 TL,Konyaaltı/Arapsuyu,1+1
20.000 TL,Alanya,1+1
22.000 TL,Kepez/Ahatlı,1+1
19.500 TL,Manavgat,1+1
45.000 TL,Muratpaşa/Lara,1+1
50.000 TL,Aksu,2+1
23.500 TL,Alanya/Beldeler,1+1
30.000 TL,Aksu,1+1
30.000 TL,AlanyaBeldeler,1+1
50.000 TL,Alanya,2+1
12.000 TL,Alanya/Beldeler,1+1
30.000 TL,Kaş/Köyler,1+1
25.000 TL,Alanya/Beldeler,1+1
20.000 TL,Alanya,1+1
20.000 TL,Alanya,1+1
23.000 TL,Kepez/Ahatlı,1+1
35.000 TL,Kaş,1+1
14.000 TL,Konyaaltı/Köyler,1+1
32.000 TL,Muratpaşa/Bahçelievler,2+1
20.000 TL,Konyaaltı/Köyler,2+0
25.500 TL,Aksu,1+1
11.000 TL,Kepez/Ahatlı,Stüdyo (1+0)
35.000 TL,Konyaaltı/Arapsuyu,1+1
35.000 TL,Manavgat,1+1
23.000 TL,Kaş,Stüdyo (1+0)
15.000 TL,Alanya/Beldeler,1+1
50.000 TL,Muratpaşa/Lara,3+1
35.000 TL,Alanya/Beldeler,2+1
22.000 TL,Döşemealtı/Merkez,2+0
16.000 TL,Döşemealtı/Merkez,1+1
25.000 TL,Kemer,Stüdyo (1+0)
24.000 TL,Aksu,1+1
30.000 TL,Alanya,1+1
22.000 TL,Alanya,1+1
20.000 TL,Alanya,1+1
23.000 TL,Finike,1+1
24.000 TL,Alanya,1+1
13.000 TL,Kaş/Köyler,Stüdyo (1+0)
34.000 TL,KonyaaltıMerkez,Stüdyo (1+0)
17.000 TL,Kaş,1+1
30.000 TL,Konyaaltı/Merkez,1+1
34.000 TL,Manavgat,1+1
25.000 TL,Kaş/Kalkan,2+1
30.000 TL,Muratpaşa/Lara,1+1
70.000 TL,Alanya,4+1
26.000 TL,Kepez/Varsak,2+1
15.000 TL,Kepez/Ahatlı,Stüdyo (1+0)
20.000 TL,Alanya/Beldeler,1+1
16.500 TL,Kepez/Varsak,1+1
18.500 TL,Finike/Beldeler,1+1
38.000 TL,Konyaaltı/Merkez,1+1
27.500 TL,Kemer/Göynük,1+1
15.000 TL,Kepez/Ahatlı,Stüdyo (1+0)
20.000 TL,Döşemealtı/Merkez,1+1
24.500 TL,Kepez/Ahatlı,1+1
25.000 TL,Alanya,1+1
21.000 TL,Alanya/Beldeler,1+1
20.000 TL,Döşemealtı/Yeniköy,1+1
24.500 TL,KepezDuraliler,2+1
32.000 TL,Kepez/Dokuma,2+1
15.000 TL,Gazipaşa,1+1
20.000 TL,Aksu,1+1
9.000 TL,Kemer,3+1
15.000 TL,Alanya/Beldeler,1+1
18.000 TL,Döşemealtı/Yeniköy,1+1
20.000 TL,Kepez/Ahatlı,1+1
24.500 TL,Muratpaşa/Çarşı,1+1
24.000 TL,Kepez/Duraliler,1+1
25.000 TL,Alanya,2+1
18.000 TL,Finike/Beldeler,2+1
17.000 TL,Gazipaşa,1+1
17.000 TL,Gazipaşa,1+1
30.000 TL,Kepez/Erenköy,2+1
20.000 TL,Gazipaşa,2+1
20.000 TL,Alanya,1+1
26.000 TL,Alanya,1+1
21.000 TL,Finike/Beldeler,1+1
22.000 TL,Alanya,1+1
22.000 TL,Kaş,1+1
42.000 TL,Alanya/Beldeler,3+1
22.000 TL,Finike/Beldeler,1+1
30.000 TL,Alanya/Beldeler,1+1
55.000 TL,Manavgat/Sarılar,3+1
29.000 TL,Manavgat,2+1
3.000 TL,Alanya,1+1
28.000 TL,Gazipaşa,2+1
28.000 TL,Kepez/Dokuma,2+1
24.000 TL,Serik,1+1
25.000 TL,Kepez/Ahatlı,1+1
23.000 TL,Alanya,1+1
16.000 TL,Alanya,1+1
25.000 TL,Manavgat,2+0
18.000 TL,Döşemealtı/Merkez,1+1
35.000 TL,Alanya,2+1
25.000 TL,Alanya/Beldeler,1+1
35.000 TL,Konyaaltı/Arapsuyu,1+1
25.000 TL,Konyaaltı/Arapsuyu,Stüdyo (1+0)
35.000 TL,Konyaaltı/Arapsuyu,1+1
35.000 TL,Konyaaltı/Merkez,1+1
28.000 TL,Muratpaşa/Yenigün,2+1
45.000 TL,Alanya,4+1
18.000 TL,Gazipaşa,1+1
23.000 TL,Aksu,1+1
50.000 TL,Manavgat,2+1
35.000 TL,Manavgat,1+1
35.000 TL,Muratpaşa/Lara,1+1
15.500 TL,Gazipaşa,1+1
18.000 TL,Finike,Stüdyo (1+0)
14.000 TL,Kepez/Ahatlı,Stüdyo (1+0)
25.000 TL,Manavgat/Sarılar,2+1
32.000 TL,Serik/Belek,2+1
20.000 TL,Manavgat,Stüdyo (1+0)
30.000 TL,Aksu,2+1
25.000 TL,Alanya,1+1
27.000 TL,Kepez/Varsak,2+1
28.000 TL,Alanya,2+1
30.000 TL,Kepez/Erenköy,2+1
35.000 TL,Alanya,1+1
25.000 TL,Kepez/Erenköy,2+1
22.000 TL,Kaş,1+1
18.000 TL,Alanya/Beldeler,1+1
18.000 TL,Kepez/Duraliler,Stüdyo (1+0)
25.000 TL,Finike,1+1
35.000 TL,Gazipaşa,3+1
18.999 TL,Kepez/Varsak,2+1
16.000 TL,Kaş/Kalkan,1+1
19.000 TL,Kaş/Köyler,1+1
22.000 TL,Kepez/Ahatlı,1+1
22.000 TL,Alanya/Beldeler,1+1
24.000 TL,Muratpaşa/Bahçelievler,1+1
22.000 TL,Finike,2+1
15.000 TL,Kepez/Ahatlı,Stüdyo (1+0)
17.000 TL,Gazipaşa,1+1
19.999 TL,Kepez/Ahatlı,1+1
20.000 TL,Alanya,1+1
18.000 TL,Kepez/Sütçüler,1+1
40.000 TL,Kaş,2+1
22.000 TL,KepezSütçüler,2+1
19.000 TL,Finike/Beldeler,1+1
25.000 TL,Kumluca/Mavikent,2+1
40.000 TL,Konyaaltı/Arapsuyu,1+1
17.000 TL,Kepez/Erenköy,1+1
30.000 TL,Muratpaşa/Lara,1+1
20.000 TL,Kepez/Ahatlı,1+1
22.000 TL,Alanya,1+1
50.000 TL,Manavgat,2+1
46.000 TL,Konyaaltı/Merkez,3+1
18.500 TL,Döşemealtı/Yeniköy,1+1
25.000 TL,Kepez/Yeniemek,1+1
9.000 TL,Konyaaltı/Merkez,2+0
23.500 TL,Muratpaşa/Lara,1+1
22.000 TL,Kepez/Duraliler,1+1
25.000 TL,Kaş/Kalkan,2+1
25.000 TL,Kepez/Dokuma,1+1
20.000 TL,Manavgat,1+1
26.000 TL,Muratpaşa/Yenigün,1+1
19.500 TL,Alanya/Beldeler,1+1
35.000 TL,Konyaaltı/Arapsuyu,2+1
20.500 TL,Kepez/Duraliler,1+1
20.000 TL,Döşemealtı/Yeniköy,1+1
22.000 TL,Manavgat,1+1
23.000 TL,Döşemealtı/Yeniköy,1+1
21.000 TL,Finike,1+1
14.000 TL,Kepez/Duraliler,Stüdyo (1+0)
26.000 TL,Konyaaltı/Arapsuyu,1+1
22.000 TL,Alanya,1+1
36.500 TL,Alanya/Beldeler,2+1
20.000 TL,Kepez/Varsak,1+1
25.000 TL,Kemer/Göynük,1+1
35.500 TL,Aksu/Köyler,1+1
35.000 TL,Muratpaşa/Lara,1+1
20.000 TL,Döşemealtı/Yeniköy,1+1
50.000 TL,Kemer/Tekirova,2+1
13.500 TL,Kepez/Ahatlı,Stüdyo (1+0)
14.000 TL,Kepez/Duraliler,Stüdyo (1+0)
11.000 TL,Kepez/Ahatlı,Stüdyo (1+0)
25.000 TL,Muratpaşa/Lara,1+1
16.000 TL,Alanya,1+1
23.000 TL,Kepez/Ahatlı,1+1
14.000 TL,Kepez/Duraliler,Stüdyo (1+0)
32.000 TL,Alanya/Beldeler,2+1
29.000 TL,Manavgat/Ilıca,2+1
16.000 TL,Alanya,1+1
17.000 TL,Kepez/Ahatlı,1+1
15.000 TL,Gazipaşa,1+1
22.000 TL,Alanya,1+1
25.000 TL,Muratpaşa/Gençlik,1+1
25.000 TL,Alanya,2+1
25.000 TL,Aksu,1+1
14.000 TL,Kepez/Ahatlı,Stüdyo (1+0)
27.000 TL,Muratpaşa/Lara,1+1
15.000 TL,Kepez/Ahatlı,2+0
15.000 TL,MuratpaşaLara,1+1
20.000 TL,Kepez/Ahatlı,2+0
33.000 TL,Muratpaşa/Lara,1+1
17.000 TL,Döşemealtı/Merkez,1+1
14.900 TL,Gazipaşa,1+1
35.000 TL,Konyaaltı/Arapsuyu,1+1
60.000 TL,Konyaaltı/Köyler,1+1
16.000 TL,Döşemealtı/Merkez,1+1
23.000 TL,Kepez/Duraliler,1+1
18.000 TL,Manavgat,1+1
20.000 TL,Muratpaşa/Yenigün,1+1
12.000 TL,Kepez/Ahatlı,Stüdyo (1+0)
11.000 TL,Kepez/Ahatlı,2+0
9.000 TL,Kepez/Ahatlı,2+0
28.000 TL,Kepez/Erenköy,2+1
15.000 TL,Kepez/Ahatlı,1+1
28.000 TL,Muratpaşa/Gençlik,1+1
15.000 TL,Kaş/Köyler,1+1
19.000 TL,Kepez/Duraliler,Stüdyo (1+0)
21.000 TL,Kepez/Ahatlı,1+1
20.000 TL,Kepez/Ahatlı,2+0
28.000 TL,Kepez/Dokuma,2+1
40.000 TL,Muratpaşa/Güzeloluk,2+1
15.000 TL,Döşemealtı/Yeniköy,Stüdyo (1+0)
30.000 TL,Alanya,2+1
16.000 TL,Döşemealtı/Merkez,1+1
25.000 TL,Serik/Belek,2+1
20.000 TL,Kepez/Ahatlı,1+1
9.000 TL,Kepez/Ahatlı,2+0
17.000 TL,Kepez/Ahatlı,1+1
27.000 TL,Kepez/Varsak,2+1
18.000 TL,Kepez/Ahatlı,1+1
22.500 TL,Alanya/Beldeler,2+1
19.000 TL,Kepez/Ahatlı,1+1
25.000 TL,Alanya,2+1
35.000 TL,Kaş,2+1
15.000 TL,Alanya,1+1
20.000 TL,Kepez/Ahatlı,2+0
26.000 TL,Muratpaşa/Bahçelievler,1+1
12.000 TL,Kepez/Ahatlı,Stüdyo (1+0)
44.000 TL,Alanya,3+1
25.000 TL,Manavgat/Sarılar,2+1
12.000 TL,Kepez/Ahatlı,2+0
18.000 TL,Kepez/Ahatlı,1+1
25.000 TL,Muratpaşa/Lara,1+1
20.000 TL,Alanya,Stüdyo (1+0)
20.000 TL,Alanya,1+1
27.000 TL,Kepez/Dokuma,1+1
28.000 TL,Alanya,2+1
17.000 TL,Serik/Yukarıkocayatak,2+1
13.000 TL,Alanya,Stüdyo (1+0)
25.000 TL,Döşemealtı/Yeniköy,2+1
18.000 TL,Muratpaşa/Eskisanayi,1+1
27.000 TL,Kepez/Sütçüler,2+1
20.000 TL,Kepez/Ahatlı,1+1
25.000 TL,Kepez/Erenköy,1+1
45.000 TL,Muratpaşa/Lara,3+1
20.000 TL,Kepez/Erenköy,1+1
23.000 TL,Serik,2+1
16.000 TL,Kepez/Ahatlı,Stüdyo (1+0)
14.000 TL,Kepez/Ahatlı,Stüdyo (1+0)
16.000 TL,Kepez/Ahatlı,Stüdyo (1+0)
22.000 TL,Kaş/Kalkan,1+1
24.000 TL,Alanya,1+1
18.000 TL,Kepez/Duraliler,1+1
50.000 TL,Kaş,2+1
23.100 TL,Kepez/Ahatlı,1+1
16.000 TL,Kepez/Ahatlı,2+0
21.000 TL,Kepez/Ahatlı,2+0
20.000 TL,Manavgat,2+1
15.000 TL,Kepez/Duraliler,1+1
16.000 TL,Kepez/Ahatlı,1+1
25.000 TL,Kemer/Göynük,1+1
13.250 TL,Gazipaşa,1+1
20.000 TL,Kepez/Ahatlı,2+0
17.000 TL,Kepez/Ahatlı,2+0
23.100 TL,DöşemealtıMerkez,2+1
10.000 TL,Kepez/Ahatlı,2+0
17.000 TL,Döşemealtı/Merkez,1+1
21.000 TL,Kepez/Ahatlı,1+1
25.000 TL,Manavgat,2+1
31.000 TL,Alanya,2+1
22.000 TL,AlanyaBeldeler,1+1
37.000 TL,Muratpaşa/Yenigün,2+1
17.000 TL,Kepez/Ahatlı,1+1
34.000 TL,Manavgat,1+1
16.250 TL,Kepez/Duraliler,1+1
13.000 TL,Kepez/Ahatlı,Stüdyo (1+0)
25.000 TL,Muratpaşa/Yenigün,2+1
20.000 TL,Muratpaşa/Kızıltoprak,1+1
55.000 TL,Kaş/Kalkan,4+1
27.000 TL,Kepez/Duraliler,3+1
34.000 TL,Konyaaltı/Merkez,1+1
30.000 TL,Muratpaşa/Lara,1+1
29.000 TL,Muratpaşa/Lara,1+1
16.000 TL,Kepez/Ahatlı,Stüdyo (1+0)
31.000 TL,Manavgat,1+1
25.000 TL,Muratpaşa/Lara,1+1
25.000 TL,Kepez/Ahatlı,1+1
18.000 TL,Döşemealtı/Yeniköy,1+1
22.000 TL,Alanya/Beldeler,1+1
25.000 TL,Kepez/Erenköy,1+1
35.000 TL,Manavgat,2+1
28.000 TL,Muratpaşa/Lara,1+1
25.000 TL,Kemer/Göynük,1+1
24.000 TL,Kepez/Duraliler,1+1
28.500 TL,Serik/Belek,2+1
20.000 TL,Alanya,2+1
30.000 TL,Manavgat/Sarılar,2+1
15.000 TL,Kaş/Kalkan,1+1
28.000 TL,ManavgatSarılar,2+1
25.000 TL,Manavgat/Sarılar,3+1
14.000 TL,Kepez/Ahatlı,Stüdyo (1+0)
25.000 TL,Kepez/Ahatlı,2+1
18.500 TL,Kepez/Ahatlı,2+0
10.500 TL,Kepez/Ahatlı,2+0
18.500 TL,Kepez/Ahatlı,2+0
22.000 TL,Muratpaşa/Eskisanayi,2+1
17.000 TL,Kepez/Ahatlı,1+1
21.000 TL,Alanya,1+1
24.500 TL,Alanya,1+1
20.000 TL,Kepez/Ahatlı,1+1
26.000 TL,Manavgat,2.5+1
17.500 TL,Kepez/Erenköy,Stüdyo (1+0)
23.000 TL,Kepez/Ahatlı,1+1
17.000 TL,Konyaaltı/Köyler,1+1
23.000 TL,Kepez/Ahatlı,2+1
25.000 TL,Muratpaşa/Lara,1+1
20.000 TL,Alanya,1+1
27.000 TL,Kepez/Yeniemek,1+1
30.000 TL,Manavgat,2+1
14.000 TL,Kepez/Ahatlı,Stüdyo (1+0)
30.000 TL,Manavgat,2+1
25.000 TL,Manavgat,3+1
19.000 TL,Kepez/Ahatlı,2+0
19.000 TL,Kepez/Ahatlı,1+1
21.000 TL,Muratpaşa/Kızıltoprak,1+1
17.000 TL,Kepez/Duraliler,1+1
49.000 TL,Kemer/Göynük,3+1
2.000 TL,Kaş/Kalkan,2+1
28.000 TL,Konyaaltı/Merkez,1+1
20.000 TL,Serik,3+1
50.000 TL,Manavgat,4+1
32.000 TL,Muratpaşa/Lara,2+1
20.000 TL,Kepez/Ahatlı,2+0
30.000 TL,Serik,3+1
18.000 TL,Korkuteli,2+1
20.000 TL,Kepez/Ahatlı,2+1
15.000 TL,Kepez/Ahatlı,1+1
55.000 TL,Muratpaşa/Lara,3+1
28.000 TL,Muratpaşa/Eskisanayi,3+1
33.000 TL,Muratpaşa/Lara,1+1
19.000 TL,Kepez/Duraliler,1+1
30.000 TL,Kemer,1+1
25.500 TL,Muratpaşa/Kızıltoprak,2+1
23.000 TL,Kepez/Düdenbaşı,2+1
19.000 TL,Kepez/Ahatlı,1+1
20.000 TL,Kepez/Erenköy,2+1
21.000 TL,Kepez/Ahatlı,1+1
22.000 TL,Kepez/Duraliler,1+1
23.000 TL,Kepez/Ahatlı,1+1
15.999 TL,Kepez/Ahatlı,Stüdyo (1+0)
30.000 TL,Alanya,2+1
12.000 TL,Kepez/Ahatlı,Stüdyo (1+0)
24.500 TL,Konyaaltı/Merkez,1+1
28.000 TL,Manavgat/Sarılar,2+1
20.000 TL,Kepez/Ahatlı,1+1
42.500 TL,Muratpaşa/Kızıltoprak,2+1
30.000 TL,Manavgat,2+1
22.000 TL,Muratpaşa/Kızıltoprak,1+1
25.000 TL,Kepez/Sütçüler,2+1
39.500 TL,Muratpaşa/Fener,3+1
19.000 TL,Kepez/Ahatlı,2+0
19.500 TL,Kepez/Ahatlı,1+1
18.000 TL,Kepez/Ahatlı,1+1
10.000 TL,Serik/Belek,Stüdyo (1+0)
23.000 TL,Serik,3+1
50.000 TL,Muratpaşa/Bahçelievler,2+1
18.500 TL,Alanya,1+1
28.000 TL,Konyaaltı/Merkez,1+1
30.000 TL,Kepez/Sütçüler,3+1
30.000 TL,Manavgat,3+1
46.000 TL,Konyaaltı/Arapsuyu,2+1
35.000 TL,Manavgat,2+1
15.000 TL,Gazipaşa,1+1
21.000 TL,Kepez/Ahatlı,1+1
26.000 TL,Alanya,2+1
20.500 TL,Kaş/Kalkan,2+1
22.000 TL,Manavgat,2+0
32.000 TL,Kepez/Ahatlı,2+1
16.000 TL,Kepez/Duraliler,1+1
18.000 TL,Kepez/Ahatlı,Stüdyo (1+0)
30.000 TL,Aksu/Köyler,2+1
12.000 TL,Kepez/Ahatlı,1+1
25.000 TL,Alanya,2+1
18.000 TL,Kepez/Ahatlı,1+1
20.000 TL,Kepez/Ahatlı,1+1
34.000 TL,Muratpaşa/Eskisanayi,3+1
10.000 TL,Kepez/Ahatlı,Stüdyo (1+0)
25.000 TL,Kepez/Ahatlı,2+1
25.000 TL,Kepez/Ahatlı,2+1
27.000 TL,Alanya,2+1
25.000 TL,Alanya,1+1
15.000 TL,Kepez/Ahatlı,1+1
36.000 TL,Konyaaltı/Merkez,2+1
20.000 TL,Alanya,1+1
22.000 TL,Manavgat,1+1
18.000 TL,Kepez/Duraliler,2+0
17.000 TL,Manavgat,1+1
11.500 TL,Muratpaşa/Meltem,2+0
25.000 TL,KepezAhatlı,1+1
8.000 TL,Kepez/Duraliler,Stüdyo (1+0)
30.000 TL,Muratpaşa/Lara,2+1
20.000 TL,Kepez/Ahatlı,1+1
20.000 TL,Kepez/Ahatlı,1+1
16.500 TL,Kepez/Ahatlı,1+1
24.000 TL,Kepez/Ahatlı,2+1
48.000 TL,Muratpaşa/Fener,3+1
18.000 TL,Kepez/Ahatlı,2+0
15.000 TL,Kepez/Duraliler,Stüdyo (1+0)
24.000 TL,Kepez/Duraliler,2+1
17.000 TL,Kepez/Ahatlı,2+0
20.000 TL,Finike/Beldeler,1+1
15.000 TL,Kepez/Ahatlı,2+0
23.000 TL,Kepez/Ahatlı,2+1
26.000 TL,Kaş,2+1
18.000 TL,Kepez/Duraliler,Stüdyo (1+0)
21.000 TL,Kepez/Ahatlı,1+1
19.000 TL,Kepez/Duraliler,2+0
20.500 TL,Kepez/Ahatlı,2+1
18.000 TL,Kepez/Ahatlı,2+0
48.000 TL,Konyaaltı/Arapsuyu,2+1
30.000 TL,Alanya,3+1
13.500 TL,Kepez/Ahatlı,2+0
16.500 TL,Kepez/Ahatlı,2+0
25.000 TL,Muratpaşa/Meltem,1+1
30.000 TL,Muratpaşa/Çarşı,1+1
21.500 TL,Kepez/Ahatlı,2+0
19.000 TL,Kepez/Ahatlı,1+1
35.000 TL,Muratpaşa/Lara,1+1
35.000 TL,Alanya/Beldeler,1+1
23.000 TL,Kepez/Düdenbaşı,1+1
28.000 TL,Muratpaşa/Lara,1+1
12.000 TL,Kepez/Ahatlı,Stüdyo (1+0)
15.000 TL,Kepez/Ahatlı,2+1
35.000 TL,Alanya/Beldeler,2+1
19.000 TL,Kepez/Ahatlı,1+1
38.700 TL,Muratpaşa/Kızıltoprak,3+1
20.000 TL,MuratpaşaLara,1+1
19.999 TL,Kepez/Ahatlı,1+1
20.000 TL,Kepez/Ahatlı,2+1
34.000 TL,Konyaaltı/Merkez,2+1
18.000 TL,Kepez/Ahatlı,1+1
20.000 TL,Kepez/Ahatlı,1+1
25.000 TL,Döşemealtı/Yeniköy,2+1
55.000 TL,Muratpaşa/Çarşı,5+1
16.000 TL,Kepez/Ahatlı,1+1
25.000 TL,Muratpaşa/Lara,2+1
28.000 TL,Muratpaşa/Lara,1+1
25.000 TL,Muratpaşa/Lara,1+1
30.000 TL,Alanya/Beldeler,2+1
18.000 TL,Kepez/Ahatlı,2+0
20.000 TL,Muratpaşa/Yenigün,1+1
22.000 TL,Alanya,1+1
18.000 TL,Kepez/Ahatlı,1+1
18.500 TL,Kepez/Ahatlı,2+0
15.000 TL,Kepez/Ahatlı,1+1
19.000 TL,Kepez/Ahatlı,1+1
25.000 TL,Muratpaşa/Lara,1+1
21.000 TL,Kepez/Ahatlı,1+1
17.000 TL,Kepez/Ahatlı,1+1
30.000 TL,Alanya,2+1
18.500 TL,KepezAhatlı,1+1
16.500 TL,Kepez/Duraliler,2+0
27.500 TL,Finike,3+1
27.000 TL,Muratpaşa/Güzeloluk,1+1
9.000 TL,Kepez/Ahatlı,3+1
38.000 TL,Konyaaltı/Arapsuyu,3+1
18.500 TL,Kepez/Ahatlı,2+0
18.000 TL,Kepez/Duraliler,1+1
24.000 TL,Kepez/Ahatlı,1+1
20.000 TL,Kepez/Ahatlı,1+1
23.000 TL,Konyaaltı/Merkez,1+1
21.000 TL,Kepez/Ahatlı,1+1
18.000 TL,Kepez/Ahatlı,1+1
23.000 TL,Kepez/Erenköy,1+1
30.000 TL,Konyaaltı/Arapsuyu,1+1
20.000 TL,Kepez/Duraliler,1+1
23.500 TL,Kepez/Sütçüler,1+1
7.000 TL,Kepez/Ahatlı,Stüdyo (1+0)
18.500 TL,Kepez/Duraliler,2+0
16.000 TL,Kepez/Ahatlı,2+0
27.000 TL,Muratpaşa/Lara,1+1
25.000 TL,Kepez/Ahatlı,1+1
20.000 TL,Konyaaltı/Arapsuyu,1+1
35.000 TL,Kepez/Ahatlı,3+1
20.000 TL,Konyaaltı/Merkez,1+1
23.000 TL,Manavgat,2+1
17.000 TL,Kepez/Ahatlı,1+1
23.000 TL,Kepez/Ahatlı,1+1
11.000 TL,Kepez/Ahatlı,2+1
17.000 TL,Kepez/Ahatlı,2+0
24.000 TL,Kepez/Ahatlı,2+1
14.000 TL,Kepez/Ahatlı,Stüdyo (1+0)
45.000 TL,Muratpaşa/Lara,2+1
23.000 TL,Kepez/Ahatlı,1+1
12.500 TL,Kepez/Ahatlı,Stüdyo (1+0)
32.000 TL,Muratpaşa/Lara,2+1
8.500 TL,Kepez/Duraliler,Stüdyo (1+0)
23.000 TL,Alanya,2+1
25.000 TL,Serik/Belek,2+1
12.500 TL,Muratpaşa/Meltem,Stüdyo (1+0)
30.000 TL,Kemer,1+1
32.000 TL,Muratpaşa/Kızıltoprak,2+1
21.500 TL,Alanya/Beldeler,1+1
15.000 TL,Kepez/Ahatlı,2+0
40.000 TL,Konyaaltı/Arapsuyu,2+1
18.000 TL,Kepez/Ahatlı,1+1
23.000 TL,Kepez/Ahatlı,2+0
23.000 TL,Kepez/Ahatlı,2+1
15.000 TL,Manavgat,2+0
25.000 TL,Manavgat,2+1
17.500 TL,Kepez/Ahatlı,Stüdyo (1+0)
14.999 TL,Kepez/Ahatlı,2+0
18.000 TL,Kepez/Ahatlı,2+0
18.000 TL,Kepez/Ahatlı,1+1
24.000 TL,Muratpaşa/Lara,1+1
12.999 TL,Kepez/Ahatlı,Stüdyo (1+0)
19.000 TL,Kepez/Duraliler,1+1
50.000 TL,Muratpaşa/Fener,2+1
18.000 TL,Kepez/Ahatlı,2+1
12.000 TL,Kepez/Ahatlı,2+0
18.000 TL,Kepez/Ahatlı,1+1
32.000 TL,Konyaaltı/Arapsuyu,2+1
18.000 TL,Alanya,1+1
25.000 TL,Kepez/Ahatlı,2+1
18.000 TL,Konyaaltı/Merkez,1+1
22.000 TL,Kepez/Erenköy,2+1
19.500 TL,Kepez/Ahatlı,2+0
19.000 TL,Kepez/Ahatlı,2+0
23.000 TL,Muratpaşa/Lara,1+1
20.000 TL,Kepez/Düdenbaşı,1+1
10.000 TL,Kepez/Ahatlı,Stüdyo (1+0)
30.000 TL,Muratpaşa/Fener,2+1
35.000 TL,Muratpaşa/Lara,3+1
20.000 TL,Muratpaşa/Meltem,1+1
25.000 TL,Kepez/Ahatlı,1+1
36.000 TL,Konyaaltı/Merkez,2+1
20.000 TL,Manavgat,1+1
28.000 TL,Kaş,2+1
16.500 TL,Kepez/Duraliler,1+1
21.000 TL,Kepez/Duraliler,2+1
30.000 TL,Manavgat,2+1
28.000 TL,Kepez/Ahatlı,2+1
25.000 TL,KepezAhatlı,2+1
16.500 TL,Kepez/Ahatlı,1+1
20.000 TL,Kepez/Ahatlı,1+1
22.000 TL,Kepez/Ahatlı,1+1
12.000 TL,Kaş,2+1
10.000 TL,Konyaaltı/Merkez,2+0
21.000 TL,Kepez/Dokuma,1+1
25.000 TL,Kepez/Ahatlı,2+1
15.000 TL,Manavgat,1+1
12.000 TL,Kepez/Ahatlı,2+0
20.000 TL,Alanya/Beldeler,1+1
18.500 TL,Kepez/Ahatlı,Stüdyo (1+0)
27.000 TL,Manavgat,1+1
20.000 TL,Kepez/Ahatlı,1+1
33.000 TL,Muratpaşa/Lara,1+1
27.000 TL,Kepez/Ahatlı,2+1
25.500 TL,Konyaaltı/Arapsuyu,2+0
22.500 TL,Alanya,2+1
21.000 TL,Alanya,1+1
30.000 TL,KepezAhatlı,1+1
45.000 TL,Muratpaşa/Eskisanayi,3+1
17.000 TL,Kepez/Ahatlı,1+1
40.000 TL,Konyaaltı/Merkez,3+1
19.500 TL,Kepez/Ahatlı,2+0
27.500 TL,Alanya,2+1
30.000 TL,Kepez/Dokuma,2+1
14.000 TL,Alanya/Beldeler,2+1
19.000 TL,Kepez/Ahatlı,1+1
20.250 TL,Kepez/Ahatlı,1+1
20.000 TL,Kepez/Ahatlı,2+0
20.000 TL,Kepez/Ahatlı,1+1
20.000 TL,Kepez/Varsak,2+1
26.500 TL,Kepez/Ahatlı,2+1
25.000 TL,Kepez/Ahatlı,2+1
50.000 TL,Konyaaltı/Arapsuyu,1+1
18.000 TL,Kepez/Yeniemek,Stüdyo (1+0)
40.000 TL,Muratpaşa/Lara,2+1
15.900 TL,Kepez/Ahatlı,1+1
28.000 TL,Manavgat/Ilıca,2+1
27.000 TL,Manavgat,2+1
35.000 TL,Alanya,2+1
30.000 TL,Serik/Belek,1+1
45.000 TL,Muratpaşa/Fener,1+1
14.000 TL,Kepez/Ahatlı,1+1
21.000 TL,Kepez/Ahatlı,1+1
26.000 TL,Muratpaşa/Lara,1+1
25.000 TL,Kepez/Ahatlı,1+1
20.000 TL,Manavgat,2+0
16.000 TL,Alanya/İncekum (Yeşilköy),2+1
21.000 TL,Kepez/Sütçüler,2+1
40.000 TL,Muratpaşa/Lara,1+1
25.000 TL,Serik,2+1
22.999 TL,Kepez/Duraliler,2+1
20.000 TL,Kepez/Düdenbaşı,1+1
22.000 TL,Muratpaşa/Kızıltoprak,2+1
27.500 TL,Finike,2+1
25.000 TL,Kepez/Ahatlı,1+1
20.000 TL,MuratpaşaLara,1+1
16.000 TL,Kepez/Ahatlı,1+1
25.000 TL,Alanya,2+1
15.000 TL,Kemer/Göynük,Stüdyo (1+0)
30.000 TL,Kepez/Ahatlı,2+1
20.000 TL,Kepez/Ahatlı,2+1
32.500 TL,Kemer/Göynük,2+1
16.000 TL,Kepez/Ahatlı,1+1
28.500 TL,Kemer/Göynük,1+1
23.000 TL,Manavgat/Sarılar,2+1
26.000 TL,Kepez/Sütçüler,3+1
12.000 TL,Kepez/Ahatlı,Stüdyo (1+0)
18.000 TL,Kepez/Ahatlı,2+0
21.500 TL,Kepez/Duraliler,2+1
20.000 TL,Kepez/Ahatlı,1+1
13.000 TL,Kepez/Ahatlı,Stüdyo (1+0)
20.000 TL,Alanya,1+1
17.000 TL,Kepez/Duraliler,2+0
20.000 TL,Kepez/Ahatlı,1+1
23.000 TL,Muratpaşa/Lara,1+1
20.000 TL,Kepez/Ahatlı,1+1
26.000 TL,Kepez/Erenköy,2+1
24.000 TL,Muratpaşa/Lara,1+1
14.000 TL,Muratpaşa/Bahçelievler,Stüdyo (1+0)
22.000 TL,Kepez/Ahatlı,2+1
2.500 TL,Kaş/Kalkan,2+1
26.000 TL,Konyaaltı/Merkez,Stüdyo (1+0)
23.500 TL,Kepez/Ahatlı,2+1
22.000 TL,Muratpaşa/Kızıltoprak,1+1
20.000 TL,Kepez/Erenköy,2+1
22.000 TL,Kepez/Ahatlı,1+1
6.000 TL,Kepez/Ahatlı,4+0
10.000 TL,Kepez/Duraliler,1+1
27.000 TL,Muratpaşa/Güzeloluk,1+1
23.000 TL,Kepez/Duraliler,1+1
30.000 TL,Alanya/Beldeler,1+1
30.000 TL,Kepez/Ahatlı,2+1
23.000 TL,Kepez/Ahatlı,1+1
18.000 TL,Muratpaşa/Yenigün,2+1
50.000 TL,Alanya,4+1
30.000 TL,Kepez/Sütçüler,4+1
40.000 TL,Konyaaltı/Arapsuyu,2+1
20.000 TL,Kepez/Ahatlı,2+0
2.500 TL,Kaş/Kalkan,3+1
22.000 TL,Kepez/Ahatlı,1+1
24.000 TL,Muratpaşa/Lara,1+1
14.000 TL,Kepez/Ahatlı,2+0
27.000 TL,Serik/Belek,2+1
25.000 TL,Kepez/Duraliler,2+1
24.000 TL,Kepez/Ahatlı,1+1
25.000 TL,Kepez/Yeniemek,2+1
15.000 TL,Kepez/Ahatlı,2+1
15.000 TL,Kepez/Ahatlı,2+0
23.000 TL,Kepez/Ahatlı,2+1
28.000 TL,Muratpaşa/Bahçelievler,2+1
40.000 TL,Manavgat,3+1
24.000 TL,Muratpaşa/Kızıltoprak,2+1
15.000 TL,Kepez/Ahatlı,Stüdyo (1+0)
30.000 TL,Muratpaşa/Lara,1+1
22.000 TL,Kepez/Ahatlı,1+1
34.000 TL,Muratpaşa/Lara,2+1
34.000 TL,Konyaaltı/Merkez,2+1
2.500 TL,Demre/Kale(Demre),1+1
37.000 TL,Muratpaşa/Lara,1+1
20.000 TL,Serik,2+1
20.000 TL,Kepez/Duraliler,1+1
30.000 TL,Muratpaşa/Eskisanayi,2+1
17.000 TL,Kepez/Ahatlı,1+1
20.500 TL,Kepez/Ahatlı,1+1
27.000 TL,Kepez/Ahatlı,2+1
12.000 TL,Kepez/Ahatlı,Stüdyo (1+0)
27.500 TL,Kepez/Varsak,2+1
25.000 TL,Kaş,1+1
9.500 TL,Kepez/Duraliler,Stüdyo (1+0)
22.000 TL,Muratpaşa/Gençlik,1+1
17.000 TL,Finike,1+1
18.000 TL,Kepez/Ahatlı,2+0
25.000 TL,Konyaaltı/Merkez,2+1
13.000 TL,Kepez/Ahatlı,Stüdyo (1+0)
20.000 TL,Manavgat,2+1
18.000 TL,Alanya,1+1
20.000 TL,Kepez/Ahatlı,1+1
19.000 TL,Korkuteli/Köyler,2+1
12.000 TL,Kepez/Ahatlı,2+0
12.000 TL,Kepez/Ahatlı,Stüdyo (1+0)
10.000 TL,Kepez/Ahatlı,Stüdyo (1+0)
35.000 TL,Muratpaşa/Lara,2+1
5.500 TL,Kepez/Ahatlı,3+1
27.000 TL,Kepez/Ahatlı,2+1
32.000 TL,Muratpaşa/Lara,2+1
25.000 TL,Serik,2+1
25.000 TL,Konyaaltı/Arapsuyu,1+1
28.000 TL,Kepez/Duraliler,2+1
30.000 TL,Alanya,2+1
26.500 TL,Alanya,1+1
15.000 TL,Kepez/Ahatlı,Stüdyo (1+0)
10.000 TL,Konyaaltı/Merkez,2+0
17.500 TL,Kepez/Ahatlı,1+1
10.000 TL,Kepez/Duraliler,Stüdyo (1+0)
30.000 TL,Konyaaltı/Merkez,1+1
20.000 TL,Alanya/Beldeler,1+1
36.000 TL,Konyaaltı/Merkez,2+1
55.000 TL,Alanya/Beldeler,2.5+1
35.000 TL,Kaş,3+1
17.500 TL,Kepez/Duraliler,1+1
25.000 TL,Alanya,2+1
20.500 TL,Kepez/Ahatlı,1+1
28.000 TL,Kepez/Ahatlı,3+1
30.000 TL,Kemer/Göynük,2+1
13.000 TL,Kepez/Ahatlı,1+1
12.000 TL,Kepez/Ahatlı,Stüdyo (1+0)
17.000 TL,Kepez/Duraliler,1+1
22.000 TL,Kepez/Ahatlı,1+1
12.500 TL,Kepez/Ahatlı,1+1
9.000 TL,Kepez/Ahatlı,Stüdyo (1+0)
20.500 TL,Kepez/Ahatlı,1+1
22.000 TL,Kepez/Ahatlı,2+1
25.000 TL,Kepez/Ahatlı,2+1
23.000 TL,Kepez/Yeniemek,1+1
18.000 TL,Döşemealtı/Yeniköy,1+1
16.999 TL,Alanya,1+1
25.000 TL,Muratpaşa/Lara,1+1
15.000 TL,Kepez/Ahatlı,1+1
39.000 TL,MuratpaşaFener,2+1
25.000 TL,Kepez/Varsak,2+1
30.000 TL,Serik/Belek,2+1
22.000 TL,Kepez/Ahatlı,2+1
24.000 TL,Muratpaşa/Lara,1+1
40.000 TL,Muratpaşa/Güzeloluk,2+1
33.000 TL,Muratpaşa/Lara,1+1
39.000 TL,Muratpaşa/Fener,2+1
50.000 TL,Konyaaltı/Köyler,5+1
15.000 TL,Kepez/Ahatlı,Stüdyo (1+0)
34.000 TL,Alanya/Beldeler,2+1
20.000 TL,Alanya,1+1
26.000 TL,Alanya/Beldeler,1+1
24.500 TL,Kepez/Yeniemek,1+1
50.000 TL,Muratpaşa/Lara,2+1
15.000 TL,Gazipaşa/Köyler,3+1
15.000 TL,Alanya,1+1
19.000 TL,Kepez/Ahatlı,2+0
46.000 TL,Konyaaltı/Arapsuyu,3+1
34.000 TL,Konyaaltı/Merkez,2+1
19.000 TL,KonyaaltıArapsuyu,2+1
23.000 TL,Kepez/Ahatlı,2+0
40.000 TL,Alanya,2+1
26.500 TL,Manavgat,1+1
25.000 TL,Muratpaşa/Lara,1+1
21.000 TL,Kepez/Ahatlı,1+1
14.000 TL,Kepez/Ahatlı,1+1
16.000 TL,Alanya/Beldeler,1+1
45.000 TL,Manavgat,2+1
20.500 TL,Kepez/Ahatlı,2+1
18.000 TL,Serik,1+1
20.000 TL,Manavgat,2+1
35.000 TL,Serik,3+1
15.000 TL,Kumluca/Köyler,1.5+1
15.000 TL,Kepez/Ahatlı,1+1
23.000 TL,Manavgat/Sarılar,2+1
28.000 TL,Muratpaşa/Eskisanayi,2+1
15.000 TL,MuratpaşaFener,1+1
23.000 TL,Muratpaşa/Fener,1+1
20.000 TL,Muratpaşa/Yenigün,1+1
20.000 TL,Kepez/Duraliler,1+1
18.000 TL,Manavgat,Stüdyo (1+0)
45.000 TL,Muratpaşa/Lara,1+1
25.000 TL,Muratpaşa/Gençlik,1+1
13.000 TL,Kepez/Ahatlı,Stüdyo (1+0)
28.000 TL,Kepez/Ahatlı,2+1
40.000 TL,Alanya/Beldeler,1+1
17.000 TL,Kepez/Duraliler,2+0
47.000 TL,Muratpaşa/Lara,2+1
30.000 TL,Konyaaltı/Merkez,1+1
20.000 TL,Kepez/Ahatlı,1+1
18.000 TL,Kepez/Duraliler,1+1
13.500 TL,Kepez/Ahatlı,1+1
30.000 TL,Alanya/Beldeler,2+1
17.500 TL,Kepez/Ahatlı,1+1
50.000 TL,Kaş,3+1
22.500 TL,Kepez/Ahatlı,2+1
18.000 TL,Kepez/Ahatlı,1+1
12.000 TL,Kepez/Ahatlı,Stüdyo (1+0)
33.000 TL,Muratpaşa/Lara,1+1
17.000 TL,Kepez/Ahatlı,1+1
26.500 TL,Konyaaltı/Arapsuyu,2+1
16.000 TL,Kepez/Ahatlı,1+1
24.500 TL,Kepez/Ahatlı,2+1
25.000 TL,Kepez/Varsak,2+1
14.500 TL,Kepez/Ahatlı,1+1
25.000 TL,Kepez/Ahatlı,2+1
12.000 TL,Kepez/Ahatlı,Stüdyo (1+0)
20.000 TL,Kepez/Ahatlı,2+1
20.000 TL,Kepez/Ahatlı,2+1
35.000 TL,Manavgat,1+1
17.000 TL,Kepez/Duraliler,1+1
25.000 TL,Alanya,1+1
22.000 TL,Muratpaşa/Meltem,1+1
25.000 TL,Kepez/Ahatlı,1+1
25.000 TL,Alanya,1+1
20.000 TL,Alanya,2+1
34.000 TL,Muratpaşa/Lara,2+1
21.000 TL,Kepez/Ahatlı,2+1
17.500 TL,Kepez/Ahatlı,2+0
14.000 TL,Kepez/Duraliler,Stüdyo (1+0)
28.000 TL,Kepez/Ahatlı,2+1
33.000 TL,Muratpaşa/Lara,1+1
12.000 TL,Kepez/Duraliler,Stüdyo (1+0)
33.000 TL,Muratpaşa/Lara,1+1
30.000 TL,Muratpaşa/Lara,1+1
20.000 TL,Kepez/Sütçüler,1+1
44.000 TL,Konyaaltı/Arapsuyu,2+1
25.000 TL,Kepez/Varsak,2+1
26.000 TL,Konyaaltı/Merkez,1+1
28.000 TL,Muratpaşa/Yenigün,2+1
35.000 TL,Muratpaşa/Bahçelievler,3+1
30.000 TL,Serik,2+1
21.000 TL,Kepez/Varsak,2+1
15.000 TL,Kemer,Stüdyo (1+0)
25.000 TL,Manavgat,1+1
25.000 TL,Konyaaltı/Merkez,1+1
32.500 TL,Alanya,2+1
40.000 TL,Konyaaltı/Merkez,3+1
27.500 TL,Muratpaşa/Meltem,2+1
30.000 TL,Konyaaltı/Merkez,1+1
38.000 TL,Konyaaltı/Arapsuyu,1+1
16.000 TL,Alanya,2+1
15.500 TL,Alanya/Beldeler,1+1
39.000 TL,Muratpaşa/Kızıltoprak,2+1
15.000 TL,Kepez/Duraliler,Stüdyo (1+0)
26.500 TL,Kepez/Ahatlı,2+1
35.000 TL,Muratpaşa/Lara,1+1
19.000 TL,Kepez/Ahatlı,2+0
11.000 TL,Muratpaşa/Bahçelievler,Stüdyo (1+0)
30.000 TL,Manavgat,2+1
27.000 TL,Demre/Kale(Demre),2+1
13.750 TL,Kepez/Ahatlı,1+1
35.000 TL,Alanya,1+1
35.000 TL,Konyaaltı/Merkez,2+1
32.500 TL,Gazipaşa,3+2
16.000 TL,Alanya/Beldeler,1+1
18.000 TL,Kepez/Ahatlı,1+1
20.000 TL,Kepez/Ahatlı,1+1
25.000 TL,Kepez/Ahatlı,2+1
30.000 TL,Kaş,3+1
22.000 TL,Kepez/Erenköy,2+1
25.000 TL,Alanya/Beldeler,2+1
26.000 TL,Alanya,2+1
23.000 TL,Kemer/Tekirova,2+1
42.000 TL,Muratpaşa/Lara,4+1
40.000 TL,Konyaaltı/Arapsuyu,2+1
13.000 TL,Gazipaşa,3+1
18.000 TL,Konyaaltı/Merkez,1+1
10.000 TL,Kepez/Ahatlı,Stüdyo (1+0)
38.000 TL,Muratpaşa/Lara,2+1
30.000 TL,Manavgat,3+1
28.500 TL,Manavgat/Ilıca,1+1
23.000 TL,Kepez/Yeniemek,2+1
22.500 TL,Kepez/Ahatlı,2+1
21.000 TL,Muratpaşa/Yenigün,1+1
17.000 TL,Kepez/Duraliler,1+1
20.000 TL,Alanya,1+1
24.000 TL,Kepez/Ahatlı,2+1
7.000 TL,Kepez/Ahatlı,Stüdyo (1+0)
11.000 TL,Kepez/Ahatlı,2+1
20.000 TL,Manavgat,1+1
20.000 TL,Manavgat,1+1
16.000 TL,Kepez/Duraliler,2+1
15.000 TL,Kepez/Ahatlı,Stüdyo (1+0)
28.000 TL,Kepez/Varsak,2+1
19.000 TL,Kepez/Ahatlı,2+0
25.000 TL,Muratpaşa/Lara,1+1
25.000 TL,Kepez/Duraliler,2+1
16.000 TL,Kepez/Ahatlı,Stüdyo (1+0)
25.000 TL,Muratpaşa/Lara,1+1
30.000 TL,Kepez/Erenköy,2+1
19.000 TL,Kepez/Ahatlı,2+0
35.000 TL,Finike/Beldeler,3+1
20.500 TL,Kepez/Ahatlı,2+0
20.000 TL,Demre/Kale(Demre),2+1
17.000 TL,Kepez/Duraliler,1+1
30.000 TL,Kepez/Ahatlı,2+1
30.000 TL,Alanya/Beldeler,2+1
34.000 TL,Muratpaşa/Yenigün,5+1
15.000 TL,Alanya,2+1
21.500 TL,Aksu,2+1
24.500 TL,Alanya,2+1
25.000 TL,Kepez/Düdenbaşı,2+1
23.000 TL,Kepez/Duraliler,2+1
21.000 TL,Kepez/Sütçüler,2+1
30.000 TL,Kaş/Köyler,2+1
38.000 TL,Kaş,2+1
35.000 TL,Kaş,1+1
18.000 TL,Kepez/Ahatlı,1+1
22.000 TL,Kepez/Ahatlı,1+1
30.000 TL,Konyaaltı/Arapsuyu,2+1
35.000 TL,Kepez/Ahatlı,3+1
30.000 TL,Muratpaşa/Yenigün,2+1
18.500 TL,Manavgat,Stüdyo (1+0)
16.000 TL,Kepez/Ahatlı,1+1
15.000 TL,Gazipaşa,1+1
17.000 TL,Kemer/Göynük,1+1
19.000 TL,Muratpaşa/Eskisanayi,1+1
27.500 TL,Muratpaşa/Fener,1+1
22.000 TL,Kepez/Ahatlı,2+1
25.000 TL,Manavgat/Sarılar,2+1
27.000 TL,Manavgat,1+1
35.000 TL,Manavgat,2+1
17.500 TL,Kepez/Ahatlı,Stüdyo (1+0)
55.000 TL,Muratpaşa/Fener,1+1
25.000 TL,Serik,1+1
38.500 TL,Muratpaşa/Lara,1+1
22.000 TL,KepezAhatlı,1+1
33.000 TL,Konyaaltı/Merkez,1+1
35.000 TL,Manavgat,2+1
18.000 TL,Kepez/Duraliler,2+1
20.000 TL,Alanya,2+1
17.000 TL,Alanya,1+1
37.000 TL,Konyaaltı/Merkez,2+1
17.000 TL,Kepez/Ahatlı,2+0
22.000 TL,Kepez/Ahatlı,2+1
41.000 TL,Konyaaltı/Arapsuyu,3+1
25.000 TL,Kepez/Duraliler,2+1
48.000 TL,Finike,2+1
33.000 TL,Manavgat/Çolaklı,3+1
23.000 TL,Manavgat,1+1
35.000 TL,ManavgatÇolaklı,1+1
50.000 TL,Konyaaltı/Arapsuyu,3+1
22.000 TL,Kepez/Ahatlı,2+1
22.000 TL,Muratpaşa/Lara,1+1
35.000 TL,Muratpaşa/Yenigün,2+1
35.000 TL,Manavgat,3+1
19.990 TL,Muratpaşa/Meltem,1+1
18.500 TL,Kepez/Ahatlı,1+1
15.000 TL,Kepez/Ahatlı,Stüdyo (1+0)
23.000 TL,Muratpaşa/Bahçelievler,1+1
20.000 TL,Kepez/Ahatlı,2+1
35.000 TL,Konyaaltı/Arapsuyu,2+1
19.000 TL,Kepez/Varsak,2+1
35.000 TL,Muratpaşa/Lara,2+1
20.000 TL,Kepez/Duraliler,2+1
20.000 TL,Alanya/Beldeler,1+1
23.000 TL,Konyaaltı/Merkez,1+1
28.000 TL,Manavgat,2+1
18.000 TL,Alanya,1+1
35.000 TL,Manavgat,4+1
17.500 TL,Kepez/Duraliler,2+1
30.000 TL,Kepez/Yeniemek,2+1
20.000 TL,Muratpaşa/Meltem,3+1
30.000 TL,Manavgat,2+1
50.000 TL,Muratpaşa/Lara,1+1
42.000 TL,Muratpaşa/Lara,2+1
23.500 TL,Muratpaşa/Kızıltoprak,2+1
17.500 TL,Kepez/Ahatlı,2+1
20.000 TL,Alanya,2+1
30.000 TL,Muratpaşa/Çarşı,2+1
35.000 TL,Konyaaltı/Arapsuyu,1+1
21.000 TL,Kepez/Ahatlı,2+1
19.500 TL,Kepez/Ahatlı,2+0
25.000 TL,Kepez/Duraliler,2+1
50.000 TL,Serik,4+1
20.000 TL,Alanya/Beldeler,2+1
12.000 TL,Kepez/Ahatlı,Stüdyo (1+0)
16.500 TL,Kepez/Ahatlı,2+0
25.000 TL,Muratpaşa/Fener,1+1
45.000 TL,Serik/Belek,3+1
24.500 TL,Kepez/Ahatlı,1+1
14.500 TL,Kepez/Duraliler,Stüdyo (1+0)
26.000 TL,Konyaaltı/Arapsuyu,Stüdyo (1+0)
20.500 TL,Kepez/Ahatlı,2+1
29.000 TL,Muratpaşa/Lara,1+1
27.500 TL,Kepez/Varsak,3+1
31.000 TL,Konyaaltı/Arapsuyu,1+1
31.000 TL,Alanya,2+1
25.000 TL,Muratpaşa/Gençlik,1+1
25.500 TL,Kepez/Ahatlı,1+1
27.000 TL,Alanya,2+1
29.000 TL,Alanya,2+1
20.000 TL,Muratpaşa/Eskisanayi,1+1
35.000 TL,Kaş/Köyler,2+1
25.000 TL,Kepez/Duraliler,2+1
10.000 TL,Kepez/Duraliler,Stüdyo (1+0)
30.000 TL,Kemer,2+1
22.000 TL,Muratpaşa/Kızıltoprak,1+1
22.000 TL,Kepez/Sütçüler,2+1
25.000 TL,Muratpaşa/Eskisanayi,2+1
24.000 TL,Kepez/Ahatlı,2+1
25.000 TL,Kemer,1+1
25.000 TL,Kepez/Duraliler,2+1
20.500 TL,Kepez/Ahatlı,2+1
45.000 TL,Kaş/Kalkan,3+1
18.000 TL,Kepez/Ahatlı,1+1
25.000 TL,Muratpaşa/Lara,1+1
35.000 TL,Muratpaşa/Kızıltoprak,2+1
22.000 TL,Serik,2+1
75.000 TL,Manavgat,4+1
30.000 TL,Manavgat,1+1
25.000 TL,Serik/Belek,2+1
30.000 TL,Muratpaşa/Yenigün,3+1
18.000 TL,Kepez/Ahatlı,1+1
25.000 TL,Muratpaşa/Lara,1+1
18.500 TL,Kepez/Ahatlı,1+1
45.000 TL,Konyaaltı/Arapsuyu,3+1
26.500 TL,Muratpaşa/Lara,2+1
25.000 TL,Serik/Belek,2+1
28.000 TL,Konyaaltı/Merkez,1+1
20.000 TL,Döşemealtı/Merkez,2+1
20.000 TL,Kepez/Ahatlı,2+1
26.000 TL,Alanya,2+1
26.000 TL,Muratpaşa/Eskisanayi,2+1
19.500 TL,Kepez/Ahatlı,Stüdyo (1+0)
25.000 TL,MuratpaşaYenigün,2+1
23.000 TL,Manavgat/Taşağıl,1+1
20.000 TL,Kepez/Duraliler,2+1
21.000 TL,Alanya/Beldeler,1+1
15.000 TL,Kepez/Ahatlı,Stüdyo (1+0)
25.000 TL,Kepez/Ahatlı,1+1
40.000 TL,Kaş,1+1
25.000 TL,Kemer/Tekirova,2+1
35.000 TL,Alanya/Beldeler,2+1
38.000 TL,Serik/Belek,3+1
25.000 TL,Manavgat,2+1
30.000 TL,Manavgat,2+1
27.500 TL,Manavgat,2+1
40.000 TL,Muratpaşa/Yenigün,3+1
26.000 TL,Manavgat,1+1
23.000 TL,Kepez/Ahatlı,2+1
24.000 TL,Kepez/Duraliler,2+1
25.000 TL,Alanya,2+1
7.500 TL,Alanya/Beldeler,Stüdyo (1+0)
20.000 TL,Kepez/Ahatlı,1+1
14.000 TL,Kepez/Ahatlı,2+1
30.000 TL,Alanya/Beldeler,2+1
11.000 TL,Kepez/Duraliler,Stüdyo (1+0)
35.000 TL,Kaş/Kalkan,2+1
35.000 TL,Konyaaltı/Arapsuyu,3+1
40.000 TL,Muratpaşa/Lara,2+1
30.000 TL,Konyaaltı/Merkez,1+1
17.000 TL,Kepez/Duraliler,2+0
35.000 TL,Alanya,1+1
28.000 TL,Muratpaşa/Güzeloluk,1+1
25.000 TL,Muratpaşa/Kızıltoprak,2+1
30.000 TL,Muratpaşa/Lara,1+1
20.000 TL,Kepez/Ahatlı,1+1
33.000 TL,KepezDokuma,1+1
33.000 TL,Kepez/Ahatlı,2+1
35.000 TL,Konyaaltı/Arapsuyu,1+1
17.500 TL,Kepez/Dokuma,2+1
20.000 TL,Alanya,1+1
28.500 TL,Muratpaşa/Eskisanayi,2+1
4.500 TL,Kepez/Ahatlı,4+4
30.000 TL,Manavgat,2+1
35.000 TL,Kemer,2+1
26.000 TL,Kepez/Ahatlı,2+1
20.000 TL,Kepez/Ahatlı,1+1
25.000 TL,Kepez/Ahatlı,2+1
30.000 TL,Muratpaşa/Fener,2+1
28.000 TL,Alanya,2+1
20.000 TL,Alanya,1+1
21.000 TL,Kepez/Duraliler,2+1
40.000 TL,Muratpaşa/Bahçelievler,3+1
9.000 TL,Kepez/Ahatlı,2+0
35.000 TL,Finike/Beldeler,4+1
30.000 TL,Serik,3+1
18.000 TL,Kepez/Ahatlı,1+1
26.000 TL,Kepez/Ahatlı,2+1
20.000 TL,Serik,2+1
20.000 TL,Manavgat,1+1
29.999 TL,Kepez/Ahatlı,2+1
22.000 TL,Kaş,1+1
30.000 TL,Muratpaşa/Yenigün,2+1
22.000 TL,Muratpaşa/Çarşı,1+1
45.000 TL,Serik/Belek,4+1
25.000 TL,Alanya,2+1
25.000 TL,Konyaaltı/Arapsuyu,1+1
20.000 TL,Alanya/Beldeler,1+1
28.000 TL,SerikBelek,4+1
27.500 TL,Manavgat,2+1
16.500 TL,Serik,1+1
48.500 TL,Konyaaltı/Arapsuyu,3+1
36.000 TL,Muratpaşa/Fener,3+1
50.000 TL,Kemer,4+4
28.000 TL,Manavgat,1+1
30.000 TL,Manavgat,2+1
27.000 TL,Manavgat,2+1
25.000 TL,Manavgat,1+1
23.000 TL,Muratpaşa/Eskisanayi,3+1
45.000 TL,Kemer/Göynük,2+1
30.000 TL,Muratpaşa/Lara,1+1
20.000 TL,Kepez/Duraliler,1+1
22.500 TL,Alanya/Beldeler,2+1
50.000 TL,Konyaaltı/Arapsuyu,3+1
35.000 TL,Muratpaşa/Bahçelievler,2+1
19.000 TL,Kepez/Ahatlı,1+1
17.500 TL,Manavgat,Stüdyo (1+0)
14.000 TL,Manavgat,Stüdyo (1+0)
35.000 TL,Konyaaltı/Merkez,2+1
60.000 TL,Muratpaşa/Lara,3+1
17.000 TL,Kepez/Ahatlı,1+1
26.000 TL,Alanya,2+1
25.000 TL,Serik/Belek,1+1
25.000 TL,Kepez/Ahatlı,2+1
25.000 TL,Kepez/Ahatlı,2+1
50.000 TL,KonyaaltıArapsuyu,2+1
23.000 TL,Konyaaltı/Merkez,1+1
30.600 TL,Alanya,4+1
25.000 TL,Konyaaltı/Merkez,1+1
43.000 TL,Muratpaşa/Lara,2+1
40.000 TL,Konyaaltı/Arapsuyu,2+1
22.500 TL,Kepez/Ahatlı,2+1
25.000 TL,Konyaaltı/Arapsuyu,1+1
35.000 TL,Alanya,2+1
21.500 TL,Kepez/Duraliler,1+1
25.000 TL,Alanya,2+1
17.000 TL,Muratpaşa/Lara,Stüdyo (1+0)
16.000 TL,Kepez/Ahatlı,1+1
25.000 TL,Kepez/Yeniemek,2+1
24.999 TL,Kepez/Ahatlı,2+1
25.000 TL,Kepez/Ahatlı,2+1
80.000 TL,Serik,3+1
24.000 TL,Kepez/Ahatlı,2+1
17.000 TL,Kepez/Erenköy,2+1
27.500 TL,Manavgat,2+1
15.000 TL,Alanya,1+1
21.000 TL,Kepez/Ahatlı,1+1
16.000 TL,Kepez/Duraliler,2+1
30.000 TL,Kepez/Ahatlı,2+1
35.000 TL,Manavgat,2+1
18.500 TL,Kepez/Duraliler,1+1
27.500 TL,Kepez/Ahatlı,2+1
50.000 TL,Konyaaltı/Arapsuyu,3+1
38.500 TL,Serik/Belek,3+1
16.000 TL,Kepez/Ahatlı,1+1
23.000 TL,Kepez/Duraliler,1+1
26.000 TL,Manavgat,2+1
27.000 TL,Kepez/Yeniemek,2+1
30.000 TL,Alanya,1+1
25.500 TL,Kepez/Duraliler,2+1
27.000 TL,Alanya,2+1
27.000 TL,Manavgat,2+1
8.500 TL,Kepez/Duraliler,Stüdyo (1+0)
42.000 TL,Muratpaşa/Fener,2+1
25.500 TL,Alanya,2+1
26.000 TL,Alanya,2+1
25.000 TL,Alanya,2+1
21.000 TL,Gazipaşa,2+1
8.500 TL,Kepez/Duraliler,3+1
21.000 TL,Kepez/Ahatlı,1+1
20.000 TL,Kepez/Düdenbaşı,1+1
30.000 TL,Muratpaşa/Eskisanayi,3+1
18.000 TL,Muratpaşa/Kızıltoprak,1+1
55.000 TL,Kemer,2+1
16.000 TL,Alanya,1+1
26.000 TL,Alanya,2+1
32.000 TL,Konyaaltı/Arapsuyu,1+1
22.000 TL,Kepez/Dokuma,1+1
20.000 TL,Kepez/Ahatlı,1+1
27.000 TL,Kepez/Ahatlı,1+1
32.000 TL,Muratpaşa/Lara,3+1
7.000 TL,Kepez/Duraliler,Stüdyo (1+0)
50.000 TL,Muratpaşa/Lara,2+1
25.000 TL,Alanya,2+1
55.000 TL,MuratpaşaEskisanayi,2+1
36.000 TL,Muratpaşa/Lara,2+1
35.000 TL,Muratpaşa/Eskisanayi,2+1
30.000 TL,Kepez/Ahatlı,2+1
17.000 TL,Muratpaşa/Yenigün,1+1
19.500 TL,Kepez/Ahatlı,2+1
24.000 TL,Muratpaşa/Meltem,1+1
40.000 TL,Muratpaşa/Fener,2+1
18.000 TL,Serik,2+1
20.000 TL,Alanya,1+1
18.000 TL,Kepez/Ahatlı,1+1
25.000 TL,Kaş,2+1
24.500 TL,Manavgat/Köyler,2+1
27.000 TL,Alanya,1+1
460.000 TL,Kemer/Göynük,10 Üzeri
60.000 TL,Konyaaltı/Arapsuyu,2+1
30.000 TL,Manavgat,2+1
30.000 TL,Manavgat,2+1
25.000 TL,Kaş,1+1
25.000 TL,Manavgat,1+1
15.000 TL,Kepez/Yeniemek,Stüdyo (1+0)
13.000 TL,Kepez/Yeniemek,Stüdyo (1+0)
28.000 TL,Manavgat,2+1
75.000 TL,Konyaaltı/Arapsuyu,2+1
25.000 TL,Kepez/Yeniemek,2+1
35.000 TL,Manavgat,2+1
68.000 TL,Konyaaltı/Arapsuyu,3+1
30.000 TL,Muratpaşa/Lara,2+1
35.000 TL,Alanya,3+1
18.450 TL,Kepez/Erenköy,1+1
25.000 TL,Manavgat,2+1
33.000 TL,Manavgat,1+1
19.000 TL,Konyaaltı/Köyler,1+1
17.000 TL,Kepez/Ahatlı,1+1
41.000 TL,Kaş,2+1
15.000 TL,Kaş,Stüdyo (1+0)
30.000 TL,Kepez/Ahatlı,2+1
25.000 TL,Muratpaşa/Lara,1+1
13.000 TL,Finike,2+1
22.000 TL,Kepez/Ahatlı,2+1
45.000 TL,Muratpaşa/Lara,2+1
35.000 TL,Konyaaltı/Arapsuyu,1+1
45.000 TL,Konyaaltı/Arapsuyu,2+1
35.000 TL,Konyaaltı/Arapsuyu,1+1
13.000 TL,Manavgat,Stüdyo (1+0)
40.000 TL,Aksu/Köyler,2+1
25.000 TL,Kepez/Ahatlı,2+1
25.000 TL,Manavgat,Stüdyo (1+0)
22.000 TL,Muratpaşa/Kızıltoprak,1+1
39.750 TL,Serik,3+1
25.000 TL,Manavgat,1+1
22.000 TL,Aksu/Köyler,1+1
55.000 TL,Muratpaşa/Lara,3+1
20.000 TL,Alanya/Beldeler,2+1
32.000 TL,Muratpaşa/Lara,2+1
22.000 TL,Muratpaşa/Eskisanayi,1+1
25.000 TL,Serik,2+1
44.000 TL,Kaş,1+1
10.000 TL,Konyaaltı/Arapsuyu,Stüdyo (1+0)
25.000 TL,Manavgat,1+1
18.000 TL,Manavgat,1+1
55.000 TL,AlanyaBeldeler,1+1
25.000 TL,Manavgat,1+1
45.000 TL,Alanya,2+1
20.000 TL,Manavgat,Stüdyo (1+0)
23.000 TL,Konyaaltı/Merkez,1+1
49.000 TL,Alanya/Beldeler,2+1
28.000 TL,Alanya/Beldeler,2+1
30.000 TL,Kaş/Kalkan,2+1
28.000 TL,Kepez/Ahatlı,2+1
27.000 TL,Manavgat,1+1
25.000 TL,Alanya,1+1
24.999 TL,Konyaaltı/Merkez,1+1
40.000 TL,Serik/Belek,3+1
25.000 TL,Kepez/Ahatlı,2+1
30.000 TL,Kepez/Duraliler,2+1
24.500 TL,Muratpaşa/Lara,1+1
25.000 TL,Alanya,2+1
27.000 TL,Manavgat,1+1
23.000 TL,Manavgat,1+1
23.000 TL,Kepez/Dokuma,1+1
40.000 TL,Kepez/Köyler,3+1
25.000 TL,Kepez/Ahatlı,3+1
23.000 TL,SerikBelek,3+1
27.000 TL,Alanya,2+1
25.000 TL,Alanya,2+1
15.000 TL,Kepez/Sütçüler,1+1
25.000 TL,Kepez/Erenköy,3+1
24.000 TL,Muratpaşa/Meltem,1+1
33.000 TL,Manavgat,2+1
55.000 TL,Muratpaşa/Lara,3+1
37.000 TL,Finike,1.5+1
25.000 TL,Muratpaşa/Eskisanayi,2+1
35.000 TL,Muratpaşa/Fener,2+1
15.000 TL,Kepez/Duraliler,Stüdyo (1+0)
15.000 TL,Kepez/Duraliler,1+1
20.000 TL,Manavgat,Stüdyo (1+0)
22.000 TL,Kepez/Erenköy,1+1
40.000 TL,Kaş,2+1
35.000 TL,Finike/Beldeler,3+1
18.000 TL,Kepez/Ahatlı,1+1
30.000 TL,Muratpaşa/Lara,1+1
27.000 TL,Kepez/Ahatlı,2+1
22.000 TL,Kepez/Duraliler,1+1
26.000 TL,Muratpaşa/Yenigün,1+1
35.000 TL,Manavgat,3+1
45.000 TL,Muratpaşa/Lara,2+1
50.000 TL,Muratpaşa/Lara,3+1
24.000 TL,Muratpaşa/Meltem,1+1
32.000 TL,Konyaaltı/Merkez,2+1
30.000 TL,Manavgat,2+1
25.000 TL,Manavgat,2+1
19.000 TL,Muratpaşa/Kızıltoprak,1+1
30.000 TL,Manavgat,2+1
25.000 TL,Konyaaltı/Merkez,1+1
17.000 TL,Kepez/Ahatlı,1+1
27.000 TL,Manavgat,1.5+1
17.000 TL,Kumluca/Köyler,2+1
35.000 TL,Manavgat,1+1
8.500 TL,Kepez/Duraliler,2+0
55.000 TL,Serik/Belek,1+1
20.000 TL,MuratpaşaLara,1+1
17.500 TL,Manavgat,1+1
48.000 TL,Alanya,4+1
25.000 TL,Kepez/Ahatlı,1+1
38.000 TL,Alanya,2+1
29.000 TL,Konyaaltı/Arapsuyu,2+1
50.000 TL,Muratpaşa/Fener,2+1
19.000 TL,Kepez/Ahatlı,1+1
42.000 TL,Muratpaşa/Lara,2+1
35.000 TL,Muratpaşa/Lara,2+1
60.000 TL,Muratpaşa/Fener,1+1
20.000 TL,Kepez/Ahatlı,2+1
45.000 TL,Serik/Belek,3+1
20.000 TL,Alanya/Beldeler,1+1
19.500 TL,Kepez/Erenköy,1+1
28.000 TL,Konyaaltı/Merkez,1+1
25.000 TL,Alanya/Beldeler,1+1
28.000 TL,Muratpaşa/Lara,1+1
25.000 TL,Kepez/Düdenbaşı,2+1
16.000 TL,Kepez/Ahatlı,1+1
27.000 TL,Konyaaltı/Merkez,1+1
110.000 TL,Konyaaltı/Arapsuyu,2+1
20.000 TL,Kepez/Duraliler,2+1
23.000 TL,Alanya/Beldeler,2+1
24.999 TL,Muratpaşa/Eskisanayi,2+1
20.000 TL,Finike/Beldeler,1+1
17.500 TL,Kepez/Ahatlı,1+1
15.000 TL,Kepez/Erenköy,1+1
14.000 TL,Kepez/Ahatlı,1+1
22.000 TL,Serik/Belek,2+1
33.000 TL,Muratpaşa/Lara,1+1
21.000 TL,Kepez/Ahatlı,2+1
40.000 TL,Muratpaşa/Lara,2+1
25.000 TL,Kemer/Göynük,1+1
15.000 TL,Kepez/Ahatlı,2+0
20.000 TL,Kepez/Ahatlı,2+0
19.000 TL,Kepez/Ahatlı,1+1
18.000 TL,Kepez/Ahatlı,1+1
16.000 TL,Döşemealtı/Merkez,1+1
23.500 TL,Kepez/Duraliler,2+0
22.000 TL,KepezDuraliler,1+1
18.000 TL,Kepez/Ahatlı,2+0
20.000 TL,Kemer,1+1
22.000 TL,Kepez/Duraliler,1+1
21.499 TL,Kepez/Ahatlı,2+1
24.000 TL,Kepez/Ahatlı,1+1
25.000 TL,Muratpaşa/Gençlik,1+1
15.000 TL,Kemer,1+1
24.000 TL,Kepez/Yeniemek,2+1
18.000 TL,Manavgat,1+1
22.000 TL,Manavgat,2+1
13.500 TL,Kepez/Ahatlı,Stüdyo (1+0)
15.500 TL,Kepez/Sütçüler,1+1
21.500 TL,Kepez/Ahatlı,2+0
24.000 TL,Kaş,3+1
30.000 TL,Manavgat/Ilıca,2+1
25.000 TL,Kepez/Erenköy,2+1
23.000 TL,Kepez/Ahatlı,2+1
22.000 TL,Kumluca,1+1
20.000 TL,Manavgat,Stüdyo (1+0)
8.000 TL,Alanya,1+1
31.000 TL,Muratpaşa/Lara,2+1
24.000 TL,Muratpaşa/Lara,1+1
15.000 TL,Manavgat,1+1
26.500 TL,Muratpaşa/Gençlik,1+1
40.000 TL,Manavgat,2+1
15.000 TL,Kepez/Ahatlı,1+1
20.000 TL,Konyaaltı/Merkez,Stüdyo (1+0)
20.000 TL,Döşemealtı/Yeniköy,1+1
40.000 TL,Konyaaltı/Arapsuyu,2+1
23.450 TL,Kepez/Ahatlı,1+1
26.000 TL,KepezDuraliler,2+1
17.000 TL,Manavgat,1+1
20.000 TL,Kepez/Erenköy,3+1
15.000 TL,Alanya,1+1
27.000 TL,Muratpaşa/Eskisanayi,1+1
20.000 TL,Muratpaşa/Meltem,1+1
28.000 TL,Alanya/Beldeler,2+1
18.000 TL,Kepez/Ahatlı,2+0
15.900 TL,Manavgat,1+1
26.000 TL,Muratpaşa/Lara,1+1
30.000 TL,Serik/Belek,2+1
70.000 TL,Kaş/Köyler,2+1
31.500 TL,Kepez/Varsak,2+1
20.000 TL,Kepez/Duraliler,2+0
14.000 TL,Muratpaşa/Meltem,Stüdyo (1+0)
38.500 TL,Konyaaltı/Arapsuyu,1+1
20.000 TL,Kepez/Ahatlı,1+1
17.000 TL,Kepez/Ahatlı,1+1
19.500 TL,Muratpaşa/Eskisanayi,1+1
17.000 TL,Kepez/Duraliler,1+1
31.000 TL,Alanya,2+1
21.000 TL,Alanya/Beldeler,1+1
21.000 TL,Alanya,1+1
18.000 TL,MuratpaşaYenigün,1+1
52.000 TL,Konyaaltı/Merkez,2+1
16.000 TL,Alanya/Köyler,1+1
20.000 TL,Kepez/Ahatlı,1+1
25.000 TL,Muratpaşa/Yenigün,2+1
18.000 TL,Alanya,1+1
45.000 TL,Alanya,5+1
22.000 TL,Kepez/Ahatlı,1+1
20.000 TL,Kepez/Ahatlı,1+1
27.000 TL,Kepez/Varsak,2+1
19.000 TL,Kepez/Yeniemek,1+1
18.000 TL,Kepez/Ahatlı,1+1
22.000 TL,Kumluca,2+1
18.000 TL,Kepez/Duraliler,1+1
20.000 TL,Alanya,Stüdyo (1+0)
17.000 TL,Döşemealtı/Merkez,1+1
38.500 TL,Konyaaltı/Arapsuyu,1+1
25.000 TL,Konyaaltı/Merkez,1+1
33.000 TL,Muratpaşa/Lara,1+1
9.000 TL,Konyaaltı/Arapsuyu,2+0
17.000 TL,Kepez/Ahatlı,2+0
25.000 TL,Gazipaşa,2+1
12.000 TL,Kepez/Ahatlı,2+0
15.000 TL,Kepez/Ahatlı,1+1
19.000 TL,Kepez/Ahatlı,2+0
35.000 TL,Manavgat,2+1
23.000 TL,Kepez/Ahatlı,1+1
45.000 TL,Manavgat/Ilıca,4+1
14.000 TL,Kepez/Ahatlı,Stüdyo (1+0)
24.000 TL,Alanya,2+1
25.000 TL,Alanya,1+1
24.000 TL,Kepez/Ahatlı,2+1
12.000 TL,Kepez/Ahatlı,Stüdyo (1+0)
11.000 TL,Kepez/Ahatlı,Stüdyo (1+0)
23.000 TL,Manavgat/Köyler,2+1
24.500 TL,Kepez/Ahatlı,1+1
20.000 TL,Muratpaşa/Meltem,1+1
20.000 TL,Döşemealtı/Yeşilbayır,1+1
14.000 TL,Kepez/Ahatlı,1+1
20.000 TL,Kepez/Ahatlı,2+0
35.000 TL,Alanya,1+1
65.000 TL,Serik/Belek,3+1
18.000 TL,Kepez/Ahatlı,2+0
23.000 TL,Manavgat/Ilıca,1+1
21.000 TL,Kepez/Ahatlı,2+0
22.500 TL,Muratpaşa/Meltem,1+1
33.000 TL,Alanya,2+1
16.000 TL,Kepez/Ahatlı,Stüdyo (1+0)
21.000 TL,Kepez/Ahatlı,1+1
23.000 TL,Kepez/Erenköy,1+1
36.000 TL,Muratpaşa/Yenigün,2+1
28.000 TL,Konyaaltı/Merkez,1+1
17.000 TL,Konyaaltı/Merkez,Stüdyo (1+0)
19.000 TL,Finike,1+1
19.000 TL,Alanya,1+1
25.000 TL,Kepez/Varsak,2+1
15.500 TL,Kepez/Duraliler,Stüdyo (1+0)
50.000 TL,Muratpaşa/Lara,2+1
40.000 TL,Kemer/Tekirova,2+1
32.000 TL,Alanya,1+1
30.000 TL,Kemer/Tekirova,1+1
18.000 TL,Kepez/Ahatlı,2+0
20.000 TL,Kepez/Ahatlı,2+1
36.500 TL,Manavgat,2+1
24.000 TL,Kepez/Duraliler,2+1
33.000 TL,Muratpaşa/Lara,1+1
32.000 TL,Kepez/Sütçüler,3+1
20.000 TL,Kepez/Ahatlı,1+1
17.500 TL,Kepez/Ahatlı,1+1
25.000 TL,Alanya,1+1
20.000 TL,Kepez/Ahatlı,1+1
22.000 TL,Manavgat,1+1
18.000 TL,Manavgat,1+1
20.000 TL,Manavgat,2+1
23.000 TL,Alanya,1+1
12.000 TL,Kepez/Ahatlı,Stüdyo (1+0)
28.000 TL,Kepez/Sütçüler,2+1
16.000 TL,Kaş/Köyler,1+1
15.000 TL,Kepez/Ahatlı,2+0
27.000 TL,Muratpaşa/Yenigün,1+1
25.000 TL,Manavgat,1+1
20.000 TL,Muratpaşa/Lara,1+1
24.000 TL,Kepez/Ahatlı,2+1
22.000 TL,Kepez/Ahatlı,1+1
20.000 TL,KepezAhatlı,2+1
35.000 TL,Konyaaltı/Arapsuyu,1+1
35.000 TL,Muratpaşa/Eskisanayi,2+1
18.500 TL,Kepez/Erenköy,1+1
24.000 TL,Alanya,2+1
35.000 TL,Konyaaltı/Merkez,3+2
16.000 TL,Manavgat,Stüdyo (1+0)
30.000 TL,Alanya,2+1
20.000 TL,Finike/Beldeler,3+1
22.000 TL,Alanya,2+1
30.000 TL,Alanya,3+1
22.000 TL,Manavgat,2+1
33.000 TL,Muratpaşa/Lara,2+1
33.500 TL,Muratpaşa/Lara,2+1
15.000 TL,Muratpaşa/Fener,Stüdyo (1+0)
52.500 TL,Konyaaltı/Arapsuyu,3+1
30.000 TL,Serik/Belek,1+1
25.000 TL,Alanya,3+1
20.000 TL,Konyaaltı/Doyran,2+1
37.000 TL,Finike,2+1
26.500 TL,Alanya,2+1
30.000 TL,Manavgat,2+1
17.000 TL,Konyaaltı/Arapsuyu,1+1
21.500 TL,Alanya,1+1
24.250 TL,Muratpaşa/Fener,2+1
90.000 TL,Konyaaltı/Arapsuyu,3+2
30.000 TL,Konyaaltı/Arapsuyu,1+1
17.000 TL,Manavgat,1+1
28.000 TL,Manavgat,1+1
20.000 TL,Alanya/Beldeler,2+1
27.000 TL,Muratpaşa/Meltem,3+1
40.000 TL,Muratpaşa/Eskisanayi,3+1
21.000 TL,Alanya,2+1
25.000 TL,Alanya,3+1
36.500 TL,Konyaaltı/Arapsuyu,3+1
160.000 TL,Serik/Belek,Stüdyo (1+0)
20.000 TL,Alanya,2+1
22.000 TL,Alanya,2+1
25.000 TL,Muratpaşa/Lara,1+1
23.500 TL,Muratpaşa/Eskisanayi,2+1
27.500 TL,Alanya,2+1
20.000 TL,Serik/Belek,2+1
23.000 TL,Alanya,1+1
40.000 TL,Muratpaşa/Lara,2+1
30.000 TL,Konyaaltı/Arapsuyu,1+1
23.000 TL,Kumluca,2+1
25.000 TL,Kepez/Erenköy,3+1
35.000 TL,Muratpaşa/Fener,1+1
16.500 TL,Kepez/Duraliler,1+1
45.000 TL,Muratpaşa/Lara,3+1
40.000 TL,Aksu/Köyler,4+2
22.000 TL,Muratpaşa/Çarşı,3+1
13.000 TL,Kepez/Duraliler,1+1
25.000 TL,Alanya,2+1
60.000 TL,Muratpaşa/Lara,2+1
25.000 TL,Alanya,2+1
27.000 TL,Alanya,2+1
25.000 TL,Alanya,2+1
40.000 TL,Muratpaşa/Lara,2+1
32.000 TL,Muratpaşa/Fener,1+1
24.000 TL,Konyaaltı/Merkez,1+1
23.000 TL,Kepez/Yeniemek,2+1
24.000 TL,Kepez/Yeniemek,3+1
27.000 TL,Kepez/Dokuma,2+1
22.000 TL,Alanya,2+1
30.000 TL,Muratpaşa/Fener,1+1
49.000 TL,Muratpaşa/Fener,1+1
14.000 TL,Kumluca,1.5+1
20.000 TL,Manavgat,1+1
18.000 TL,Alanya,1+1
14.500 TL,Alanya/Beldeler,1+1
20.000 TL,Elmalı,3+1
49.000 TL,KonyaaltıArapsuyu,2+1
23.900 TL,Kepez/Duraliler,2+1
35.000 TL,Muratpaşa/Lara,3+1
25.000 TL,Kepez/Ahatlı,2+1
20.000 TL,Kepez/Duraliler,2+1
26.000 TL,Muratpaşa/Çarşı,1+1
27.500 TL,Manavgat,1+1
50.000 TL,Konyaaltı/Arapsuyu,2+1
39.500 TL,Muratpaşa/Çarşı,2+1
32.000 TL,Muratpaşa/Lara,2+1
30.000 TL,Serik/Belek,2+1
17.500 TL,Kemer/Tekirova,Stüdyo (1+0)
30.000 TL,Serik/Belek,2+1
22.500 TL,Kepez/Yeniemek,2+1
25.000 TL,Manavgat,1+1
22.000 TL,Kepez/Duraliler,2+1
30.000 TL,Alanya,2+1
20.000 TL,Muratpaşa/Meltem,1+1
20.000 TL,Manavgat,1+1
20.000 TL,Muratpaşa/Çarşı,1+1
17.000 TL,Muratpaşa/Meltem,1+1
29.000 TL,Alanya,1+1
23.000 TL,Kepez/Duraliler,2+1
22.000 TL,Aksu,2+1
25.000 TL,Kepez/Duraliler,2+1
15.000 TL,Manavgat,1+1
34.000 TL,Alanya,3+1
60.000 TL,Muratpaşa/Fener,4+1
38.000 TL,Manavgat/Ilıca,2+1
40.000 TL,Kaş,1+1
22.000 TL,Serik/Belek,1+1
15.000 TL,Finike,3+1
25.000 TL,Konyaaltı/Arapsuyu,2+1
17.250 TL,Muratpaşa/Fener,Stüdyo (1+0)
8.500 TL,Konyaaltı/Arapsuyu,Stüdyo (1+0)
20.000 TL,Alanya/Beldeler,2+1
25.000 TL,Kepez/Ahatlı,2+1
35.000 TL,Alanya,2+1
20.000 TL,Alanya/Beldeler,2+1
18.500 TL,Kepez/Ahatlı,Stüdyo (1+0)
25.000 TL,Konyaaltı/Merkez,2+1
22.000 TL,Kepez/Duraliler,3+1
25.000 TL,Konyaaltı/Arapsuyu,1+1
20.000 TL,Alanya,2+1
33.000 TL,Alanya,3+1
55.000 TL,Konyaaltı/Arapsuyu,2+1
25.000 TL,Alanya,2+1
38.000 TL,Muratpaşa/Fener,2+1
25.500 TL,Muratpaşa/Meltem,1+1
20.000 TL,Muratpaşa/Gençlik,1+1
15.000 TL,Döşemealtı/Merkez,1+1
19.000 TL,Kepez/Duraliler,1+1
25.000 TL,Kepez/Duraliler,2+1
20.000 TL,Muratpaşa/Lara,1+1
15.000 TL,Alanya,1+1
21.500 TL,Kepez/Dokuma,2+1
35.000 TL,Konyaaltı/Merkez,2+1
24.000 TL,Kepez/Ahatlı,1+1
25.000 TL,Alanya,1+1
17.000 TL,Alanya,2+1
32.500 TL,Muratpaşa/Yenigün,2+1
25.000 TL,Serik,1+1
35.000 TL,Alanya/Beldeler,2+1
30.000 TL,Manavgat/Çolaklı,3+1
45.000 TL,Muratpaşa/Fener,2+1
24.000 TL,Muratpaşa/Meltem,2+1
16.000 TL,Muratpaşa/Bahçelievler,1+1
25.000 TL,Alanya,2+1
20.000 TL,Muratpaşa/Çarşı,1+1
30.000 TL,Konyaaltı/Arapsuyu,3+1
22.500 TL,Manavgat,1+1
21.500 TL,Kepez/Duraliler,2+1
17.500 TL,Serik,1+1
30.000 TL,Konyaaltı/Arapsuyu,2+1
33.000 TL,Muratpaşa/Fener,2+1
35.000 TL,Kemer,1+1
29.000 TL,Kepez/Ahatlı,2+1
12.000 TL,Muratpaşa/Meltem,Stüdyo (1+0)
18.000 TL,Demre/Kale(Demre),3+1
25.000 TL,Manavgat,1+1
25.000 TL,Finike/Beldeler,3+1
30.000 TL,Finike/Beldeler,3+1
12.500 TL,Kemer/Göynük,Stüdyo (1+0)
26.000 TL,Konyaaltı/Arapsuyu,1+1
25.000 TL,Muratpaşa/Eskisanayi,4+1
17.000 TL,Kepez/Ahatlı,1+1
12.500 TL,Muratpaşa/Eskisanayi,Stüdyo (1+0)
19.000 TL,Muratpaşa/Yenigün,1+1
25.000 TL,Muratpaşa/Eskisanayi,2+1
30.000 TL,Muratpaşa/Fener,1+1
35.000 TL,Manavgat,Stüdyo (1+0)
25.000 TL,KonyaaltıArapsuyu,2+1
75.000 TL,Muratpaşa/Fener,4+1
75.000 TL,Konyaaltı/Arapsuyu,1+1
25.000 TL,Kepez/Dokuma,2+1
17.000 TL,Kepez/Dokuma,1+1
12.500 TL,Kemer/Göynük,Stüdyo (1+0)
25.000 TL,Kemer/Göynük,1+1
15.000 TL,Alanya,1+1
40.000 TL,Manavgat,3+1
18.000 TL,Kepez/Varsak,2+1
25.000 TL,Kepez/Duraliler,2+1
40.000 TL,Konyaaltı/Arapsuyu,3+1
12.500 TL,MuratpaşaEskisanayi,2+1
22.000 TL,Alanya,2+1
20.000 TL,Manavgat,2+1
22.000 TL,Muratpaşa/Eskisanayi,1+1
25.000 TL,Serik/Belek,1+1
27.000 TL,Alanya,2+1
9.500 TL,Kepez/Duraliler,Stüdyo (1+0)
25.000 TL,Alanya,2+1
30.000 TL,Kemer,1+1
33.000 TL,Muratpaşa/Lara,2+1
30.000 TL,Muratpaşa/Lara,2+1
20.000 TL,Kepez/Dokuma,1+1
10.000 TL,Muratpaşa/Yenigün,Stüdyo (1+0)
24.000 TL,Muratpaşa/Lara,1+1
20.000 TL,Muratpaşa/Fener,Stüdyo (1+0)
26.000 TL,Muratpaşa/Eskisanayi,2+1
9.500 TL,Konyaaltı/Arapsuyu,Stüdyo (1+0)
45.000 TL,Muratpaşa/Gençlik,1+1
21.000 TL,Finike/Beldeler,3+1
30.000 TL,Konyaaltı/Arapsuyu,1+1
27.000 TL,Konyaaltı/Merkez,2+1
30.000 TL,Konyaaltı/Arapsuyu,2+1
20.000 TL,Manavgat,1+1
28.000 TL,Muratpaşa/Gençlik,2+1
18.000 TL,Kepez/Sütçüler,1+1
45.000 TL,Muratpaşa/Güzeloluk,3+1
60.000 TL,Muratpaşa/Meltem,3+1
20.000 TL,Kepez/Duraliler,2+0
45.000 TL,Konyaaltı/Arapsuyu,2+1
28.000 TL,MuratpaşaGençlik,1+1
60.000 TL,Konyaaltı/Arapsuyu,1+1
32.000 TL,Manavgat,3+1
16.000 TL,Manavgat,Stüdyo (1+0)
60.000 TL,Muratpaşa/Meltem,3+1
17.000 TL,Alanya/Beldeler,3+1
19.000 TL,Muratpaşa/Lara,2+0
25.000 TL,Muratpaşa/Bahçelievler,3+1
18.750 TL,Manavgat,2+1
13.500 TL,Alanya/Beldeler,2+1
21.000 TL,Alanya,1+1
17.000 TL,Manavgat,Stüdyo (1+0)
25.000 TL,Kemer,2+1
35.000 TL,Muratpaşa/Eskisanayi,3+1
12.000 TL,Manavgat,Stüdyo (1+0)
25.000 TL,Muratpaşa/Güzeloluk,1+1
25.000 TL,Kemer/Tekirova,1+1
19.000 TL,Muratpaşa/Gençlik,1+1
30.000 TL,Konyaaltı/Merkez,2+1
10.000 TL,Kepez/Duraliler,Stüdyo (1+0)
10.000 TL,Muratpaşa/Bahçelievler,Stüdyo (1+0)
11.500 TL,Kepez/Duraliler,Stüdyo (1+0)
10.000 TL,Kepez/Duraliler,2+1
17.000 TL,Muratpaşa/Bahçelievler,1+1
20.000 TL,Alanya,2+1
10.000 TL,Muratpaşa/Çarşı,Stüdyo (1+0)
17.000 TL,Serik/Belek,10 Üzeri
45.000 TL,Konyaaltı/Arapsuyu,2+1
23.500 TL,Kepez/Duraliler,2+1
27.500 TL,Muratpaşa/Meltem,3+1
20.000 TL,Kepez/Duraliler,3+1
25.000 TL,Alanya,2+1
22.000 TL,Kumluca,3+1
23.000 TL,Alanya,2+1
29.000 TL,Muratpaşa/Yenigün,3+1
50.000 TL,Muratpaşa/Lara,2+1
24.000 TL,Kemer,Stüdyo (1+0)
18.000 TL,Muratpaşa/Bahçelievler,1+1
35.000 TL,Alanya/Beldeler,3+1
49.000 TL,Alanya,2+1
40.000 TL,Konyaaltı/Arapsuyu,2+1
22.000 TL,Kepez/Dokuma,1+1
50.000 TL,KepezDokuma,1+1
22.000 TL,Muratpaşa/Çarşı,2+1
25.000 TL,Muratpaşa/Çarşı,1+1
18.250 TL,Manavgat,1+1
26.000 TL,Manavgat,1+1
20.950 TL,Muratpaşa/Meltem,2+0
35.000 TL,Muratpaşa/Yenigün,3+1
15.000 TL,Manavgat/Köyler,1+1
32.000 TL,Konyaaltı/Arapsuyu,1+1
26.000 TL,Kaş,1+1
25.000 TL,Kaş/Köyler,2+1
35.000 TL,Alanya/Beldeler,2+1
125.000 TL,Muratpaşa/Fener,5+1
32.000 TL,Muratpaşa/Bahçelievler,Stüdyo (1+0)
35.000 TL,Muratpaşa/Fener,3+1
28.000 TL,Kepez/Dokuma,2+1
22.500 TL,Finike,2+0
27.000 TL,Finike/Beldeler,3+1
15.500 TL,Muratpaşa/Gençlik,Stüdyo (1+0)
30.000 TL,Konyaaltı/Arapsuyu,1+1
30.000 TL,Konyaaltı/Arapsuyu,2+1
18.500 TL,Alanya,2+1
35.000 TL,Muratpaşa/Gençlik,3+1
45.000 TL,Muratpaşa/Fener,2+1
20.000 TL,Alanya,2+1
35.000 TL,Alanya,2+1
35.000 TL,Alanya,2+1
27.000 TL,Kumluca,2+1
30.000 TL,Kepez/Dokuma,3+1
33.000 TL,Muratpaşa/Fener,2+1
27.000 TL,Kemer,1+1
45.000 TL,MuratpaşaFener,2+1
30.000 TL,Finike,2+1
16.000 TL,Alanya,2+1
50.000 TL,Kaş,2+1
18.000 TL,Muratpaşa/Bahçelievler,1+1
19.250 TL,Muratpaşa/Fener,1+1
37.000 TL,Muratpaşa/Çarşı,2+1
28.000 TL,Muratpaşa/Güzeloluk,2+1
35.000 TL,Manavgat,4+1
30.000 TL,Muratpaşa/Fener,2+1
30.000 TL,Kemer/Göynük,2+1
35.000 TL,Muratpaşa/Bahçelievler,2+1
22.000 TL,Manavgat,2+1
45.000 TL,Muratpaşa/Fener,2+1
25.000 TL,Kemer,1+1
43.000 TL,Muratpaşa/Gençlik,2+1
25.000 TL,Kepez/Duraliler,2+1
44.000 TL,Konyaaltı/Arapsuyu,3+1
18.000 TL,Konyaaltı/Arapsuyu,Stüdyo (1+0)
25.000 TL,Alanya,2+1
20.000 TL,MuratpaşaLara,2+1
20.000 TL,Muratpaşa/Bahçelievler,1+1
60.000 TL,Muratpaşa/Lara,2+1
50.000 TL,Manavgat/Ilıca,4+1
32.500 TL,Kepez/Ahatlı,3+1
15.000 TL,Muratpaşa/Bahçelievler,1+1
35.000 TL,Muratpaşa/Çarşı,1+1
45.000 TL,Muratpaşa/Bahçelievler,3+1
15.000 TL,Alanya,1+1
33.000 TL,Alanya,2+1
25.000 TL,Muratpaşa/Lara,2+1
30.000 TL,Muratpaşa/Kızıltoprak,3+1
22.500 TL,Muratpaşa/Gençlik,1+1
15.000 TL,Kemer/Göynük,Stüdyo (1+0)
17.000 TL,Muratpaşa/Çarşı,1+1
18.000 TL,Kumluca,3+1
27.000 TL,Manavgat,2+1
18.000 TL,Muratpaşa/Bahçelievler,1+1
12.500 TL,Kemer/Göynük,Stüdyo (1+0)
41.000 TL,Muratpaşa/Lara,3+1
25.000 TL,Muratpaşa/Eskisanayi,3+1
60.000 TL,Muratpaşa/Meltem,3+1
45.000 TL,Kaş,1+1
25.000 TL,Finike/Beldeler,3+1
9.999 TL,Kemer/Göynük,Stüdyo (1+0)
30.000 TL,Kemer,2+1
32.500 TL,Muratpaşa/Bahçelievler,3+1
25.000 TL,Kepez/Ahatlı,3+1
18.500 TL,KemerGöynük,2+1
23.500 TL,Alanya,1+1
27.000 TL,Muratpaşa/Merkez,2+1
33.000 TL,Manavgat,3+1
22.000 TL,Kepez/Duraliler,1+1
18.500 TL,Manavgat,2+1
25.000 TL,Kemer/Göynük,1.5+1
14.000 TL,Muratpaşa/Eskisanayi,Stüdyo (1+0)
23.500 TL,Kepez/Duraliler,2+1
19.000 TL,Muratpaşa/Gençlik,1+1
16.750 TL,Muratpaşa/Meltem,2+1
25.000 TL,Manavgat,3+1
30.000 TL,Manavgat,1+1
15.000 TL,Alanya,1+1
16.000 TL,Alanya,1+1
26.000 TL,Muratpaşa/Meltem,2+1
43.000 TL,Konyaaltı/Arapsuyu,2+1
25.000 TL,Kepez/Yeniemek,2+1
35.000 TL,Muratpaşa/Eskisanayi,3+1
16.000 TL,MuratpaşaEskisanayi,1+1
29.000 TL,Muratpaşa/Bahçelievler,2+1
21.500 TL,Alanya,1+1
23.000 TL,Muratpaşa/Gençlik,1+1
22.000 TL,Alanya/Beldeler,1+1
16.500 TL,Muratpaşa/Gençlik,1+1
20.000 TL,Kepez/Dokuma,1+1
10.000 TL,Muratpaşa/Bahçelievler,Stüdyo (1+0)
12.500 TL,Muratpaşa/Gençlik,Stüdyo (1+0)
62.500 TL,MuratpaşaGençlik,3+1
15.000 TL,Manavgat,2+1
45.000 TL,Muratpaşa/Gençlik,3+1
25.000 TL,Alanya/Beldeler,2+1
27.000 TL,Muratpaşa/Bahçelievler,2+1
54.000 TL,Alanya,3+1
62.500 TL,Alanya,2+1
20.000 TL,Kepez/Dokuma,1+1
21.000 TL,Alanya,2+1
16.000 TL,Kepez/Dokuma,Stüdyo (1+0)
44.000 TL,Muratpaşa/Çarşı,3+1
10.000 TL,Muratpaşa/Gençlik,Stüdyo (1+0)
12.000 TL,Muratpaşa/Gençlik,Stüdyo (1+0)
20.000 TL,Alanya,1+1
28.000 TL,Muratpaşa/Çarşı,1+1
30.000 TL,Serik/Belek,1+1
25.000 TL,Alanya,3+1
25.000 TL,Alanya,2+1
30.000 TL,Muratpaşa/Meltem,3+1
18.500 TL,Muratpaşa/Çarşı,Stüdyo (1+0)
15.000 TL,Alanya,2+1
39.500 TL,Muratpaşa/Çarşı,2+1
23.000 TL,Manavgat,1+1
19.000 TL,Muratpaşa/Eskisanayi,1+1
19.500 TL,Alanya,2+1
25.000 TL,Kepez/Dokuma,2+1
50.000 TL,Kaş,2+1
25.000 TL,Muratpaşa/Çarşı,2+1
20.000 TL,Alanya,1+1
35.000 TL,Muratpaşa/Bahçelievler,3+1
18.500 TL,Manavgat,2+1
35.000 TL,Muratpaşa/Gençlik,2+1
40.000 TL,Muratpaşa/Meltem,2+1
22.000 TL,Muratpaşa/Eskisanayi,1+1
19.250 TL,Muratpaşa/Lara,Stüdyo (1+0)
25.000 TL,Muratpaşa/Çarşı,1+1
40.000 TL,Alanya,3+1
45.000 TL,Kemer,3+1
37.000 TL,Muratpaşa/Çarşı,3+1
20.000 TL,Muratpaşa/Çarşı,Stüdyo (1+0)
47.500 TL,Muratpaşa/Gençlik,3+1
15.500 TL,Finike,1+1
25.000 TL,Muratpaşa/Bahçelievler,2+1
23.000 TL,Finike,2+1
20.000 TL,Muratpaşa/Çarşı,1+1
20.000 TL,Muratpaşa/Bahçelievler,2+1
40.000 TL,Muratpaşa/Gençlik,2+1
24.000 TL,Manavgat,2+1
27.000 TL,Muratpaşa/Bahçelievler,2+1
37.000 TL,Konyaaltı/Arapsuyu,2+1
25.000 TL,Alanya,2+1
13.500 TL,Gazipaşa,2+1
40.000 TL,Konyaaltı/Arapsuyu,3+1
13.000 TL,Alanya,1+1
25.000 TL,Alanya,2+1
38.500 TL,Alanya,3+1
30.000 TL,Kepez/Dokuma,2+1
25.000 TL,Muratpaşa/Meltem,3+1
25.000 TL,Muratpaşa/Bahçelievler,2+1
52.500 TL,Muratpaşa/Fener,3+1
120.000 TL,Muratpaşa/Fener,7+1
20.000 TL,Muratpaşa/Gençlik,1+1
20.000 TL,Muratpaşa/Çarşı,Stüdyo (1+0)
20.000 TL,Kepez/Dokuma,1+1
45.000 TL,Muratpaşa/Bahçelievler,3+1
16.500 TL,Kepez/Dokuma,1+1
35.000 TL,Muratpaşa/Bahçelievler,2+1
23.000 TL,Kepez/Dokuma,3+1
20.000 TL,Alanya,1+1
25.000 TL,Muratpaşa/Gençlik,1+1
18.000 TL,Muratpaşa/Meltem,1+1
50.000 TL,Muratpaşa/Fener,3+1
25.000 TL,Muratpaşa/Eskisanayi,4+1
20.000 TL,Muratpaşa/Çarşı,Stüdyo (1+0)
22.000 TL,Alanya,1+1
25.000 TL,Manavgat,3+1
20.000 TL,Alanya,1+1
25.000 TL,Kepez/Dokuma,3+1
27.000 TL,Muratpaşa/Çarşı,1+1
55.000 TL,Muratpaşa/Fener,3+1
27.500 TL,Konyaaltı/Arapsuyu,1+1
30.000 TL,Muratpaşa/Gençlik,3+1
30.000 TL,KepezDokuma,1+1
50.000 TL,Muratpaşa/Gençlik,3+1
25.000 TL,Muratpaşa/Bahçelievler,2+1
20.000 TL,Kepez/Dokuma,1+1
75.000 TL,Muratpaşa/Bahçelievler,3+1
35.000 TL,Muratpaşa/Meltem,3+1
16.000 TL,Muratpaşa/Gençlik,1+1
25.000 TL,Muratpaşa/Çarşı,2+1
55.000 TL,Muratpaşa/Gençlik,3+1
27.500 TL,Muratpaşa/Gençlik,2+1
32.000 TL,Muratpaşa/Meltem,3+1
12.000 TL,Muratpaşa/Gençlik,Stüdyo (1+0)
12.500 TL,Muratpaşa/Gençlik,Stüdyo (1+0)
10.000 TL,Kepez/Ahatlı,Stüdyo (1+0)
33.000 TL,Muratpaşa/Yenigün,2+1
38.000 TL,Muratpaşa/Meltem,3+1
22.500 TL,Serik,3+1
89.900 TL,Muratpaşa/Gençlik,3+1
30.000 TL,Muratpaşa/Bahçelievler,3+1
20.000 TL,Finike,2+1
20.000 TL,Muratpaşa/Çarşı,1+1
35.000 TL,Muratpaşa/Bahçelievler,2+1
22.500 TL,Muratpaşa/Meltem,2+1
35.000 TL,Muratpaşa/Bahçelievler,2+1
32.500 TL,Muratpaşa/Gençlik,3+1
26.500 TL,Alanya,2+1
16.000 TL,Alanya,1+1
37.000 TL,Muratpaşa/Çarşı,4+1
25.000 TL,Muratpaşa/Gençlik,Stüdyo (1+0)
24.000 TL,Muratpaşa/Çarşı,2+1
19.000 TL,Kepez/Sütçüler,2+1
25.000 TL,Manavgat/Ilıca,1+1
42.000 TL,Aksu,2+1
25.000 TL,Aksu,1+1
50.000 TL,Aksu,4+1
18.000 TL,Aksu,1+1
16.000 TL,Aksu,1+1
15.000 TL,Alanya/Beldeler,1+1
17.000 TL,Kepez/Erenköy,1+1
25.000 TL,Aksu,1+1
13.500 TL,Alanya,1+1
16.000 TL,Alanya,1+1
16.000 TL,Aksu,1+1
20.000 TL,Kepez/Sütçüler,1+1
25.000 TL,AlanyaBeldeler,1+1
18.000 TL,Aksu,1+1
26.000 TL,Kepez/Erenköy,2+1
28.000 TL,Serik,2+1
25.600 TL,Aksu,2+1
20.000 TL,Aksu,1+1
26.500 TL,Aksu,2+1
30.000 TL,Serik/Belek,2+1
19.000 TL,Aksu,1+1
21.000 TL,Aksu,1+1
17.000 TL,Alanya/Beldeler,1+1
33.000 TL,Aksu,2+1
17.500 TL,Kepez/Erenköy,2+1
36.000 TL,Aksu,2+1
40.000 TL,Alanya,2+1
18.000 TL,Aksu,1+1
26.000 TL,Aksu,2+1
18.000 TL,KepezErenköy,2+1
18.000 TL,Aksu,1+1
35.000 TL,Serik,2+1
17.500 TL,Kepez/Sütçüler,1+1
18.000 TL,Aksu,1+1
30.000 TL,Alanya,1+1
15.000 TL,Alanya,1+1
15.000 TL,Alanya,1+1
25.000 TL,Aksu,2+1
40.000 TL,Aksu,3+1
22.500 TL,Aksu,2+1
24.000 TL,Aksu,2+1
25.000 TL,Aksu,2+1
18.750 TL,Aksu,1+1
18.500 TL,Aksu,1+1
17.500 TL,Aksu,1+1
15.000 TL,Aksu,1+1
17.000 TL,Aksu,1+1
19.000 TL,Kepez/Varsak,2+1
25.000 TL,Alanya/Beldeler,2+1
20.000 TL,Kepez/Erenköy,1+1
30.000 TL,Manavgat/Ilıca,2+1
20.000 TL,Aksu,1+1
11.000 TL,Gazipaşa,1+1
24.000 TL,Aksu,1+1
50.000 TL,Alanya/Beldeler,2+1
30.000 TL,Döşemealtı/Yeniköy,3+1
24.000 TL,Alanya,1+1
30.000 TL,Aksu,2+1
20.000 TL,Alanya/Beldeler,2+1
17.000 TL,Alanya,3+1
23.000 TL,Alanya/Beldeler,2+1
120.000 TL,Döşemealtı/Yeşilbayır,3+1
20.000 TL,Aksu,1+1
17.000 TL,Alanya,1+1
20.000 TL,Kepez/Merkez,1+1
30.000 TL,Kepez/Varsak,3+1
20.000 TL,Kepez/Düdenbaşı,1+1
17.000 TL,KepezSütçüler,1+1
17.000 TL,Döşemealtı/Merkez,1+1
25.000 TL,Kepez/Sütçüler,2+1
25.000 TL,Aksu,2+1
26.000 TL,Manavgat/Ilıca,2+1
26.000 TL,Kepez/Erenköy,2+1
17.500 TL,Gazipaşa,2+1
12.000 TL,Gazipaşa,1+1
33.000 TL,Alanya,2+1
20.000 TL,Kepez/Varsak,2+1
14.000 TL,Alanya,1+1
16.000 TL,Alanya,1+1
20.000 TL,Kepez/Düdenbaşı,1+1
30.000 TL,Alanya,2+1
22.000 TL,Kepez/Düdenbaşı,2+1
34.000 TL,Aksu,2+1
18.000 TL,Döşemealtı/Yeniköy,1+1
20.000 TL,Serik,1+1
17.000 TL,Kepez/Varsak,1+1
13.000 TL,Alanya,1+1
20.000 TL,Aksu,1+1
18.000 TL,Aksu,1+1
20.000 TL,Kepez/Düdenbaşı,1+1
23.000 TL,Aksu/Köyler,1+1
24.500 TL,Aksu,2+1
20.000 TL,Aksu,1+1
27.000 TL,Kepez/Sütçüler,2+1
9.500 TL,Gazipaşa,1+1
20.000 TL,Kepez/Varsak,1+1
20.000 TL,Kepez/Düdenbaşı,1+1
32.000 TL,Muratpaşa/Lara,1+1
18.000 TL,Aksu,1+1
26.000 TL,Alanya,2+1
28.000 TL,Alanya,2+1
15.000 TL,Alanya,1+1
32.000 TL,Aksu,2+1
20.000 TL,Aksu,1+1
30.000 TL,Aksu,2+1
30.000 TL,Aksu,2+1
23.000 TL,Kepez/Duraliler,2+1
23.000 TL,Alanya/Beldeler,1+1
23.000 TL,Alanya/Beldeler,1+1
17.000 TL,Aksu,1+1
16.000 TL,Döşemealtı/Merkez,1+1
30.000 TL,AlanyaBeldeler,1+1
15.000 TL,Alanya/Beldeler,1+1
20.000 TL,Alanya/Beldeler,2+1
25.000 TL,Aksu,2+1
30.000 TL,Aksu,1+1
18.000 TL,Aksu,1+1
19.500 TL,Aksu,1+1
16.000 TL,Döşemealtı/Merkez,1+1
20.000 TL,Kepez/Varsak,2+1
17.500 TL,Aksu,1+1
18.000 TL,Gazipaşa,2+1
23.000 TL,Kepez/Merkez,1+1
20.500 TL,Kepez/Varsak,1+1
14.999 TL,Alanya,2+1
27.500 TL,Aksu,2+1
17.500 TL,Alanya,1+1
36.000 TL,Aksu,2+1
25.000 TL,Serik/Belek,1+1
13.000 TL,Alanya,1+1
35.000 TL,Döşemealtı/Merkez,1+1
14.999 TL,Alanya/Beldeler,1+1
19.999 TL,Alanya/Beldeler,2+1
14.000 TL,Alanya,1+1
27.500 TL,Aksu,2+1
25.000 TL,Alanya/Beldeler,3+1
29.000 TL,Aksu,2+1
19.000 TL,Aksu,1+1
18.000 TL,Kepez/Erenköy,1+1
25.000 TL,Manavgat/Ilıca,1+1
18.000 TL,Aksu,1+1
25.000 TL,Aksu,1+1
39.000 TL,Kepez/Erenköy,3+1
16.000 TL,Kepez/Varsak,1+1
28.000 TL,Alanya,2+1
22.000 TL,Kepez/Varsak,2+1
40.000 TL,Aksu,2+1
25.000 TL,Aksu,1+1
20.000 TL,Aksu/Köyler,1+1
17.000 TL,Aksu,1+1
39.000 TL,Aksu,3+1
18.000 TL,Aksu,1+1
19.000 TL,Aksu,1+1
20.000 TL,Aksu,1+1
20.000 TL,Kepez/Erenköy,1+1
22.000 TL,Kepez/Erenköy,1+1
30.000 TL,Döşemealtı/Merkez,1+1
16.500 TL,Aksu,1+1
18.000 TL,Kepez/Varsak,1+1
20.000 TL,Aksu,1+1
18.000 TL,Kepez/Varsak,1+1
17.000 TL,Aksu,1+1
40.000 TL,Aksu,2+1
22.000 TL,Aksu,1+1
22.000 TL,Aksu,1+1
25.000 TL,Manavgat/Ilıca,2+1
29.000 TL,Manavgat/Ilıca,2+1
39.000 TL,Aksu,2+1
15.000 TL,Alanya/Beldeler,1+1
18.000 TL,Alanya,1+1
12.000 TL,Gazipaşa,1+1
35.000 TL,Serik,2+1
20.000 TL,Alanya,2+1
65.000 TL,Kepez/Merkez,4+1
28.000 TL,Alanya,2+1
27.000 TL,Döşemealtı/Yeniköy,2+1
27.000 TL,Döşemealtı/Yeniköy,2+1
27.000 TL,Döşemealtı/Yeniköy,2+1
28.000 TL,Aksu,2+1
48.000 TL,Aksu,3+1
27.000 TL,Aksu,2+1
24.000 TL,Aksu,2+1
17.000 TL,Aksu,1+1
25.000 TL,Manavgat/Ilıca,2+1
18.000 TL,Aksu,1+1
22.000 TL,Aksu,2+1
20.000 TL,Kepez/Varsak,2+1
15.000 TL,Alanya/Beldeler,2+1
19.500 TL,Aksu,1+1
25.000 TL,Aksu,2+1
17.000 TL,Aksu,1+1
25.000 TL,Aksu,2+1
25.000 TL,Aksu,2+1
28.000 TL,Kepez/Düdenbaşı,2+1
18.000 TL,Aksu,1+1
18.000 TL,Aksu,1+1
40.000 TL,Muratpaşa/Lara,1+1
20.000 TL,Aksu,1+1
19.000 TL,Aksu,1+1
19.000 TL,Döşemealtı/Yeniköy,1+1
19.500 TL,Kepez/Varsak,2+1
21.999 TL,Alanya,2+1
20.000 TL,Aksu,1+1
28.000 TL,Aksu,2+1
27.500 TL,Aksu,2+1
17.500 TL,Aksu,1+1
15.000 TL,Aksu,1+1
18.000 TL,Aksu,1+1
19.000 TL,AlanyaBeldeler,1+1
25.000 TL,Döşemealtı/Merkez,1+1
45.000 TL,Alanya/Beldeler,3+1
25.000 TL,Alanya,2+1
21.000 TL,Kepez/Varsak,2+1
12.000 TL,Gazipaşa,1+1
14.000 TL,Aksu,1+1
20.500 TL,Kepez/Varsak,2+1
15.000 TL,Alanya/Beldeler,2+1
18.000 TL,Aksu,1+1
35.000 TL,Kepez/Varsak,3+1
25.000 TL,Döşemealtı/Merkez,1+1
19.000 TL,Aksu,1+1
20.000 TL,Alanya,2+1
20.000 TL,Kepez/Merkez,1+1
30.000 TL,Kepez/Varsak,3+1
28.000 TL,Aksu,2+1
20.000 TL,Kepez/Varsak,2+1
15.000 TL,Aksu,1+1
37.000 TL,Aksu,4+1
14.000 TL,Alanya/Beldeler,1+1
20.000 TL,Serik,1+1
21.000 TL,Kepez/Düdenbaşı,2+1
32.500 TL,Kepez/Erenköy,3+1
20.500 TL,Kepez/Varsak,1+1
15.000 TL,Döşemealtı/Yeniköy,1+1
28.000 TL,Aksu,2+1
20.000 TL,Aksu,1+1
28.000 TL,Alanya/Beldeler,2+1
35.000 TL,Manavgat/Ilıca,2+1
30.000 TL,Manavgat/Ilıca,2+1
20.000 TL,Aksu,1+1
20.500 TL,Aksu,1+1
15.000 TL,Finike/Beldeler,1+1
20.000 TL,AlanyaBeldeler,2+1
15.000 TL,Alanya,1+1
22.000 TL,Kepez/Düdenbaşı,1+1
13.000 TL,Alanya/Beldeler,1+1
33.500 TL,Aksu,2+1
46.500 TL,Kepez/Varsak,3+1
31.500 TL,Aksu,2+1
16.500 TL,Aksu,1+1
16.500 TL,Aksu,1+1
20.000 TL,Döşemealtı/Yeniköy,2+1
30.000 TL,Aksu,1+1
39.000 TL,Aksu,2+1
18.500 TL,Kepez/Sütçüler,1+1
23.000 TL,Kepez/Varsak,2+1
16.000 TL,Finike/Beldeler,1+1
13.000 TL,Finike/Beldeler,1+1
35.000 TL,Aksu,2+1
30.000 TL,Manavgat/Ilıca,2+1
30.000 TL,Manavgat/Ilıca,2+1
21.000 TL,Kepez/Düdenbaşı,1+1
22.000 TL,Kepez/Düdenbaşı,1+1
35.000 TL,Aksu,2+1
26.000 TL,Aksu/Köyler,1+1
20.000 TL,Aksu,1+1
19.000 TL,Serik,1+1
25.000 TL,Manavgat/Ilıca,1+1
18.000 TL,Aksu,1+1
18.000 TL,Aksu,1+1
23.000 TL,Aksu,1+1
30.000 TL,Aksu,1+1
33.000 TL,Aksu,2+1
30.000 TL,ManavgatIlıca,1+1
20.000 TL,Kepez/Düdenbaşı,1+1
30.000 TL,Kepez/Düdenbaşı,2+1
23.000 TL,Alanya/Beldeler,1+1
19.000 TL,Aksu,1.5+1
17.000 TL,Aksu,1+1
25.000 TL,Aksu,2+1
20.000 TL,Serik,1+1
25.000 TL,Alanya,2+1
28.000 TL,Aksu,2+1
25.000 TL,Kepez/Düdenbaşı,1+1
30.000 TL,Manavgat/Ilıca,2+1
30.000 TL,Manavgat/Ilıca,2+1
35.000 TL,Manavgat/Ilıca,2+1
30.000 TL,Aksu,2+1
20.000 TL,Aksu,1+1
26.000 TL,Kepez/Düdenbaşı,2+1
22.000 TL,Finike/Beldeler,2+1
20.000 TL,Kepez/Merkez,1+1
35.000 TL,Döşemealtı/Merkez,3+1
17.000 TL,Aksu,1+1
24.000 TL,Alanya,2+1
17.000 TL,Aksu,1+1
23.000 TL,Aksu,1+1
26.000 TL,Kepez/Erenköy,2+1
65.000 TL,Kepez/Merkez,3+1
19.000 TL,Aksu,1+1
20.000 TL,Aksu,1+1
27.000 TL,Alanya,2+1
18.000 TL,KepezMerkez,2+1
23.000 TL,Kepez/Erenköy,2+1
25.000 TL,Aksu,1+1
15.000 TL,Alanya/Beldeler,1+1
18.000 TL,Kepez/Sütçüler,1+1
30.000 TL,Aksu,2+1
35.000 TL,Aksu,2+1
25.000 TL,Konyaaltı/Merkez,1+1
15.000 TL,Döşemealtı/Yeniköy,1+1
25.000 TL,Kepez/Yeniemek,1+1
50.000 TL,Aksu,3+1
26.000 TL,Aksu,1+1
20.000 TL,Aksu,1+1
38.500 TL,Aksu,1+1
25.000 TL,Aksu,1+1
60.000 TL,Aksu,3+1
40.000 TL,Aksu,2+1
40.000 TL,Manavgat/Ilıca,2+1
45.000 TL,Manavgat/Ilıca,3+1
18.000 TL,Aksu,1+1
30.000 TL,Aksu,2+1
22.000 TL,Kepez/Sütçüler,2+1
20.250 TL,Kepez/Sütçüler,2+1
17.250 TL,Döşemealtı/Yeniköy,1+1
20.000 TL,Aksu,1+1
35.000 TL,Aksu,3+1
25.000 TL,Aksu,2+1
15.000 TL,Döşemealtı/Yeniköy,1+1
43.500 TL,Konyaaltı/Arapsuyu,3+1
20.000 TL,Aksu,1+1
10.000 TL,Gazipaşa,1+1
25.000 TL,Aksu,1+1
25.000 TL,Döşemealtı/Merkez,1+1
25.000 TL,Döşemealtı/Merkez,1+1
21.000 TL,Kepez/Düdenbaşı,2+1
15.000 TL,Aksu,1+1
22.500 TL,Kepez/Düdenbaşı,1+1
17.000 TL,Alanya/Beldeler,1+1
16.500 TL,Alanya/Beldeler,1+1
20.000 TL,Aksu,1+1
16.000 TL,Aksu,1+1
18.000 TL,Aksu,1+1
16.000 TL,Alanya/Beldeler,1+1
30.000 TL,Kepez/Varsak,3+1
16.000 TL,Kepez/Sütçüler,1+1
17.000 TL,Alanya/Beldeler,1+1
14.000 TL,Alanya/Beldeler,1+1
20.000 TL,Alanya/Beldeler,1+1
25.000 TL,Döşemealtı/Yeniköy,2+1
16.000 TL,Döşemealtı/Merkez,1+1
27.000 TL,Aksu,2+1
41.000 TL,Aksu,2+1
12.500 TL,Alanya/Beldeler,1+1
35.000 TL,Aksu,2+1
17.000 TL,Aksu,1+1
25.000 TL,Aksu,1+1
21.000 TL,Aksu,1+1
19.000 TL,Aksu,1+1
35.000 TL,Kepez/Varsak,3+1
17.000 TL,Aksu,1+1
21.000 TL,Aksu,1+1
17.000 TL,Aksu,1+1
25.000 TL,Aksu,1+1
35.000 TL,Manavgat,2+1
12.000 TL,Alanya/Beldeler,1+1
16.000 TL,Kepez/Varsak,1+1
18.500 TL,Alanya,2+1
25.000 TL,Aksu,2+1
16.500 TL,Aksu,1+1
15.000 TL,Alanya,1+1
20.000 TL,Alanya,2+1
35.000 TL,Aksu,4+1
32.000 TL,Manavgat/Ilıca,1+1
20.000 TL,Alanya/Beldeler,2+1
27.000 TL,Kepez/Sütçüler,2+1
15.000 TL,Alanya/Beldeler,2+1
20.000 TL,Gazipaşa,2+1
25.000 TL,Aksu,1+1
16.000 TL,Alanya/Beldeler,1+1
14.000 TL,Alanya,1+1
23.000 TL,Aksu,1+1
17.000 TL,Aksu,1+1
20.000 TL,Aksu,1+1
20.000 TL,Aksu,1+1
18.000 TL,Alanya,1+1
15.000 TL,Alanya,1+1
21.000 TL,Kepez/Sütçüler,2+1
25.000 TL,Aksu,1+1
30.000 TL,Aksu,2+1
29.000 TL,Alanya/Beldeler,2+1
18.500 TL,Aksu,1+1
28.000 TL,Aksu,2+1
20.000 TL,Aksu,1+1
17.000 TL,Alanya,2+1
14.000 TL,Aksu,1+1
18.000 TL,Alanya,1+1
20.000 TL,Aksu,1+1
18.000 TL,Aksu,1+1
23.000 TL,Kepez/Varsak,2+1
18.000 TL,Kepez/Merkez,1+1
20.000 TL,Döşemealtı/Yeniköy,2+1
12.000 TL,Gazipaşa,1+1
20.000 TL,Alanya/Beldeler,1+1
29.000 TL,Aksu,2+1
19.000 TL,Aksu,1+1
18.000 TL,Aksu,1+1
32.000 TL,Aksu,2+1
14.000 TL,Alanya,1+1
20.000 TL,Alanya,1+1
30.000 TL,Aksu,2+1
12.000 TL,Alanya,1+1
25.000 TL,Aksu,2+1
33.000 TL,Aksu,3+1
29.000 TL,Aksu,2+1
11.500 TL,Alanya,1+1
13.000 TL,Alanya/Beldeler,1+1
25.000 TL,Aksu,2+1
65.000 TL,Aksu,3+1
32.000 TL,Aksu,2+1
28.000 TL,Aksu,2+1
35.000 TL,Alanya/Beldeler,2+1
13.000 TL,Alanya/Beldeler,1+1
23.000 TL,Alanya,2+1
29.000 TL,Kepez/Sütçüler,2+1
15.000 TL,Alanya,1+1
16.000 TL,Aksu,1+1
21.000 TL,Aksu,2+1
20.000 TL,Aksu,1+1
30.000 TL,Aksu,2+1
20.000 TL,Alanya/Beldeler,1+1
14.500 TL,Alanya/Beldeler,1+1
19.000 TL,Aksu,1+1
50.000 TL,Manavgat,2+1
25.000 TL,Kepez/Varsak,2+1
23.000 TL,Kepez/Sütçüler,2+1
25.000 TL,Aksu,1+1
45.000 TL,Alanya/Beldeler,3+1
36.500 TL,Alanya/Beldeler,1+1
32.000 TL,Alanya,2+1
12.000 TL,Alanya/Beldeler,1+1
27.000 TL,Manavgat/Ilıca,1+1
27.000 TL,Manavgat,2+1
20.000 TL,Kepez/Sütçüler,2+1
27.000 TL,Alanya/Beldeler,2+1
18.000 TL,Aksu,1+1
13.000 TL,Gazipaşa,1+1
11.500 TL,Gazipaşa,1+1
32.000 TL,Aksu,2+1
25.000 TL,Aksu,2+1
25.000 TL,Alanya,2+1
34.750 TL,Aksu,2+1
26.000 TL,Aksu,2+1
20.000 TL,Kepez/Düdenbaşı,1+1
30.000 TL,Kepez/Düdenbaşı,2+1
25.000 TL,Kepez/Düdenbaşı,1+1
18.500 TL,Aksu,1+1
22.000 TL,Döşemealtı/Merkez,2+1
30.000 TL,Aksu,2+1
35.000 TL,Alanya,3+1
31.000 TL,Manavgat/Ilıca,2+1
19.000 TL,Alanya/Beldeler,1+1
17.000 TL,Aksu,1+1
17.000 TL,Aksu,1+1
17.500 TL,Aksu,1+1
15.000 TL,Alanya,1+1
11.000 TL,Gazipaşa,1+1
14.500 TL,Alanya,1+1
21.000 TL,Aksu,1+1
28.000 TL,Muratpaşa/Lara,1.5+1
13.000 TL,Alanya,1+1
15.000 TL,Alanya/Köyler,1+1
12.500 TL,Alanya/Beldeler,1+1
17.000 TL,Alanya/Beldeler,1+1
30.000 TL,Aksu,2+1
30.000 TL,Aksu,2+1
23.000 TL,Aksu,1+1
15.999 TL,Kepez/Merkez,1+1
13.000 TL,Alanya,1+1
35.000 TL,Aksu,2+1
23.000 TL,Döşemealtı/Merkez,3+1
20.000 TL,Alanya,1+1
25.000 TL,Alanya,1+1
17.500 TL,Aksu,1+1
19.000 TL,Aksu,1+1
25.000 TL,Alanya,2+1
22.000 TL,Kepez/Varsak,2+1
26.000 TL,Aksu,2+1
18.000 TL,Alanya/Beldeler,1+1
11.000 TL,Alanya/Beldeler,1+1
20.500 TL,Aksu,1+1
20.000 TL,Alanya/Beldeler,1+1
15.000 TL,Alanya,1+1
16.950 TL,Aksu,1+1
25.000 TL,Alanya,1+1
25.000 TL,Aksu,1+1
33.000 TL,Aksu,2+1
25.000 TL,Aksu,1+1
28.500 TL,Aksu,2+1
25.000 TL,Alanya,2+1
17.000 TL,Kepez/Düdenbaşı,1+1
22.000 TL,Aksu,1+1
17.500 TL,Aksu,1+1
15.000 TL,Aksu,1+1
18.000 TL,Aksu,1+1
15.000 TL,Aksu,1+1
15.500 TL,Döşemealtı/Yeniköy,2+1
18.000 TL,Alanya,2+1
25.000 TL,Alanya/Beldeler,2+1
39.000 TL,Alanya/Beldeler,5+1
30.000 TL,Kepez/Erenköy,2+1
17.500 TL,MuratpaşaYenigün,1+1
16.000 TL,Döşemealtı/Merkez,1+1
17.000 TL,Kepez/Merkez,1+1
25.000 TL,Alanya,2+1
35.000 TL,Alanya/Beldeler,3+1
17.000 TL,Kepez/Merkez,1+1
18.000 TL,Alanya/Beldeler,1+1
16.000 TL,Muratpaşa/Yenigün,2+1
16.000 TL,Alanya/Beldeler,1+1
30.000 TL,Aksu,2+1
25.000 TL,Aksu,1+1
14.000 TL,Alanya/Beldeler,1+1
27.500 TL,Alanya,2+1
22.500 TL,Konyaaltı/Arapsuyu,1+1
34.000 TL,Gazipaşa,3+1
25.000 TL,Aksu,2+1
32.500 TL,Alanya,2+1
24.000 TL,Gazipaşa,2+1
30.000 TL,Manavgat/Ilıca,2+1
12.000 TL,AlanyaBeldeler,1+1
35.250 TL,Kepez/Merkez,2+1
15.000 TL,Alanya/Beldeler,1+1
12.000 TL,Alanya/Beldeler,1+1
17.000 TL,Kepez/Düdenbaşı,1+1
30.000 TL,Kepez/Sütçüler,2+1
23.000 TL,Döşemealtı/Merkez,3+1
30.000 TL,Kepez/Varsak,3+1
58.000 TL,Alanya/Beldeler,4+1
22.500 TL,Aksu,2+1
20.000 TL,Alanya/Beldeler,1+1
17.500 TL,Serik/Yukarıkocayatak,3+1
27.000 TL,Kepez/Erenköy,2+1
13.000 TL,Serik/Yukarıkocayatak,2+1
27.500 TL,Muratpaşa/Lara,1+1
28.000 TL,Kepez/Erenköy,2+1
20.000 TL,Kepez/Düdenbaşı,1+1
18.000 TL,Aksu,1+1
50.000 TL,Kepez/Varsak,3+1
30.000 TL,Kepez/Varsak,3+1
24.500 TL,Kepez/Varsak,2+1
19.000 TL,Alanya,1+1
26.750 TL,Muratpaşa/Eskisanayi,2+1
25.000 TL,Kepez/Düdenbaşı,2+1
20.000 TL,Aksu,1+1
20.000 TL,Aksu,2+1
30.000 TL,Kepez/Varsak,3+1
31.000 TL,Kepez/Varsak,3+1
30.000 TL,SerikYukarıkocayatak,3+1
15.000 TL,Serik/Yukarıkocayatak,2+1
30.000 TL,Kepez/Erenköy,3+1
30.000 TL,Muratpaşa/Lara,1+1
22.000 TL,Kepez/Sütçüler,2+1
20.000 TL,Konyaaltı/Merkez,1+1
18.000 TL,Kepez/Merkez,Stüdyo (1+0)
25.000 TL,Kepez/Düdenbaşı,2+1
32.000 TL,Kepez/Düdenbaşı,3+1
28.000 TL,Aksu/Köyler,2+1
15.500 TL,Kepez/Erenköy,2+1
30.000 TL,Alanya,2+1
20.000 TL,Kepez/Varsak,2+1
21.000 TL,Kepez/Sütçüler,2+1
23.000 TL,Kepez/Sütçüler,2+1
17.000 TL,Alanya/Beldeler,2+1
20.000 TL,Alanya,2+1
20.000 TL,Kepez/Sütçüler,2+1
25.000 TL,Alanya,2+1
21.000 TL,KepezErenköy,3+1
33.000 TL,Kepez/Erenköy,4+1
30.000 TL,Manavgat/Köyler,3+1
20.000 TL,Serik/Yukarıkocayatak,2+1
25.000 TL,Döşemealtı/Yeniköy,3+1
38.000 TL,Döşemealtı/Yeniköy,3+1
36.000 TL,Alanya/Beldeler,5+1
15.000 TL,Döşemealtı/Yeniköy,2+1
20.000 TL,Kepez/Varsak,2+1
22.000 TL,Aksu,3+1
32.995 TL,Konyaaltı/Merkez,2+1
18.000 TL,DöşemealtıYeniköy,2+1
43.000 TL,Muratpaşa/Lara,2+1
20.000 TL,Kepez/Sütçüler,2+1
45.000 TL,Konyaaltı/Arapsuyu,2+1
29.000 TL,Kepez/Varsak,3+1
40.000 TL,Konyaaltı/Merkez,3+1
20.000 TL,Kepez/Sütçüler,2+1
32.500 TL,Döşemealtı/Yeniköy,3+1
29.000 TL,Kepez/Duraliler,2+1
29.000 TL,Muratpaşa/Kızıltoprak,3+1
70.000 TL,Alanya,3+1
17.000 TL,Döşemealtı/Merkez,2+1
18.000 TL,Döşemealtı/Merkez,2+1
22.000 TL,Alanya,2+1
21.000 TL,Kepez/Düdenbaşı,1+1
28.000 TL,Kepez/Ahatlı,2+1
22.000 TL,Muratpaşa/Kızıltoprak,2+1
15.000 TL,Kepez/Sütçüler,1+1
21.000 TL,Kepez/Varsak,2+1
23.500 TL,KepezSütçüler,2+1
42.000 TL,Alanya/Beldeler,4+1
25.000 TL,Alanya,2+1
30.000 TL,Muratpaşa/Kızıltoprak,3+1
16.000 TL,Serik/Yukarıkocayatak,2+1
27.000 TL,Konyaaltı/Arapsuyu,1+1
25.000 TL,Kepez/Duraliler,2+1
41.000 TL,Alanya,2+1
30.000 TL,Konyaaltı/Arapsuyu,1+1
23.500 TL,Kepez/Düdenbaşı,2+1
30.500 TL,Aksu,3+1
20.500 TL,Kepez/Sütçüler,2+1
30.000 TL,Konyaaltı/Arapsuyu,1+1
56.000 TL,Muratpaşa/Lara,2+1
32.500 TL,Manavgat,2+1
25.000 TL,Alanya/Beldeler,2.5+1
55.000 TL,Muratpaşa/Kızıltoprak,5+1
35.000 TL,Manavgat/Taşağıl,4+1
45.000 TL,Muratpaşa/Lara,3+1
16.000 TL,Manavgat,3+1
20.000 TL,Muratpaşa/Yenigün,1+1
26.000 TL,Konyaaltı/Merkez,1+1
23.000 TL,Alanya/Beldeler,2+1
24.000 TL,Manavgat,1+1
20.000 TL,Manavgat,2+1
40.000 TL,Konyaaltı/Arapsuyu,2+1
19.000 TL,Muratpaşa/Yenigün,2+1
25.000 TL,Döşemealtı/Yeniköy,2+1
47.000 TL,Muratpaşa/Lara,2+1
40.000 TL,Muratpaşa/Lara,2+1
16.000 TL,Alanya,1+1
40.000 TL,Finike/Beldeler,3+1
29.000 TL,Konyaaltı/Merkez,2+1
25.000 TL,Alanya,2+1
40.000 TL,Manavgat,2+1
24.000 TL,Kepez/Merkez,2+1
290.000 TL,Muratpaşa/Fener,4+1
27.000 TL,Döşemealtı/Yeniköy,3+1
26.000 TL,Muratpaşa/Eskisanayi,2+1
33.000 TL,Alanya/Beldeler,3+1
21.000 TL,Alanya,2+1
35.000 TL,Kepez/Düdenbaşı,2+1
50.000 TL,Muratpaşa/Lara,3+1
21.000 TL,Kepez/Sütçüler,2+1
30.000 TL,Kumluca,3+1
26.000 TL,Muratpaşa/Eskisanayi,2+1
35.000 TL,Muratpaşa/Lara,2+1
30.000 TL,Gazipaşa,3+1
23.000 TL,Kepez/Sütçüler,3+1
35.000 TL,Konyaaltı/Merkez,3+1
45.000 TL,Kaş,2+1
32.000 TL,Muratpaşa/Lara,1+1
28.500 TL,Kepez/Varsak,3+1
16.000 TL,Konyaaltı/Arapsuyu,1+1
20.000 TL,Kepez/Varsak,2+1
23.000 TL,Döşemealtı/Yeniköy,2+1
23.000 TL,Döşemealtı/Yeniköy,2+1
40.000 TL,Alanya,3+1
25.000 TL,Muratpaşa/Kızıltoprak,2+1
16.500 TL,Kepez/Duraliler,1+1
42.000 TL,Konyaaltı/Arapsuyu,2+1
50.000 TL,Alanya,3+1
26.000 TL,Kepez/Duraliler,3+1
25.500 TL,Konyaaltı/Arapsuyu,1+1
16.500 TL,Muratpaşa/Yenigün,2+1
19.500 TL,Muratpaşa/Yenigün,3+1
28.000 TL,Muratpaşa/Yenigün,2+1
24.000 TL,Kepez/Sütçüler,2+1
20.000 TL,Alanya,2+1
18.000 TL,Finike/Beldeler,2+1
65.000 TL,Muratpaşa/Güzeloluk,3+1
21.000 TL,Kepez/Sütçüler,2+1
30.000 TL,Alanya,2+1
25.000 TL,Kepez/Düdenbaşı,2+1
25.000 TL,Kepez/Yeniemek,2+1
24.000 TL,Muratpaşa/Yenigün,2+1
45.000 TL,Muratpaşa/Lara,3+1
62.000 TL,Kepez/Merkez,4+1
35.000 TL,Kepez/Dokuma,2+1
40.000 TL,Konyaaltı/Arapsuyu,2+1
30.000 TL,Muratpaşa/Lara,2+1
10.000 TL,Alanya/Beldeler,1+1
28.000 TL,Muratpaşa/Güzeloluk,1+1
29.000 TL,Kepez/Sütçüler,2+1
50.000 TL,Kepez/Erenköy,3+1
36.500 TL,Konyaaltı/Arapsuyu,2+1
45.000 TL,Muratpaşa/Lara,2+1
25.000 TL,ManavgatSarılar,2+1
30.000 TL,Konyaaltı/Merkez,2+1
57.000 TL,Muratpaşa/Lara,2+1
21.000 TL,Serik,2+1
30.000 TL,Kepez/Varsak,2+1
25.000 TL,Kepez/Ahatlı,2+1
20.000 TL,Döşemealtı/Yeniköy,3+1
40.000 TL,Muratpaşa/Yenigün,3+1
23.000 TL,Kepez/Duraliler,2+1
27.500 TL,Kepez/Ahatlı,3+1
30.000 TL,Konyaaltı/Merkez,1+1
25.000 TL,Manavgat/Sarılar,3+1
26.000 TL,Muratpaşa/Eskisanayi,2+1
40.000 TL,Konyaaltı/Arapsuyu,2+1
18.000 TL,Kepez/Düdenbaşı,2+1
26.500 TL,Konyaaltı/Arapsuyu,2+1
21.000 TL,Muratpaşa/Eskisanayi,2+1
35.000 TL,Manavgat,2+1
20.000 TL,Finike/Beldeler,3+1
25.000 TL,Konyaaltı/Merkez,2+1
45.000 TL,Muratpaşa/Lara,3+1
28.000 TL,Konyaaltı/Merkez,3+1
16.000 TL,Alanya,2+1
17.500 TL,Alanya,2+1
24.000 TL,Kepez/Düdenbaşı,2+1
32.000 TL,Muratpaşa/Lara,3+1
15.000 TL,Kepez/Sütçüler,1+1
30.000 TL,Kepez/Merkez,4+1
30.000 TL,Muratpaşa/Lara,3+1
45.000 TL,Muratpaşa/Lara,2+1
25.000 TL,Kepez/Sütçüler,3+1
19.500 TL,Muratpaşa/Lara,1+1
48.000 TL,Alanya/Beldeler,4+1
25.000 TL,Manavgat/Ilıca,3+1
26.000 TL,Konyaaltı/Arapsuyu,1+1
58.000 TL,Muratpaşa/Fener,3+1
26.000 TL,Konyaaltı/Arapsuyu,1+1
18.500 TL,Kepez/Varsak,2+1
20.000 TL,Konyaaltı/Arapsuyu,2+1
26.000 TL,Alanya,2+1
18.000 TL,Konyaaltı/Arapsuyu,1+1
25.000 TL,Alanya/Beldeler,2+1
35.000 TL,Konyaaltı/Merkez,3+1
18.000 TL,Muratpaşa/Yenigün,2+1
42.999 TL,Muratpaşa/Fener,1+1
20.000 TL,Alanya,2+1
40.000 TL,Muratpaşa/Lara,3+1
23.000 TL,Kepez/Erenköy,3+1
16.000 TL,Döşemealtı/Merkez,2+1
29.800 TL,Kepez/Varsak,3+1
32.500 TL,Konyaaltı/Arapsuyu,1+1
22.000 TL,Alanya,1+1
16.000 TL,Muratpaşa/Yenigün,2+1
33.500 TL,Konyaaltı/Arapsuyu,2+1
25.000 TL,Kepez/Erenköy,3+1
46.000 TL,Muratpaşa/Eskisanayi,3+1
25.000 TL,Kepez/Sütçüler,2+1
15.000 TL,Döşemealtı/Merkez,2+1
30.000 TL,Muratpaşa/Güzeloluk,1+1
25.000 TL,Konyaaltı/Arapsuyu,1+1
42.500 TL,Konyaaltı/Arapsuyu,3+1
30.000 TL,Muratpaşa/Meltem,2+1
16.000 TL,Kepez/Sütçüler,1+1
20.000 TL,Döşemealtı/Yeniköy,3+1
40.000 TL,Aksu/Köyler,3+1
21.500 TL,Kepez/Erenköy,2+1
23.000 TL,Alanya,2+1
25.000 TL,Konyaaltı/Merkez,1+1
46.000 TL,KonyaaltıArapsuyu,2+1
32.500 TL,Manavgat,2+1
55.000 TL,Muratpaşa/Lara,2+1
43.000 TL,Konyaaltı/Merkez,4+1
16.000 TL,Kepez/Sütçüler,2+1
29.000 TL,Konyaaltı/Merkez,2+1
23.500 TL,Kepez/Erenköy,3+1
33.000 TL,Manavgat,2+1
33.000 TL,Manavgat,2+1
36.000 TL,Konyaaltı/Arapsuyu,2+1
20.000 TL,Kepez/Varsak,3+1
70.000 TL,Döşemealtı/Yeşilbayır,3+1
35.000 TL,Konyaaltı/Arapsuyu,3+1
23.000 TL,Konyaaltı/Arapsuyu,1+1
23.000 TL,Manavgat/Ilıca,2+1
55.000 TL,Muratpaşa/Güzeloluk,2+1
35.000 TL,Muratpaşa/Lara,2+1
22.000 TL,Kepez/Varsak,3+1
20.000 TL,Kepez/Varsak,3+1
23.000 TL,Alanya,2+1
25.000 TL,Alanya,2+1
37.000 TL,Konyaaltı/Merkez,3+1
35.000 TL,Muratpaşa/Güzeloluk,3+1
17.000 TL,Kepez/Düdenbaşı,1+1
38.000 TL,Manavgat,2+1
65.000 TL,Alanya,2+1
24.000 TL,Manavgat,1+1
23.000 TL,Döşemealtı/Yeniköy,3+1
65.000 TL,Alanya,3+1
20.000 TL,Döşemealtı/Yeniköy,2+1
15.000 TL,Manavgat/Köyler,1+1
17.500 TL,Kepez/Varsak,3+1
20.000 TL,Döşemealtı/Yeniköy,3+1
20.000 TL,Muratpaşa/Yenigün,2+1
25.000 TL,Muratpaşa/Yenigün,3+1
19.000 TL,Muratpaşa/Lara,1+1
27.500 TL,Kepez/Ahatlı,3+1
28.000 TL,Muratpaşa/Lara,2+1
35.000 TL,Manavgat,2+1
22.000 TL,Alanya/Beldeler,2+1
27.000 TL,Aksu/Köyler,2+1
17.000 TL,Kepez/Düdenbaşı,2+1
26.000 TL,Muratpaşa/Lara,2+1
30.000 TL,Manavgat,2+1
43.000 TL,Muratpaşa/Lara,3+1
32.000 TL,Konyaaltı/Merkez,2+1
30.000 TL,Kepez/Duraliler,3+1
17.000 TL,Konyaaltı/Merkez,1+1
27.000 TL,Konyaaltı/Merkez,2+1
20.000 TL,Konyaaltı/Merkez,1+1
32.500 TL,Alanya,4+1
28.000 TL,Muratpaşa/Kızıltoprak,2+1
28.000 TL,Kepez/Duraliler,2+1
17.500 TL,Konyaaltı/Merkez,1+1
45.000 TL,Alanya,4+1
35.000 TL,Aksu,3+1
28.000 TL,DöşemealtıMerkez,3+1
23.000 TL,Kepez/Erenköy,3+1
28.000 TL,Konyaaltı/Arapsuyu,2+1
24.990 TL,Alanya,2+1
15.000 TL,Döşemealtı/Merkez,2+1
26.000 TL,Muratpaşa/Eskisanayi,2+1
80.000 TL,Konyaaltı/Arapsuyu,2+1
18.000 TL,Manavgat,1+1
25.000 TL,Kepez/Varsak,3+1
35.000 TL,Konyaaltı/Arapsuyu,1+1
30.000 TL,Kepez/Erenköy,3+1
20.000 TL,Kepez/Sütçüler,2+1
32.000 TL,Muratpaşa/Lara,1+1
25.000 TL,Muratpaşa/Gençlik,2+1
30.000 TL,Konyaaltı/Arapsuyu,1+1
35.000 TL,Muratpaşa/Güzeloluk,2+1
20.000 TL,Muratpaşa/Kızıltoprak,1+1
40.000 TL,Manavgat,3+1
34.000 TL,Aksu,3+1
26.000 TL,Muratpaşa/Lara,2+1
30.000 TL,Konyaaltı/Arapsuyu,2+1
30.000 TL,Muratpaşa/Kızıltoprak,2+1
40.000 TL,Muratpaşa/Lara,2+1
25.000 TL,Aksu,3+1
21.000 TL,Kepez/Sütçüler,2+1
31.000 TL,Muratpaşa/Lara,2+1
28.000 TL,Kepez/Düdenbaşı,2+1
55.000 TL,Konyaaltı/Merkez,5+1
23.000 TL,Kepez/Erenköy,2+1
35.000 TL,Döşemealtı/Yeniköy,2+1
45.000 TL,Konyaaltı/Merkez,4+1
20.000 TL,Kepez/Sütçüler,2+1
25.000 TL,Muratpaşa/Bahçelievler,1+1
20.000 TL,Kepez/Sütçüler,2+1
26.000 TL,Kepez/Varsak,3+1
50.000 TL,Konyaaltı/Merkez,3+1
19.500 TL,Kepez/Sütçüler,2+1
20.000 TL,Kepez/Düdenbaşı,1+1
35.000 TL,Alanya,3+1
22.500 TL,Kepez/Düdenbaşı,1+1
30.000 TL,Alanya/Beldeler,2+1
45.000 TL,Konyaaltı/Merkez,4+1
25.000 TL,Muratpaşa/Kızıltoprak,1+1
18.500 TL,Kepez/Erenköy,2+1
30.000 TL,Manavgat,2+1
24.000 TL,Kepez/Sütçüler,3+1
55.000 TL,Konyaaltı/Merkez,5+1
65.000 TL,Muratpaşa/Lara,3+1
23.000 TL,Kepez/Sütçüler,3+1
35.000 TL,Döşemealtı/Yeniköy,3+1
25.000 TL,Alanya,2+1
40.000 TL,Alanya,3+1
25.000 TL,Muratpaşa/Lara,2+1
19.000 TL,Alanya,1+1
20.750 TL,Kepez/Sütçüler,2+1
32.000 TL,Konyaaltı/Merkez,2+1
20.000 TL,Serik/Belek,2+1
55.000 TL,Konyaaltı/Merkez,5+1
45.000 TL,Konyaaltı/Merkez,3+1
35.000 TL,Alanya/Beldeler,3+1
28.000 TL,Gazipaşa,3+1
25.000 TL,Konyaaltı/Merkez,1+1
25.000 TL,Alanya,2+1
12.500 TL,Döşemealtı/Merkez,1+1
23.250 TL,Kepez/Erenköy,2+1
48.000 TL,Muratpaşa/Fener,3+1
19.000 TL,Alanya,2+1
25.000 TL,Muratpaşa/Lara,1+1
30.000 TL,Alanya/Beldeler,3+1
30.250 TL,Konyaaltı/Arapsuyu,3+1
20.000 TL,Kepez/Erenköy,3+1
20.000 TL,Aksu,3+1
18.000 TL,Aksu,2+1
26.000 TL,Aksu,3+1
33.000 TL,Konyaaltı/Merkez,3+1
36.000 TL,Muratpaşa/Güzeloluk,3+1
23.000 TL,DöşemealtıYeniköy,3+1
36.000 TL,Muratpaşa/Lara,3+1
20.000 TL,Döşemealtı/Yeniköy,3+1
60.000 TL,Muratpaşa/Güzeloluk,3+1
40.000 TL,Muratpaşa/Lara,3+1
23.000 TL,Muratpaşa/Lara,1+1
32.000 TL,Konyaaltı/Arapsuyu,3+1
18.000 TL,Finike/Beldeler,2+1
20.000 TL,Finike/Beldeler,3+1
17.000 TL,Döşemealtı/Yeniköy,3+1
45.000 TL,Muratpaşa/Lara,3+1
16.000 TL,Kepez/Varsak,1+1
14.000 TL,Alanya,2+1
28.000 TL,Muratpaşa/Lara,3+1
26.000 TL,Kepez/Erenköy,3+1
45.000 TL,Muratpaşa/Fener,2+1
18.000 TL,Manavgat,2+1
24.000 TL,Manavgat,2+1
40.000 TL,Muratpaşa/Lara,3+1
30.000 TL,Konyaaltı/Arapsuyu,2+1
31.000 TL,Muratpaşa/Lara,1+1
30.000 TL,Konyaaltı/Arapsuyu,3+1
25.000 TL,Muratpaşa/Kızıltoprak,3+1
60.000 TL,Muratpaşa/Lara,3+1
15.500 TL,Döşemealtı/Merkez,2+1
25.000 TL,Kepez/Varsak,3+1
30.000 TL,Konyaaltı/Arapsuyu,3+1
25.000 TL,Alanya,3+1
23.000 TL,Serik/Belek,2+1
35.000 TL,Aksu,3+1
22.500 TL,Alanya,2+1
23.000 TL,Konyaaltı/Merkez,1+1
30.000 TL,Kepez/Duraliler,3+1
35.000 TL,Muratpaşa/Fener,3+1
35.000 TL,Konyaaltı/Arapsuyu,3+1
20.000 TL,Kepez/Merkez,2+1
16.000 TL,Alanya,2+1
55.000 TL,Manavgat,2+1
35.000 TL,Konyaaltı/Arapsuyu,3+1
27.000 TL,Manavgat,2+1
28.000 TL,Muratpaşa/Lara,3+1
28.000 TL,Demre/Kale(Demre),5+1
35.000 TL,Muratpaşa/Kızıltoprak,3+1
33.000 TL,MuratpaşaLara,3+1
25.000 TL,Döşemealtı/Yeniköy,3+1
19.000 TL,Alanya,2+1
35.000 TL,Konyaaltı/Arapsuyu,3+1
15.000 TL,Döşemealtı/Merkez,1+1
33.000 TL,Alanya,2+1
47.500 TL,Muratpaşa/Fener,3+1
70.000 TL,Muratpaşa/Lara,3+1
15.000 TL,Kepez/Varsak,3+1
35.000 TL,Konyaaltı/Arapsuyu,2+1
25.000 TL,Alanya,2+1
40.000 TL,Aksu/Köyler,3+1
30.000 TL,Muratpaşa/Lara,2+1
30.000 TL,Muratpaşa/Lara,2+1
40.000 TL,Muratpaşa/Güzeloluk,3+1
15.000 TL,Aksu,2+1
30.000 TL,Muratpaşa/Yenigün,3+1
15.000 TL,Döşemealtı/Merkez,2+1
15.000 TL,Aksu,2+1
43.000 TL,Konyaaltı/Arapsuyu,3+1
19.000 TL,Muratpaşa/Lara,1+1
30.000 TL,Aksu,3+1
27.000 TL,Aksu/Köyler,2+1
38.000 TL,Konyaaltı/Merkez,3+1
22.000 TL,Kepez/Varsak,3+1
25.000 TL,Alanya,3+1
20.000 TL,Aksu,2+1
35.000 TL,Konyaaltı/Arapsuyu,3+1
18.000 TL,Kepez/Varsak,3+1
24.000 TL,Kepez/Varsak,3+1
40.000 TL,Muratpaşa/Güzeloluk,3+1
40.000 TL,Alanya,2+1
38.000 TL,Muratpaşa/Fener,2+1
30.000 TL,Aksu,3+1
32.000 TL,Konyaaltı/Merkez,3+1
30.000 TL,Muratpaşa/Lara,2+1
40.000 TL,Muratpaşa/Güzeloluk,3+1
43.000 TL,Konyaaltı/Arapsuyu,3+1
39.000 TL,Muratpaşa/Fener,3+1
24.500 TL,Kepez/Duraliler,3+1
40.000 TL,KepezDuraliler,2+1
35.250 TL,Muratpaşa/Güzeloluk,3+1
42.000 TL,Muratpaşa/Güzeloluk,3+1
17.500 TL,Kepez/Erenköy,2+1
26.000 TL,Muratpaşa/Lara,1+1
19.000 TL,Aksu,2+1
23.000 TL,Kepez/Erenköy,3+1
22.000 TL,Muratpaşa/Lara,3+1
50.000 TL,Konyaaltı/Arapsuyu,3+1
22.000 TL,Kepez/Erenköy,3+1
19.500 TL,Muratpaşa/Eskisanayi,3+1
45.000 TL,Muratpaşa/Lara,3+1
40.000 TL,KepezVarsak,3+1
40.000 TL,Muratpaşa/Lara,3+1
15.000 TL,Alanya,2+1
21.000 TL,Muratpaşa/Kızıltoprak,3+1
15.000 TL,Alanya,2+1
40.000 TL,Muratpaşa/Güzeloluk,3+1
39.000 TL,Muratpaşa/Lara,3+1
22.000 TL,Kepez/Erenköy,3+1
20.000 TL,Kepez/Varsak,3+1
16.000 TL,Kepez/Varsak,3+1
33.000 TL,Muratpaşa/Lara,3+1
24.000 TL,Kepez/Erenköy,2+1
25.000 TL,Kepez/Erenköy,3+1
24.000 TL,Muratpaşa/Lara,2+1
21.000 TL,Aksu,3+1
30.000 TL,Muratpaşa/Kızıltoprak,3+1
28.500 TL,Muratpaşa/Fener,2+1
72.000 TL,Muratpaşa/Lara,3+1
12.000 TL,Alanya,2+1
45.000 TL,Muratpaşa/Fener,3+1
16.000 TL,Alanya/Beldeler,2+1
22.000 TL,Kepez/Erenköy,3+1
28.000 TL,Kepez/Erenköy,3+1
30.000 TL,Muratpaşa/Fener,3+1
27.500 TL,Kepez/Ahatlı,3+1
45.000 TL,Muratpaşa/Fener,2+1
33.000 TL,Konyaaltı/Merkez,3+1
35.000 TL,Muratpaşa/Lara,3+1
17.000 TL,Kepez/Erenköy,2+1
37.500 TL,Muratpaşa/Fener,3+1
27.000 TL,Kepez/Erenköy,3+1
40.000 TL,Muratpaşa/Fener,3+1
15.000 TL,Alanya,2+1
36.500 TL,Muratpaşa/Meltem,3+1
45.000 TL,Muratpaşa/Fener,3+1
45.000 TL,Muratpaşa/Fener,3+1
35.000 TL,Muratpaşa/Lara,2+1
38.000 TL,Muratpaşa/Fener,3+1
22.000 TL,Kepez/Ahatlı,2+1
25.000 TL,Finike/Beldeler,3+1
29.000 TL,Konyaaltı/Arapsuyu,3+1
25.000 TL,Döşemealtı/Yeniköy,3+1
18.000 TL,Aksu,3+1
20.000 TL,Kepez/Erenköy,3+1
30.000 TL,Konyaaltı/Arapsuyu,3+1
18.000 TL,Kepez/Varsak,3+1
16.000 TL,Kepez/Varsak,3+1
25.000 TL,FinikeBeldeler,3+1
16.000 TL,Alanya/Beldeler,2+1
25.000 TL,Kepez/Dokuma,3+1
72.500 TL,Muratpaşa/Fener,3+1
25.000 TL,Kepez/Duraliler,3+1
51.000 TL,Muratpaşa/Fener,3+1
40.000 TL,Muratpaşa/Fener,3+1
22.000 TL,Kepez/Dokuma,3+1
22.000 TL,Kepez/Dokuma,3+1
40.000 TL,Muratpaşa/Lara,3+1
30.000 TL,Kepez/Ahatlı,3+1
20.000 TL,Muratpaşa/Lara,1+1
47.000 TL,Muratpaşa/Fener,3+1
47.000 TL,Muratpaşa/Fener,3+1
20.000 TL,Kepez/Varsak,3+1
30.000 TL,Konyaaltı/Merkez,3+1
30.000 TL,Muratpaşa/Lara,2+1
28.000 TL,Konyaaltı/Arapsuyu,3+1
25.000 TL,Muratpaşa/Lara,2+1
35.000 TL,Muratpaşa/Güzeloluk,3+1
35.000 TL,Konyaaltı/Arapsuyu,3+1
40.000 TL,Muratpaşa/Güzeloluk,3+1
17.000 TL,Kepez/Sütçüler,2+1
29.000 TL,Muratpaşa/Lara,3+1
100.000 TL,Muratpaşa/Fener,3+1
25.000 TL,Konyaaltı/Merkez,3+1
30.000 TL,Muratpaşa/Lara,2+1
25.000 TL,Finike/Beldeler,3+1
17.500 TL,Kepez/Düdenbaşı,2+1
35.000 TL,Konyaaltı/Arapsuyu,3+1
33.500 TL,Muratpaşa/Lara,3+1
45.000 TL,Muratpaşa/Fener,2+1
18.000 TL,Alanya,2+2
20.000 TL,Kepez/Ahatlı,2+1
20.000 TL,Alanya,2+1
34.500 TL,Muratpaşa/Çarşı,3+1
20.000 TL,Kumluca,3+1
27.500 TL,Kepez/Erenköy,2+1
25.000 TL,Kepez/Ahatlı,3+1
21.000 TL,Kepez/Ahatlı,3+1
47.500 TL,Konyaaltı/Merkez,3+1
20.000 TL,Kepez/Dokuma,2+1
47.000 TL,Muratpaşa/Fener,3+1
20.000 TL,Kepez/Ahatlı,3+1
22.000 TL,Kepez/Ahatlı,3+1
18.000 TL,Alanya/Beldeler,2+1
25.000 TL,Alanya,3+1
33.000 TL,Muratpaşa/Meltem,3+1
42.000 TL,Konyaaltı/Arapsuyu,3+1
83.000 TL,Muratpaşa/Fener,3+1
20.000 TL,Kepez/Ahatlı,2+1
30.000 TL,Serik,2+1
75.000 TL,Muratpaşa/Lara,2+1
20.000 TL,MuratpaşaMeltem,2+1
38.000 TL,Muratpaşa/Meltem,3+1
14.000 TL,Finike/Beldeler,3+1
20.000 TL,Alanya,2+1
20.000 TL,Serik,2+1
38.000 TL,Muratpaşa/Meltem,3+1
20.000 TL,Kepez/Dokuma,2+1
38.500 TL,Muratpaşa/Lara,3+1
65.000 TL,Konyaaltı/Arapsuyu,3+1
25.000 TL,Muratpaşa/Lara,2+1
35.000 TL,Muratpaşa/Meltem,3+1
10.000 TL,Alanya,2+1
30.000 TL,Muratpaşa/Fener,3+1
16.000 TL,Alanya,2+1
45.000 TL,Muratpaşa/Lara,3+1
45.000 TL,Muratpaşa/Güzeloluk,3+1
22.000 TL,Kepez/Ahatlı,3+1
30.000 TL,Muratpaşa/Lara,2+1
35.000 TL,Muratpaşa/Meltem,3+1
85.000 TL,Muratpaşa/Lara,2+1
37.250 TL,Muratpaşa/Meltem,3+1
65.000 TL,Muratpaşa/Fener,3+1
23.000 TL,MuratpaşaLara,3+1
38.750 TL,Muratpaşa/Meltem,3+1
15.000 TL,Alanya,2+1
25.000 TL,Muratpaşa/Lara,2+1
23.000 TL,Muratpaşa/Meltem,3+1
28.000 TL,Muratpaşa/Kızıltoprak,3+1
20.000 TL,Kepez/Varsak,2+1
20.000 TL,Alanya/Beldeler,1+1
22.000 TL,Kepez/Sütçüler,2+1
18.000 TL,Alanya,1+1
15.500 TL,Döşemealtı/Yeniköy,1+1
20.000 TL,Aksu,2+1
30.000 TL,Manavgat/Ilıca,2+1
25.000 TL,Kepez/Varsak,2+1
16.000 TL,Kepez/Varsak,1+1
26.000 TL,Aksu,2+1
17.000 TL,ManavgatIlıca,2+1
18.000 TL,Kepez/Varsak,1+1
26.000 TL,Manavgat/Ilıca,1+1
25.000 TL,Aksu,2+1
17.500 TL,Kepez/Varsak,1+1
17.000 TL,Döşemealtı/Yeniköy,1+1
22.000 TL,Kepez/Varsak,2+1
18.000 TL,Kepez/Varsak,2+1
13.000 TL,Kumluca,1+1
17.000 TL,Kepez/Merkez,1+1
25.000 TL,Manavgat/Ilıca,2+1
20.000 TL,Kumluca,2+1
22.000 TL,Kumluca,2+1
17.000 TL,Kumluca,2+1
20.000 TL,Kepez/Varsak,1+1
32.000 TL,Alanya,3+1
18.000 TL,Aksu,1+1
28.000 TL,Konyaaltı/Arapsuyu,2+1
23.000 TL,Döşemealtı/Yeniköy,2+1
17.000 TL,Döşemealtı/Yeniköy,1+1
13.000 TL,Alanya/Beldeler,1+1
30.000 TL,Aksu,2+1
35.000 TL,Konyaaltı/Köyler,1+1
18.000 TL,Kepez/Varsak,2+1
12.500 TL,Döşemealtı/Yeniköy,1+1
14.000 TL,Döşemealtı/Yeniköy,1+1
22.000 TL,Kepez/Varsak,2+1
14.000 TL,Finike/Beldeler,2+1
15.000 TL,Finike/Beldeler,1+1
25.000 TL,Kepez/Varsak,2+1
18.000 TL,Finike,2+1
20.000 TL,Alanya,1+1
16.000 TL,Kepez/Erenköy,1+1
14.000 TL,Alanya/Beldeler,1+1
23.500 TL,Aksu,2+1
20.000 TL,Alanya/Beldeler,2+1
16.000 TL,Kumluca,2+1
14.000 TL,Döşemealtı/Yeniköy,1+1
18.000 TL,Kepez/Varsak,2+1
23.000 TL,Döşemealtı/Yeniköy,2+1
25.000 TL,Kepez/Erenköy,1+1
15.000 TL,Döşemealtı/Yeniköy,2+1
25.000 TL,Kepez/Erenköy,1+1
13.000 TL,Döşemealtı/Merkez,1+1
20.000 TL,Aksu,2+1
25.500 TL,Manavgat/Ilıca,1+1
35.000 TL,Manavgat/Sarılar,4+1
25.000 TL,Döşemealtı/Yeniköy,2+1
15.000 TL,Alanya/Beldeler,1+1
9.000 TL,Gazipaşa,1+1
13.000 TL,Döşemealtı/Yeniköy,1+1
30.000 TL,Aksu,2+1
20.000 TL,Alanya,1+1
14.000 TL,Alanya,1+1
14.000 TL,Kepez/Sütçüler,1+1
12.000 TL,Döşemealtı/Yeniköy,1+1
16.500 TL,Kepez/Erenköy,1+1
17.000 TL,Aksu,1+1
16.000 TL,Aksu,1+1
18.000 TL,Kepez/Varsak,1+1
20.000 TL,Kepez/Varsak,2+1
28.000 TL,Manavgat,2+1
16.000 TL,Gazipaşa,2+1
26.500 TL,Kepez/Erenköy,2+1
20.000 TL,Aksu,2+1
12.000 TL,Alanya/İncekum (Yeşilköy),1+1
15.000 TL,Aksu,1+1
13.000 TL,Döşemealtı/Merkez,1+1
25.000 TL,Manavgat/Ilıca,2+1
45.000 TL,Manavgat/Ilıca,4+1
35.000 TL,Muratpaşa/Gençlik,2+1
22.000 TL,Kumluca,2+1
15.000 TL,Alanya,2+1
25.000 TL,Aksu,2+1
22.000 TL,Aksu,2+1
17.000 TL,Finike/Beldeler,2+1
15.000 TL,Aksu,1+1
17.000 TL,Kepez/Varsak,2+1
15.750 TL,Kepez/Varsak,1+1
25.000 TL,Serik,2+1
16.000 TL,Döşemealtı/Merkez,1+1
21.000 TL,Döşemealtı/Merkez,2+1
14.000 TL,Döşemealtı/Yeniköy,1+1
17.000 TL,Kepez/Erenköy,1+1
35.000 TL,Manavgat/Ilıca,2+1
13.000 TL,Döşemealtı/Yeniköy,1+1
15.000 TL,Döşemealtı/Merkez,1+1
20.000 TL,DöşemealtıMerkez,2+1
20.000 TL,Kaş/Köyler,2+1
36.000 TL,Döşemealtı/Yeniköy,3+1
20.000 TL,Aksu,2+1
12.000 TL,Gazipaşa,1+1
15.000 TL,Döşemealtı/Yeniköy,1+1
10.000 TL,Gazipaşa,1+1
24.000 TL,Kepez/Erenköy,2+1
20.000 TL,Manavgat/Sarılar,1+1
20.000 TL,Alanya/Beldeler,1+1
18.000 TL,Alanya,1+1
25.000 TL,Aksu,2+1
30.000 TL,Finike,1+1
20.000 TL,Döşemealtı/Yeniköy,2+1
17.500 TL,Aksu,1+1
20.000 TL,Aksu,2+1
20.000 TL,Aksu,1+1
13.000 TL,Kumluca,1+1
18.000 TL,Aksu,1+1
25.000 TL,Aksu,2+1
17.000 TL,Aksu,1+1
17.000 TL,Manavgat/Sarılar,1+1
22.000 TL,Kepez/Varsak,2+1
25.000 TL,Kepez/Erenköy,2+1
28.000 TL,Aksu,1+1
20.000 TL,Aksu,1+1
15.000 TL,Döşemealtı/Yeniköy,2+1
20.000 TL,Finike,2+1
15.000 TL,Döşemealtı/Yeniköy,1+1
20.000 TL,Döşemealtı/Yeniköy,1+1
18.000 TL,Finike/Beldeler,2+1
19.000 TL,Kepez/Varsak,2+1
22.000 TL,Muratpaşa/Eskisanayi,1+1
13.500 TL,Döşemealtı/Yeniköy,1+1
20.000 TL,Manavgat/Sarılar,2+1
22.500 TL,Aksu,2+1
25.000 TL,KepezVarsak,1+1
16.000 TL,Kepez/Erenköy,1+1
17.000 TL,Alanya/Beldeler,1+1
15.000 TL,Kepez/Varsak,1+1
20.000 TL,Kepez/Varsak,2+1
16.000 TL,Kepez/Varsak,2+1
14.000 TL,Döşemealtı/Yeniköy,1+1
30.000 TL,Manavgat/Sarılar,4+1
15.000 TL,Finike/Beldeler,1+1
25.000 TL,Kepez/Erenköy,2+1
17.000 TL,Döşemealtı/Yeniköy,1+1
17.000 TL,Döşemealtı/Yeniköy,1+1
21.000 TL,Kepez/Erenköy,2+1
17.500 TL,Döşemealtı/Yeşilbayır,1+1
22.000 TL,Kepez/Merkez,2+1
12.000 TL,Alanya,2+1
25.000 TL,Kaş/Köyler,2+1
15.000 TL,Kumluca,2+0
20.000 TL,Kumluca,2+1
15.000 TL,Döşemealtı/Yeniköy,1+1
22.000 TL,Kepez/Erenköy,2+1
20.000 TL,Döşemealtı/Yeniköy,2+1
15.000 TL,Kumluca,2+1
20.000 TL,Döşemealtı/Yeniköy,2+1
20.000 TL,Kepez/Sütçüler,1+1
20.000 TL,Kepez/Sütçüler,1+1
25.000 TL,Alanya,3+1
22.000 TL,Manavgat/Sarılar,1+1
28.000 TL,Döşemealtı/Yeşilbayır,3+1
25.000 TL,Aksu,2+1
19.000 TL,Kepez/Erenköy,2+1
16.500 TL,Döşemealtı/Yeniköy,1+1
20.000 TL,Kumluca,2+1
22.000 TL,Kepez/Varsak,1+1
25.000 TL,Alanya,2+1
18.000 TL,Gazipaşa,2+1
35.000 TL,Kumluca,1+1
16.500 TL,Aksu,1+1
18.000 TL,Finike/Beldeler,1+1
20.000 TL,Kepez/Varsak,1+1
25.000 TL,Aksu,2+1
35.000 TL,Kepez/Merkez,2+1
18.500 TL,Kepez/Sütçüler,1+1
15.000 TL,Finike,1+1
47.500 TL,Manavgat,2+1
22.000 TL,Alanya/Beldeler,2+1
30.000 TL,Aksu,2+1
20.000 TL,Döşemealtı/Yeniköy,2+1
21.000 TL,Döşemealtı/Yeniköy,2+1
20.000 TL,Kepez/Varsak,2+1
15.000 TL,Aksu,1+1
23.000 TL,Aksu,2+1
24.000 TL,Kepez/Varsak,2+1
27.000 TL,Manavgat,2+1
25.000 TL,Kepez/Sütçüler,2+1
20.250 TL,Kepez/Erenköy,2+1
25.000 TL,Manavgat/Sarılar,2+1
20.000 TL,Kepez/Erenköy,1+1
22.000 TL,Döşemealtı/Yeniköy,2+1
20.000 TL,Kepez/Erenköy,2+1
16.000 TL,Kepez/Varsak,1+1
33.000 TL,Alanya/Beldeler,4+1
18.000 TL,Kepez/Varsak,2+1
14.000 TL,Döşemealtı/Merkez,1+1
18.000 TL,Kepez/Varsak,2+1
25.000 TL,Aksu,2+1
15.500 TL,Kepez/Varsak,1+1
17.500 TL,Kepez/Varsak,2+1
30.000 TL,Kepez/Varsak,5+1
15.000 TL,Kepez/Sütçüler,1+1
10.000 TL,Alanya,1+1
15.750 TL,Aksu,1+1
20.000 TL,Kepez/Varsak,1+1
16.000 TL,Alanya/Beldeler,1+1
11.000 TL,Alanya,1+1
20.000 TL,Alanya,1+1
30.000 TL,Alanya,2+1
25.000 TL,Aksu,2+1
30.000 TL,Aksu,3+1
15.000 TL,Alanya/Beldeler,2+1
22.000 TL,Kepez/Varsak,2+1
19.999 TL,Kepez/Sütçüler,2+1
16.500 TL,Döşemealtı/Yeniköy,2+1
23.000 TL,Döşemealtı/Yeniköy,2+1
25.000 TL,Manavgat/Ilıca,1+1
19.000 TL,Döşemealtı/Yeniköy,2+1
25.000 TL,Kepez/Varsak,2+1
21.000 TL,Kepez/Varsak,2+1
20.000 TL,Alanya,1+1
20.000 TL,Kepez/Sütçüler,1+1
25.000 TL,Aksu,2+1
15.000 TL,Alanya,1+1
19.000 TL,Kepez/Erenköy,2+1
15.000 TL,Finike,1+1
15.000 TL,Kepez/Varsak,1+1
19.000 TL,Kepez/Varsak,2+1
27.000 TL,Manavgat,2+1
14.000 TL,Döşemealtı/Yeniköy,1+1
16.500 TL,Kepez/Varsak,2+1
18.000 TL,Kepez/Merkez,1+1
26.000 TL,Kepez/Erenköy,2+1
19.500 TL,Aksu,1+1
17.000 TL,Kepez/Varsak,2+1
21.000 TL,Aksu,1+1
13.000 TL,Döşemealtı/Merkez,1+1
14.000 TL,Döşemealtı/Yeniköy,1+1
15.000 TL,Manavgat,1+1
25.000 TL,Aksu,1+1
16.500 TL,Kepez/Erenköy,1+1
17.000 TL,Kepez/Erenköy,1+1
25.000 TL,Alanya/Beldeler,2+1
13.000 TL,Döşemealtı/Merkez,1+1
30.000 TL,Muratpaşa/Meltem,2+1
27.500 TL,Kepez/Merkez,1+1
14.000 TL,Alanya/Beldeler,1+1
21.000 TL,Kepez/Varsak,2+1
22.000 TL,Kepez/Varsak,2+1
22.000 TL,Muratpaşa/Lara,1+1
28.000 TL,Muratpaşa/Lara,2+1
15.000 TL,DöşemealtıYeniköy,2+1
17.000 TL,Kepez/Sütçüler,1+1
32.000 TL,Konyaaltı/Arapsuyu,1+1
20.000 TL,Serik,1+1
20.000 TL,Kepez/Varsak,1+1
15.000 TL,Döşemealtı/Yeniköy,1+1
18.500 TL,Kepez/Sütçüler,1+1
32.000 TL,Manavgat/Sarılar,4+1
30.000 TL,Alanya/Beldeler,3+1
14.000 TL,Muratpaşa/Yenigün,2+1
18.000 TL,Kepez/Erenköy,1+1
17.000 TL,Döşemealtı/Yeniköy,2+1
12.000 TL,Alanya/Beldeler,2+1
14.000 TL,Döşemealtı/Merkez,1+1
27.500 TL,Aksu,2+1
14.500 TL,Finike/Beldeler,1+1
13.500 TL,Finike/Beldeler,1+1
18.000 TL,Döşemealtı/Yeniköy,2+1
30.000 TL,Finike/Beldeler,2+1
20.000 TL,Finike/Beldeler,3+1
16.000 TL,Kepez/Yeniemek,1+1
24.000 TL,Kepez/Erenköy,2+1
17.000 TL,Döşemealtı/Yeniköy,1+1
30.000 TL,Muratpaşa/Bahçelievler,1+1
16.500 TL,Döşemealtı/Yeniköy,1+1
20.000 TL,Kepez/Varsak,2+1
25.000 TL,Döşemealtı/Yeniköy,2+1
25.000 TL,Manavgat/Ilıca,2+1
12.500 TL,Alanya/Beldeler,1+1
15.000 TL,Alanya/Beldeler,2+1
28.000 TL,Manavgat/Ilıca,1+1
21.000 TL,Alanya/Beldeler,2+1
12.500 TL,Kepez/Varsak,1+1
16.000 TL,Manavgat,1+1
22.000 TL,Kumluca,2+1
15.000 TL,Döşemealtı/Yeniköy,1+1
20.000 TL,Finike,2+1
17.250 TL,Döşemealtı/Yeniköy,2+1
20.000 TL,Aksu,2+1
24.000 TL,Aksu,2+1
30.000 TL,Muratpaşa/Gençlik,1+1
15.000 TL,Finike/Beldeler,1+1
20.000 TL,Muratpaşa/Yenigün,2+1
18.000 TL,Kepez/Erenköy,2+1
15.000 TL,Döşemealtı/Yeniköy,1+1
20.000 TL,Kumluca,2+1
15.000 TL,Kepez/Varsak,1+1
18.500 TL,Kepez/Varsak,2+1
15.000 TL,Döşemealtı/Yeniköy,1+1
50.000 TL,Aksu,4+1
20.500 TL,Finike/Beldeler,2+1
12.000 TL,Alanya/Beldeler,1+1
25.000 TL,Alanya/Beldeler,2+1
20.500 TL,Finike/Beldeler,2+1
17.000 TL,Döşemealtı/Yeniköy,2+1
23.000 TL,Döşemealtı/Yeniköy,2+1
18.000 TL,Alanya,2+1
21.000 TL,Döşemealtı/Yeniköy,2+1
21.000 TL,Döşemealtı/Yeniköy,2+1
28.000 TL,Manavgat,2+1
19.000 TL,Aksu,1+1
20.000 TL,Kepez/Varsak,2+1
17.000 TL,Kepez/Varsak,1+1
17.000 TL,Kepez/Varsak,1+1
20.000 TL,Kepez/Varsak,2+1
18.000 TL,Kumluca/Köyler,2+1
11.500 TL,Döşemealtı/Yeniköy,1+1
17.500 TL,Kepez/Erenköy,1+1
16.000 TL,Kepez/Varsak,1+1
23.000 TL,Kepez/Varsak,2+1
15.000 TL,Manavgat,1+1
16.000 TL,Alanya/Beldeler,1+1
17.000 TL,Finike,2+1
12.000 TL,Alanya/Beldeler,1+1
23.000 TL,Kepez/Merkez,1+1
20.000 TL,Kepez/Varsak,2+1
19.000 TL,Döşemealtı/Yeniköy,2+1
16.000 TL,Kepez/Varsak,2+1
23.000 TL,Muratpaşa/Eskisanayi,2+1
18.000 TL,Finike,2+1
20.000 TL,Kepez/Varsak,2+1
18.500 TL,Finike/Beldeler,2+1
23.000 TL,Serik,2+1
23.750 TL,Serik,2+1
12.000 TL,Alanya,1+1
22.000 TL,Kepez/Varsak,2+1
20.000 TL,Kepez/Sütçüler,2+1
35.000 TL,Kepez/Erenköy,3+1
18.000 TL,Aksu,1+1
15.000 TL,Alanya/Beldeler,1+1
30.000 TL,Döşemealtı/Yeniköy,3+1
11.500 TL,Alanya/Beldeler,1+1
19.500 TL,Finike/Beldeler,2+1
14.000 TL,Finike/Beldeler,1+1
16.500 TL,Finike,2+1
23.000 TL,Kepez/Varsak,2+1
17.000 TL,Döşemealtı/Yeniköy,1+1
25.000 TL,Kepez/Erenköy,2+1
18.000 TL,Kepez/Varsak,1+1
32.000 TL,Manavgat/Sarılar,4+1
15.000 TL,Alanya,2+1
14.000 TL,Alanya,1+1
27.000 TL,Manavgat,2+1
21.000 TL,Aksu,2+1
30.000 TL,Aksu,2+1
18.000 TL,Döşemealtı/Merkez,1+1
29.000 TL,Alanya/Beldeler,2+1
28.000 TL,Konyaaltı/Arapsuyu,2+1
20.000 TL,Döşemealtı/Yeniköy,2+1
26.000 TL,Aksu,2+1
21.000 TL,Aksu,2+1
23.000 TL,Kepez/Varsak,2+1
18.000 TL,Aksu,2+1
30.000 TL,Muratpaşa/Bahçelievler,1+1
16.000 TL,Kepez/Varsak,1+1
17.000 TL,Aksu,1+1
38.000 TL,Konyaaltı/Arapsuyu,3+1
15.500 TL,Kepez/Varsak,1+1
21.000 TL,Kepez/Varsak,2+1
16.000 TL,Finike/Beldeler,1+1
18.000 TL,Finike/Beldeler,2+1
16.000 TL,Kepez/Erenköy,1+1
13.000 TL,Alanya/Beldeler,Stüdyo (1+0)
17.000 TL,Manavgat,1+1
21.000 TL,Manavgat,2+1
29.000 TL,Muratpaşa/Yenigün,2+1
18.000 TL,Alanya,1+1
26.000 TL,Kepez/Varsak,2+1
16.000 TL,Aksu,1+1
25.000 TL,Aksu,2+1
19.500 TL,Aksu,1+1
14.000 TL,Finike,1+1
15.000 TL,Kepez/Varsak,1+1
18.000 TL,Aksu,1+1
21.000 TL,Döşemealtı/Yeniköy,2+1
16.500 TL,Döşemealtı/Yeniköy,1+1
45.000 TL,Finike,2+1
19.000 TL,Kepez/Varsak,1+1
22.000 TL,Kepez/Düdenbaşı,1+1
17.000 TL,Aksu,1+1
17.000 TL,Aksu,1+1
20.000 TL,Döşemealtı/Yeniköy,2+1
15.000 TL,Kepez/Varsak,1+1
15.000 TL,Kepez/Varsak,1+1
29.000 TL,Döşemealtı/Yeniköy,5+1
15.000 TL,Döşemealtı/Yeniköy,1+1
15.000 TL,Alanya,1+1
15.000 TL,Finike,1+1
15.000 TL,Kepez/Varsak,1+1
19.000 TL,Kepez/Erenköy,2+1
17.000 TL,Kepez/Varsak,1+1
18.000 TL,Kepez/Varsak,1+1
22.000 TL,Alanya,2+1
13.000 TL,Finike/Beldeler,1+1
17.000 TL,Kepez/Sütçüler,1+1
17.000 TL,Kumluca,2+1
13.000 TL,Alanya,1+1
24.000 TL,Kepez/Erenköy,2+1
25.000 TL,Kepez/Varsak,2+1
17.000 TL,Alanya/Beldeler,1+1
10.000 TL,Alanya,1+1
15.000 TL,Alanya,2+1
18.000 TL,Kepez/Varsak,1+1
18.000 TL,Aksu,1+1
20.000 TL,Alanya,2+1
25.000 TL,Kepez/Erenköy,2+1
25.000 TL,Finike/Beldeler,2+1
65.000 TL,Finike,3.5+1
60.000 TL,Finike,2+1
35.000 TL,Finike,1+1
13.750 TL,Finike/Beldeler,1+1
32.000 TL,Muratpaşa/Meltem,2+1
16.000 TL,Döşemealtı/Yeniköy,1+1
28.000 TL,Alanya/Beldeler,3+1
30.000 TL,Manavgat,2+1
20.000 TL,Kepez/Erenköy,2+1
20.000 TL,Döşemealtı/Yeniköy,2+1
20.000 TL,Kumluca,2+1
25.000 TL,Kepez/Varsak,2+1
18.000 TL,Kepez/Erenköy,2+1
19.000 TL,Kepez/Varsak,1+1
13.500 TL,Döşemealtı/Yeniköy,1+1
25.000 TL,Kepez/Sütçüler,2+1
20.000 TL,Kepez/Varsak,2+1
18.000 TL,Alanya/Beldeler,2+1
25.000 TL,Kepez/Varsak,4+1
10.000 TL,Alanya/Beldeler,1+1
20.000 TL,Kepez/Sütçüler,2+1
23.000 TL,Kepez/Merkez,1+1
20.000 TL,Kumluca,2+1
17.500 TL,Gazipaşa,2+1
20.000 TL,Kepez/Dokuma,1+1
16.000 TL,Kepez/Varsak,2+1
21.500 TL,Kepez/Varsak,3+1
19.000 TL,Alanya/Beldeler,2+1
25.000 TL,Kepez/Merkez,1+1
20.000 TL,Manavgat/Sarılar,2+1
13.000 TL,Gazipaşa,1+1
20.000 TL,Kepez/Erenköy,2+1
17.000 TL,Alanya/Beldeler,1+1
16.900 TL,Aksu,1+1
25.000 TL,Muratpaşa/Eskisanayi,2+1
21.000 TL,Muratpaşa/Eskisanayi,1+1
22.000 TL,Manavgat,1+1
16.000 TL,Kepez/Varsak,1+1
24.000 TL,Kepez/Erenköy,2+1
30.000 TL,ManavgatIlıca,3+1
18.000 TL,Gazipaşa,2+1
20.000 TL,Aksu,1+1
18.000 TL,Kepez/Erenköy,2+1
25.000 TL,Döşemealtı/Yeniköy,3+1
28.000 TL,Manavgat/Ilıca,2+0
30.000 TL,Manavgat/Ilıca,3+1
30.000 TL,Manavgat/Ilıca,3+1
25.000 TL,Manavgat/Ilıca,2+1
27.500 TL,Manavgat/Ilıca,2+1
15.000 TL,Döşemealtı/Yeniköy,1+1
30.500 TL,Manavgat/Ilıca,2+1
40.000 TL,Alanya/Beldeler,3+1
27.000 TL,Manavgat,2+1
17.000 TL,Aksu,1+1
25.000 TL,Döşemealtı/Yeniköy,2+1
16.000 TL,Kepez/Sütçüler,1+1
17.500 TL,Kepez/Erenköy,1+1
23.000 TL,Kepez/Erenköy,2+1
23.500 TL,Aksu,1+1
35.000 TL,Kepez/Erenköy,3+1
13.000 TL,Aksu,1+1
20.000 TL,Aksu,1+1
29.000 TL,Aksu,1+1
29.000 TL,Aksu,2+1
25.000 TL,Kepez/Varsak,1+1
30.000 TL,Kepez/Varsak,3+1
14.000 TL,Döşemealtı/Yeniköy,1+1
15.000 TL,Döşemealtı/Yeniköy,1+1
18.000 TL,Kepez/Varsak,2+1
24.000 TL,Aksu,1+1
23.500 TL,Kepez/Varsak,3+1
18.000 TL,Aksu,1+1
22.000 TL,Kepez/Varsak,1+1
17.000 TL,Alanya/Beldeler,1+1
19.000 TL,Kepez/Sütçüler,1+1
18.000 TL,Kepez/Erenköy,2+1
20.000 TL,Kepez/Varsak,2+1
17.000 TL,Döşemealtı/Yeniköy,2+1
21.000 TL,Kepez/Erenköy,2+1
18.000 TL,Serik,2+1
16.000 TL,Aksu,1+1
25.000 TL,Kepez/Varsak,2+1
9.500 TL,Gazipaşa,1+1
18.000 TL,Döşemealtı/Yeniköy,2+1
85.000 TL,Alanya/Beldeler,1+1
13.000 TL,Alanya,1+1
30.000 TL,Aksu,2+1
20.000 TL,Finike/Beldeler,2+1
22.000 TL,Alanya,2+1
30.000 TL,Kepez/Merkez,2+1
20.000 TL,Gazipaşa,3+1
25.000 TL,Muratpaşa/Lara,2+1
25.000 TL,Manavgat/Sarılar,2+1
15.500 TL,Kepez/Varsak,1+1
17.500 TL,Kepez/Erenköy,1+1
20.000 TL,Kepez/Erenköy,2+1
35.000 TL,Kepez/Varsak,3+1
15.000 TL,Aksu,1+1
15.000 TL,Finike,2+1
20.000 TL,Kepez/Yeniemek,1+1
15.000 TL,Alanya,1+1
18.000 TL,Gazipaşa,2+1
16.000 TL,Kepez/Sütçüler,1+1
20.000 TL,Kepez/Düdenbaşı,1+1
28.000 TL,Manavgat/Ilıca,2+1
17.000 TL,Aksu,1+1
26.000 TL,Muratpaşa/Bahçelievler,1+1
16.000 TL,Alanya/Beldeler,1+1
35.000 TL,Aksu,2+1
35.000 TL,Muratpaşa/Lara,3+1
16.500 TL,Döşemealtı/Yeniköy,2+1
13.500 TL,Alanya/Beldeler,1+1
13.000 TL,Alanya,1+1
18.000 TL,Kepez/Varsak,1+1
27.000 TL,Kepez/Varsak,3+1
18.000 TL,Kepez/Yeniemek,2+1
21.000 TL,Aksu,1+1
15.500 TL,Alanya/Beldeler,2+1
15.000 TL,Kumluca,1+1
25.000 TL,Döşemealtı/Yeniköy,2+1
20.000 TL,Aksu,1+1
20.000 TL,Döşemealtı/Merkez,1+1
24.000 TL,Döşemealtı/Merkez,1+1
22.500 TL,Döşemealtı/Yeniköy,2+1
18.000 TL,Kumluca,2+1
20.000 TL,Kepez/Erenköy,1+1
20.000 TL,Finike,2+1
12.000 TL,Alanya,1+1
20.000 TL,Kepez/Varsak,2+1
18.000 TL,Gazipaşa,2+1
18.000 TL,Kepez/Erenköy,2+1
14.000 TL,Döşemealtı/Yeniköy,1+1
24.000 TL,Aksu,2+1
30.500 TL,Döşemealtı/Yeniköy,3+1
16.000 TL,Döşemealtı/Yeniköy,1+1
30.000 TL,Alanya/Beldeler,3+1
25.000 TL,Kepez/Varsak,2+1
16.000 TL,Kumluca,2+0
19.000 TL,Kepez/Varsak,1+1
24.000 TL,Serik,2+1
15.000 TL,Kepez/Varsak,1+1
16.500 TL,Kepez/Varsak,1+1
15.000 TL,Alanya/Beldeler,1+1
12.500 TL,Döşemealtı/Yeşilbayır,1+1
28.000 TL,Manavgat/Ilıca,2+1
15.000 TL,Aksu,1+1
23.500 TL,Kepez/Varsak,2+1
16.000 TL,Kepez/Varsak,1+1
18.000 TL,Döşemealtı/Merkez,1+1
160.000 TL,Finike,1+1
25.000 TL,Aksu,1+1
16.000 TL,Kepez/Erenköy,1+1
18.000 TL,Döşemealtı/Yeniköy,1+1
16.500 TL,Kepez/Varsak,1+1
25.000 TL,Gazipaşa,2+1
25.000 TL,Kepez/Yeniemek,2+1
27.500 TL,Finike/Beldeler,3+1
22.000 TL,Aksu,2+1
23.000 TL,Döşemealtı/Yeniköy,2+1
20.000 TL,Kepez/Varsak,1+1
23.000 TL,Kepez/Varsak,2+1
15.000 TL,Aksu,1+1
15.000 TL,Alanya,1+1
19.000 TL,Kepez/Erenköy,2+1
17.000 TL,Döşemealtı/Yeniköy,1+1
19.000 TL,Kepez/Merkez,1+1
17.250 TL,Kepez/Varsak,1+1
22.000 TL,Muratpaşa/Yenigün,2+1
22.000 TL,Alanya/Beldeler,1+1
19.000 TL,FinikeBeldeler,1+1
16.000 TL,Alanya,2+1
22.000 TL,Kepez/Varsak,2+1
15.000 TL,Finike/Beldeler,1+1
18.000 TL,Kepez/Varsak,1+1
20.000 TL,Finike/Beldeler,2+1
17.000 TL,Aksu,1+1
18.000 TL,Döşemealtı/Merkez,2+1
25.000 TL,Manavgat,1+1
16.000 TL,Döşemealtı/Yeniköy,1+1
20.000 TL,Kepez/Varsak,2+1
15.000 TL,Döşemealtı/Yeniköy,1+1
20.000 TL,Kepez/Erenköy,2+1
18.000 TL,Finike/Beldeler,2+1
15.000 TL,Gazipaşa,1+1
20.000 TL,Kepez/Varsak,2+1
15.000 TL,Döşemealtı/Yeniköy,1+1
13.500 TL,Döşemealtı/Merkez,1+1
16.000 TL,Kepez/Erenköy,1+1
35.000 TL,Aksu,3+1
50.000 TL,Finike,2+1
55.000 TL,Finike,3+1
17.000 TL,Alanya/Beldeler,2+1
20.000 TL,Alanya,2+1
20.000 TL,Finike/Beldeler,2+1
20.000 TL,Aksu,1+1
20.000 TL,Kepez/Varsak,2+1
16.000 TL,Kepez/Varsak,1+1
15.500 TL,Kepez/Varsak,1+1
29.000 TL,Aksu,2+1
24.000 TL,Aksu,1+1
25.000 TL,Demre/Kale(Demre),2+1
21.000 TL,Serik,2+1
18.500 TL,Manavgat/Taşağıl,3+1
25.000 TL,Gazipaşa,2+1
24.000 TL,Kepez/Varsak,1+1
18.000 TL,Kepez/Varsak,2+1
23.000 TL,Kepez/Varsak,2+1
30.000 TL,Manavgat/Sarılar,3+1
15.000 TL,Kepez/Erenköy,Stüdyo (1+0)
15.000 TL,Kepez/Varsak,1+1
20.000 TL,Kepez/Varsak,2+1
20.000 TL,Kepez/Merkez,1+1
18.500 TL,Kepez/Erenköy,1+1
24.000 TL,Kemer,2+1
21.000 TL,Kepez/Erenköy,2+1
25.000 TL,Döşemealtı/Yeniköy,1+1
13.500 TL,Döşemealtı/Yeniköy,1+1
16.000 TL,Kepez/Sütçüler,1+1
19.000 TL,Kepez/Varsak,2+1
25.000 TL,Alanya/Beldeler,2+1
16.000 TL,Gazipaşa,2+1
25.000 TL,Aksu,2+1
19.500 TL,Kepez/Erenköy,1+1
17.500 TL,Kepez/Varsak,2+1
25.000 TL,Manavgat,2+1
15.000 TL,Alanya,1+1
20.000 TL,Kepez/Erenköy,2+1
18.000 TL,Kepez/Varsak,2+1
18.000 TL,Kepez/Varsak,1+1
22.500 TL,Manavgat/Sarılar,2+1
20.000 TL,Kepez/Yeniemek,1+1
35.000 TL,Manavgat,2+1
18.000 TL,Döşemealtı/Yeniköy,2+1
25.000 TL,Aksu,2.5+1
45.000 TL,Finike,2+1
20.000 TL,Alanya,2+1
14.500 TL,Döşemealtı/Yeniköy,1+1
25.000 TL,Aksu,1+1
45.000 TL,Manavgat,3+1
16.000 TL,Manavgat,1+1
33.000 TL,Manavgat/Ilıca,2+1
22.000 TL,Alanya,1+1
14.000 TL,Döşemealtı/Merkez,1+1
19.000 TL,Kepez/Duraliler,2+0
15.000 TL,Kepez/Erenköy,1+1
16.000 TL,Kepez/Varsak,1+1
17.900 TL,Aksu,1+1
30.000 TL,Alanya,2+1
18.000 TL,Kepez/Varsak,2+1
18.000 TL,Aksu,1+1
20.000 TL,Kepez/Varsak,2+1
34.000 TL,Muratpaşa/Gençlik,2+1
17.900 TL,ManavgatIlıca,2+1
10.000 TL,Gazipaşa/Köyler,1+1
29.000 TL,Manavgat,2+1
25.000 TL,Aksu,1+1
15.000 TL,Kepez/Varsak,1+1
35.000 TL,Muratpaşa/Gençlik,2+1
35.000 TL,Alanya,2+1
20.000 TL,Finike/Beldeler,2+1
25.000 TL,Kepez/Erenköy,2+1
16.000 TL,Alanya,1+1
14.000 TL,Kepez/Duraliler,2+1
22.000 TL,Aksu,2+1
11.000 TL,Alanya/Beldeler,1+1
13.000 TL,Alanya/Beldeler,1+1
12.500 TL,Döşemealtı/Yeniköy,1+1
15.000 TL,Aksu,1+1
21.000 TL,Alanya/Beldeler,1+1
10.000 TL,Gazipaşa,1+1
20.000 TL,Gazipaşa,2+1
20.000 TL,Aksu,1+1
32.000 TL,Aksu,2+1
12.000 TL,Alanya,1+1
20.000 TL,Aksu,2+1
10.000 TL,Alanya,1+1
15.500 TL,Kepez/Varsak,1+1
20.000 TL,Serik,2+1
25.000 TL,Aksu,2+1
15.000 TL,Alanya/Beldeler,1+1
40.000 TL,Konyaaltı/Arapsuyu,2+1
14.000 TL,Döşemealtı/Yeniköy,1+1
12.000 TL,Alanya/Beldeler,1+1
15.000 TL,Döşemealtı/Yeniköy,1+1
19.500 TL,Kepez/Varsak,2+1
16.000 TL,Konyaaltı/Köyler,1+1
21.000 TL,Kepez/Merkez,2+1
23.000 TL,Döşemealtı/Yeniköy,2+1
25.000 TL,Aksu,2+1
29.000 TL,Manavgat/Ilıca,3+1
18.000 TL,KonyaaltıKöyler,1+1
18.000 TL,Muratpaşa/Eskisanayi,1+1
19.000 TL,Finike/Beldeler,2+1
38.000 TL,Muratpaşa/Meltem,2+1
16.000 TL,Kepez/Erenköy,1+1
35.000 TL,Alanya,2+1
17.000 TL,Kepez/Ahatlı,2+1
22.000 TL,Manavgat/Ilıca,1+1
20.500 TL,Kepez/Varsak,2+1
10.000 TL,Gazipaşa,1+1
20.000 TL,Kepez/Erenköy,3+1
20.000 TL,Alanya/Beldeler,1+1
15.000 TL,Kumluca,1+1
35.000 TL,Kepez/Erenköy,3+1
22.000 TL,Kepez/Erenköy,1+1
20.000 TL,Kepez/Erenköy,2+1
21.000 TL,Finike/Beldeler,2+1
13.000 TL,Finike/Beldeler,1+1
20.000 TL,Kepez/Sütçüler,2+1
15.000 TL,Gazipaşa,2+1
13.500 TL,Kepez/Ahatlı,1+1
21.000 TL,Kepez/Yeniemek,3+1
20.000 TL,Kepez/Varsak,2+1
20.000 TL,KepezSütçüler,1+1
15.000 TL,Döşemealtı/Yeniköy,1+1
15.000 TL,Alanya,2+1
23.000 TL,Kepez/Sütçüler,1+1
14.500 TL,Alanya/Beldeler,1+1
30.000 TL,Aksu,1+1
24.000 TL,Kepez/Erenköy,2+1
25.500 TL,Aksu,2+1
15.500 TL,Alanya,1+1
16.500 TL,Kepez/Varsak,2+1
22.000 TL,Muratpaşa/Güzeloluk,1+1
17.000 TL,Kepez/Varsak,2+1
10.000 TL,Gazipaşa,1+1
23.000 TL,Kepez/Duraliler,1+1
20.000 TL,Alanya,1+1
29.500 TL,Manavgat/Ilıca,2+1
17.000 TL,Kepez/Sütçüler,2+1
10.000 TL,Gazipaşa,2+1
38.000 TL,Muratpaşa/Meltem,2+1
18.000 TL,Alanya,2+1
25.000 TL,Kepez/Merkez,2+1
28.500 TL,Aksu,3+1
27.500 TL,Manavgat/Ilıca,2+1
26.000 TL,Konyaaltı/Arapsuyu,1+1
23.000 TL,Kepez/Varsak,2+1
29.500 TL,Alanya,2+1
22.000 TL,Kepez/Merkez,2+1
15.000 TL,Aksu,1+1
15.000 TL,Kepez/Varsak,1+1
12.500 TL,Kepez/Erenköy,Stüdyo (1+0)
18.000 TL,Aksu,1+1
16.500 TL,Kepez/Varsak,1+1
22.000 TL,Kepez/Varsak,2+1
27.000 TL,Kepez/Varsak,3+1
28.000 TL,Manavgat,1+1
14.000 TL,Kepez/Varsak,1+1
29.000 TL,Manavgat/Sarılar,4+1
14.000 TL,Alanya/Beldeler,1+1
16.000 TL,Kepez/Varsak,2+1
30.000 TL,Alanya,2+1
15.000 TL,Muratpaşa/Yenigün,1+1
15.000 TL,Kepez/Erenköy,1+1
20.000 TL,Serik,2+1
25.000 TL,Alanya/Beldeler,1+1
16.000 TL,Kepez/Varsak,1+1
20.000 TL,Alanya,2+1
14.000 TL,Alanya,1+1
10.000 TL,Gazipaşa,1+1
19.000 TL,Kepez/Varsak,2+1
30.000 TL,Aksu,1+1
10.000 TL,Korkuteli,2+1
16.000 TL,Döşemealtı/Yeniköy,1+1
20.000 TL,Finike/Beldeler,2+1
22.000 TL,Kepez/Sütçüler,2+1
23.000 TL,Korkuteli,1+1
19.000 TL,Gazipaşa,2+1
20.000 TL,Kepez/Düdenbaşı,1+1
32.000 TL,Kepez/Erenköy,5+1
16.000 TL,Kepez/Ahatlı,1+1
23.000 TL,Aksu,1+1
64.000 TL,Alanya/Beldeler,4+1
19.500 TL,Kepez/Merkez,2+1
16.000 TL,Alanya/Beldeler,1+1
16.000 TL,Kepez/Varsak,1+1
25.000 TL,Manavgat/Köyler,2+1
21.000 TL,Kumluca,1+1
25.000 TL,Alanya/Beldeler,3+1
20.000 TL,Kepez/Erenköy,2+1
23.000 TL,Aksu,2+1
21.000 TL,Kepez/Sütçüler,2+1
26.000 TL,Alanya/Beldeler,2+1
20.000 TL,Demre/Kale(Demre),2+1
23.000 TL,Kumluca,2+1
35.000 TL,Kepez/Sütçüler,3+1
23.000 TL,AlanyaBeldeler,2+1
18.000 TL,Alanya/Beldeler,1+1
25.000 TL,Alanya,4+1
20.500 TL,Kepez/Erenköy,2+1
20.000 TL,Döşemealtı/Yeniköy,2+1
30.000 TL,Aksu,2+1
18.000 TL,Kepez/Varsak,2+1
17.000 TL,Kepez/Sütçüler,1+1
25.000 TL,KepezVarsak,2+1
15.000 TL,Döşemealtı/Yeniköy,1+1
13.000 TL,Alanya,1+1
14.000 TL,Döşemealtı/Merkez,1+1
20.000 TL,Kepez/Erenköy,2+1
20.000 TL,Serik,1+1
9.500 TL,Gazipaşa,1+1
20.000 TL,Döşemealtı/Merkez,2+1
19.000 TL,Kepez/Varsak,2+1
23.000 TL,Muratpaşa/Eskisanayi,1+1
18.000 TL,Kepez/Erenköy,2+1
35.000 TL,Manavgat,3+1
34.000 TL,Alanya/Beldeler,3+1
30.000 TL,Manavgat,2+1
14.500 TL,Kepez/Varsak,1+1
25.000 TL,Manavgat/Ilıca,1+1
25.000 TL,Aksu,2+1
18.000 TL,Manavgat/Taşağıl,1+1
20.000 TL,Manavgat/Taşağıl,1+1
21.000 TL,Kepez/Ahatlı,1+1
22.000 TL,Aksu,1+1
18.000 TL,Döşemealtı/Yeniköy,2+1
13.500 TL,Alanya/Demirtaş,1+1
16.000 TL,Kepez/Erenköy,1+1
14.000 TL,Gazipaşa,1+1
15.000 TL,Alanya,1+1
13.000 TL,Kepez/Varsak,2+1
15.000 TL,Döşemealtı/Yeniköy,1+1
22.000 TL,Finike/Beldeler,3+1
21.000 TL,Kumluca,2+1
16.000 TL,Alanya/Beldeler,1+1
15.000 TL,Kepez/Erenköy,1+1
25.000 TL,Manavgat/Taşağıl,2+1
20.000 TL,Aksu,1+1
30.000 TL,Manavgat/Ilıca,2+1
23.500 TL,Kepez/Varsak,2+1
25.000 TL,Alanya,1+1
20.000 TL,Manavgat/Köyler,2+1
15.000 TL,Kepez/Erenköy,1+1
14.000 TL,Alanya,1+1
20.000 TL,Kepez/Varsak,3+1
18.000 TL,Kepez/Varsak,2+1
14.000 TL,Alanya,1+1
20.500 TL,Kepez/Varsak,2+1
20.000 TL,Manavgat/Sarılar,2+1
20.000 TL,Döşemealtı/Yeniköy,2+1
23.500 TL,Manavgat/Sarılar,2+1
39.000 TL,Muratpaşa/Meltem,2+1
22.000 TL,Kepez/Varsak,2+1
17.500 TL,Kepez/Varsak,2+1
20.000 TL,Kepez/Varsak,2+1
21.000 TL,Kepez/Sütçüler,2+1
23.500 TL,KepezVarsak,2+1
40.000 TL,Kepez/Düdenbaşı,3+1
20.000 TL,Döşemealtı/Yeşilbayır,2+1
15.000 TL,Kepez/Varsak,2+1
19.000 TL,Aksu,1+1
19.500 TL,Kepez/Duraliler,1+1
10.000 TL,Gazipaşa,1+1
22.000 TL,Alanya,2+1
26.000 TL,Kepez/Varsak,3+1
13.500 TL,Alanya,1+1
25.000 TL,Kumluca,2+1
24.000 TL,Alanya/Beldeler,2+1
18.000 TL,Kepez/Varsak,1+1
19.500 TL,Döşemealtı/Yeniköy,2+1
14.500 TL,Finike/Beldeler,1+1
20.000 TL,Kepez/Sütçüler,2+1
16.000 TL,Kepez/Varsak,1+1
10.000 TL,Gazipaşa,1+1
15.000 TL,Kepez/Düdenbaşı,1+1
12.500 TL,Alanya,1+1
15.000 TL,Alanya/Beldeler,1+1
21.500 TL,Manavgat/Sarılar,2+1
22.000 TL,Kepez/Erenköy,2+1
15.000 TL,Kepez/Varsak,1+1
15.000 TL,Kepez/Erenköy,1+1
20.000 TL,Alanya/Beldeler,2+1
15.250 TL,Kepez/Varsak,1+1
19.000 TL,Döşemealtı/Yeniköy,2+1
38.000 TL,Muratpaşa/Meltem,2+1
21.500 TL,Alanya/Beldeler,2+1
18.000 TL,Alanya/Beldeler,2+1
25.000 TL,Alanya,2+1
30.000 TL,Alanya,2+1
30.500 TL,Kepez/Erenköy,2+1
32.000 TL,Manavgat,5+1
12.000 TL,Gazipaşa,1+1
14.000 TL,Alanya,1+1
18.000 TL,Kepez/Varsak,2+1
12.000 TL,Alanya,1+1
14.000 TL,Alanya,1+1
13.000 TL,Döşemealtı/Merkez,2+1
12.000 TL,Gazipaşa,1+1
25.000 TL,Alanya,2+1
20.000 TL,Muratpaşa/Eskisanayi,2+1
20.000 TL,Aksu,1+1
23.000 TL,Finike/Beldeler,3+1
15.000 TL,Gazipaşa,2+1
13.000 TL,Kepez/Varsak,1+1
26.500 TL,Muratpaşa/Lara,2+1
15.000 TL,Alanya/Beldeler,1+1
25.000 TL,Alanya,2+1
15.000 TL,KepezVarsak,2+1
18.000 TL,Alanya,2+1
12.000 TL,Alanya,1+1
12.000 TL,Alanya,1+1
22.000 TL,Alanya/Beldeler,2+1
20.000 TL,Alanya/Beldeler,2+1
19.000 TL,Kepez/Varsak,2+1
28.000 TL,Aksu,2+1
17.000 TL,Kumluca,1+1
18.000 TL,Kepez/Erenköy,2+1
17.000 TL,Kepez/Varsak,1+1
15.000 TL,Gazipaşa,2+1
20.000 TL,Manavgat/Köyler,2+1
20.000 TL,Döşemealtı/Yeniköy,2+1
35.000 TL,Alanya,3+1
17.000 TL,Döşemealtı/Yeniköy,2+1
20.000 TL,Manavgat,3+1
16.000 TL,Kumluca,2+1
13.000 TL,Alanya,1+1
16.000 TL,Döşemealtı/Yeniköy,2+1
17.000 TL,Kepez/Ahatlı,1+1
23.000 TL,Kepez/Erenköy,2+1
38.000 TL,Muratpaşa/Meltem,2+1
18.000 TL,Aksu,1+1
13.000 TL,Alanya/Beldeler,1+1
28.000 TL,Kepez/Varsak,2+1
20.000 TL,Alanya/Beldeler,2+1
18.000 TL,Kepez/Varsak,2+1
27.000 TL,Kepez/Düdenbaşı,2+1
15.000 TL,Kepez/Ahatlı,1+1
20.000 TL,Finike,2+1
22.000 TL,Kepez/Erenköy,2+1
19.000 TL,Finike/Beldeler,3+1
15.000 TL,Alanya,3+1
21.000 TL,Manavgat/Köyler,3+1
25.000 TL,Finike,2+1
24.000 TL,Kepez/Erenköy,2+1
35.000 TL,Alanya,3+1
30.000 TL,Manavgat,3+1
20.000 TL,Kepez/Varsak,2+1
17.000 TL,Finike/Beldeler,2+1
18.500 TL,Muratpaşa/Eskisanayi,1+1
21.000 TL,KepezVarsak,2+1
23.000 TL,Kepez/Erenköy,2+1
21.999 TL,Kepez/Duraliler,2+1
20.000 TL,Kepez/Varsak,2+1
12.000 TL,Alanya/Beldeler,1+1
13.000 TL,Gazipaşa,1+1
28.000 TL,Kepez/Erenköy,3+1
23.000 TL,Muratpaşa/Yenigün,3+1
19.000 TL,Kepez/Varsak,2+1
16.000 TL,Kumluca/Köyler,1+1
25.000 TL,Kepez/Duraliler,2+1
23.000 TL,Kepez/Varsak,3+1
15.000 TL,Serik,1+1
32.000 TL,Muratpaşa/Lara,1+1
33.000 TL,Muratpaşa/Lara,2+1
27.500 TL,Kepez/Erenköy,2+1
32.000 TL,Döşemealtı/Merkez,3+1
27.000 TL,Muratpaşa/Lara,1+1
20.000 TL,Kaş/Köyler,2+1
18.000 TL,Kepez/Varsak,3+1
32.000 TL,Gazipaşa,2+1
20.000 TL,Kepez/Sütçüler,2+1
19.000 TL,Gazipaşa,3+1
15.500 TL,Gazipaşa,2+1
26.000 TL,Gazipaşa,4+1
9.000 TL,Gazipaşa,1+1
18.000 TL,Finike,2+1
23.000 TL,Döşemealtı/Yeniköy,2+1
38.000 TL,Muratpaşa/Meltem,2+1
15.000 TL,Kepez/Erenköy,1+1
29.000 TL,Muratpaşa/Lara,1+1
22.500 TL,Kepez/Erenköy,2+1
21.950 TL,Muratpaşa/Eskisanayi,1+1
25.000 TL,Serik,3+1
26.000 TL,Döşemealtı/Yeniköy,3+1
30.000 TL,Manavgat/Çolaklı,2+1
25.000 TL,Kepez/Düdenbaşı,2+1
16.000 TL,Finike/Beldeler,2+1
15.000 TL,Alanya/Beldeler,1+1
23.500 TL,Kaş/Kalkan,2+1
18.000 TL,Döşemealtı/Yeniköy,2+1
22.000 TL,Serik,2+1
13.000 TL,Alanya,1+1
25.000 TL,Döşemealtı/Yeşilbayır,2+1
12.000 TL,Manavgat,Stüdyo (1+0)
18.000 TL,Kepez/Erenköy,2+1
22.500 TL,Kepez/Varsak,3+1
25.000 TL,Serik,2+1
42.000 TL,Alanya,4+1
38.000 TL,Manavgat,5+1
20.000 TL,Muratpaşa/Eskisanayi,2+1
21.000 TL,Kepez/Merkez,2+1
17.000 TL,Kepez/Ahatlı,1+1
20.000 TL,Kepez/Varsak,2+1
14.000 TL,Alanya,1+1
22.000 TL,Kepez/Sütçüler,2+1
18.000 TL,Muratpaşa/Yenigün,2+1
16.000 TL,Aksu,1+1
20.000 TL,Kepez/Dokuma,2+1
25.000 TL,Döşemealtı/Merkez,3+1
33.000 TL,Kepez/Ahatlı,2+1
25.000 TL,Kepez/Erenköy,2+1
20.000 TL,Döşemealtı/Yeniköy,2+1
23.000 TL,Muratpaşa/Kızıltoprak,2+1
20.000 TL,Finike,3+1
28.000 TL,Kepez/Erenköy,2+1
37.000 TL,Alanya,2+1
20.000 TL,Kepez/Sütçüler,2+1
22.000 TL,Kepez/Sütçüler,2+1
14.500 TL,Serik/Yukarıkocayatak,2+1
22.000 TL,Kepez/Erenköy,2+1
30.000 TL,Manavgat,3+1
25.000 TL,Kepez/Sütçüler,2+1
17.000 TL,Kepez/Varsak,2+1
27.000 TL,Kepez/Erenköy,2+1
21.000 TL,Kepez/Varsak,3+1
22.500 TL,Döşemealtı/Yeniköy,2+1
17.500 TL,Kepez/Varsak,1+1
15.000 TL,Kaş/Kalkan,1+1
15.500 TL,Gazipaşa,2+1
28.000 TL,Manavgat/Sarılar,2+1
16.000 TL,Serik/Yukarıkocayatak,2+1
18.000 TL,Aksu,2+1
30.000 TL,Alanya/Beldeler,3+1
15.000 TL,Gazipaşa,2+1
17.000 TL,Kepez/Varsak,2+1
28.500 TL,Manavgat/Ilıca,3+1
20.000 TL,Gazipaşa,2+1
12.000 TL,Alanya,1+1
25.000 TL,Döşemealtı/Yeşilbayır,2+1
30.000 TL,Manavgat,3+1
40.000 TL,Kepez/Erenköy,3+1
23.000 TL,Kepez/Erenköy,2+1
17.000 TL,Kepez/Varsak,2+1
22.000 TL,Kepez/Erenköy,2+1
23.000 TL,Kepez/Erenköy,2+1
23.000 TL,Kepez/Sütçüler,2+1
13.000 TL,Alanya/Beldeler,1+1
30.000 TL,Kepez/Erenköy,2+1
21.000 TL,Manavgat,2+1
21.000 TL,Manavgat,2+1
23.000 TL,Döşemealtı/Yeniköy,3+1
21.000 TL,KepezSütçüler,2+1
28.000 TL,Muratpaşa/Eskisanayi,2+1
26.000 TL,Muratpaşa/Eskisanayi,2+1
20.000 TL,Kepez/Ahatlı,3+0
20.000 TL,Muratpaşa/Eskisanayi,2+1
20.000 TL,Kepez/Ahatlı,2+1
25.000 TL,Kepez/Varsak,3+1
26.500 TL,Kepez/Sütçüler,3+1
16.500 TL,Kepez/Merkez,3+1
21.000 TL,Muratpaşa/Eskisanayi,2+1
22.000 TL,Muratpaşa/Kızıltoprak,2+1
25.000 TL,Aksu,2+1
25.000 TL,Kepez/Düdenbaşı,2+1
28.000 TL,Manavgat,3+1
22.500 TL,Kepez/Merkez,2+1
18.000 TL,Kemer/Göynük,2+1
22.000 TL,Kepez/Varsak,2+1
23.000 TL,Kepez/Varsak,2+1
16.500 TL,Muratpaşa/Yenigün,2+1
19.000 TL,Kepez/Duraliler,2+1
35.000 TL,Muratpaşa/Eskisanayi,3+1
33.000 TL,Manavgat,3+1
18.000 TL,Kepez/Dokuma,1+1
17.000 TL,Manavgat/Köyler,2+1
13.000 TL,Kepez/Ahatlı,Stüdyo (1+0)
20.000 TL,Kepez/Sütçüler,2+1
25.000 TL,Muratpaşa/Yenigün,2+1
28.000 TL,Muratpaşa/Lara,2+1
12.000 TL,Döşemealtı/Yeniköy,Stüdyo (1+0)
14.000 TL,Manavgat,2+1
23.000 TL,Muratpaşa/Yenigün,3+1
18.000 TL,Serik,3+1
28.000 TL,Muratpaşa/Yenigün,2+1
16.500 TL,Kepez/Erenköy,1+1
15.000 TL,Kepez/Ahatlı,1+1
20.000 TL,Muratpaşa/Yenigün,2+1
24.000 TL,Muratpaşa/Eskisanayi,2+1
20.000 TL,Kepez/Varsak,2+1
20.000 TL,Kepez/Sütçüler,3+1
25.000 TL,Kepez/Yeniemek,3+1
22.000 TL,Konyaaltı/Arapsuyu,1+1
35.000 TL,Manavgat,3+1
20.000 TL,Kepez/Ahatlı,1+1
24.000 TL,Manavgat,1+1
23.000 TL,Kepez/Duraliler,2+1
35.000 TL,Muratpaşa/Lara,2+1
20.000 TL,Muratpaşa/Yenigün,2+1
20.000 TL,Döşemealtı/Yeniköy,3+1
45.000 TL,Muratpaşa/Lara,3+1
22.000 TL,Manavgat/Köyler,3+1
38.000 TL,Konyaaltı/Arapsuyu,2+1
23.000 TL,Alanya,1+1
23.000 TL,Manavgat,2+1
31.000 TL,Muratpaşa/Fener,2+1
28.000 TL,Kaş/Köyler,2+1
19.000 TL,Manavgat,1+1
14.000 TL,Kepez/Erenköy,2+1
17.000 TL,Kepez/Erenköy,2+1
15.000 TL,Kepez/Dokuma,1+1
25.000 TL,Kemer/Köyler,1+1
30.000 TL,Manavgat,2+1
22.000 TL,Kemer,1+1
22.000 TL,Muratpaşa/Eskisanayi,2+1
20.000 TL,Muratpaşa/Kızıltoprak,2+1
18.000 TL,Kepez/Dokuma,1+1
35.000 TL,Konyaaltı/Merkez,2+1
30.000 TL,Kumluca,2+1
45.000 TL,Konyaaltı/Merkez,4+1
19.000 TL,Kepez/Sütçüler,2+1
25.000 TL,Kepez/Erenköy,4+1
26.500 TL,Kepez/Düdenbaşı,3+1
20.000 TL,Manavgat,3+1
21.000 TL,Aksu,2+1
26.000 TL,Kepez/Erenköy,3+1
24.000 TL,Kepez/Dokuma,1+1
22.000 TL,Muratpaşa/Kızıltoprak,2+1
15.000 TL,Kepez/Ahatlı,2+0
31.500 TL,Konyaaltı/Arapsuyu,1+1
23.000 TL,Kepez/Sütçüler,2+1
42.000 TL,Manavgat,5+1
15.000 TL,Kepez/Duraliler,3+1
24.000 TL,Kepez/Erenköy,2+1
27.000 TL,Kepez/Duraliler,2+1
45.000 TL,Konyaaltı/Merkez,4+1
24.000 TL,Kepez/Varsak,3+1
29.000 TL,Muratpaşa/Merkez,2+1
25.000 TL,Muratpaşa/Yenigün,3+1
24.000 TL,Manavgat/Sarılar,2+1
20.000 TL,Aksu,2+1
24.000 TL,Manavgat,1+1
21.000 TL,Kepez/Sütçüler,2+1
25.000 TL,Alanya/Beldeler,2+1
22.000 TL,Muratpaşa/Yenigün,2+1
20.000 TL,KepezYeniemek,3+1
25.000 TL,Kepez/Ahatlı,2+1
20.000 TL,Kepez/Yeniemek,2+1
20.000 TL,Manavgat/Köyler,2+1
16.000 TL,Kepez/Erenköy,2+1
18.000 TL,Muratpaşa/Yenigün,2+1
20.000 TL,Manavgat/Köyler,3+1
46.000 TL,Konyaaltı/Merkez,4+1
20.000 TL,Manavgat/Sarılar,2+1
28.000 TL,Manavgat,4+1
20.000 TL,Manavgat/Sarılar,2+1
33.000 TL,Kepez/Yeniemek,4+1
16.000 TL,Kepez/Sütçüler,2+1
18.000 TL,Kepez/Sütçüler,2+1
24.000 TL,Kepez/Ahatlı,2+1
20.000 TL,Manavgat/Köyler,3+1
20.000 TL,Kemer,2+1
20.000 TL,Alanya,2+1
16.000 TL,Kepez/Varsak,2+1
18.250 TL,Kepez/Ahatlı,1+1
18.000 TL,Kepez/Erenköy,2+1
25.000 TL,Kepez/Varsak,3+1
20.500 TL,Kepez/Duraliler,3+1
27.000 TL,Kepez/Sütçüler,4+1
20.000 TL,Döşemealtı/Yeniköy,2+1
19.000 TL,Kepez/Ahatlı,1+1
24.000 TL,Kepez/Ahatlı,2+1
17.500 TL,Kepez/Ahatlı,1+1
20.000 TL,Muratpaşa/Eskisanayi,2+1
23.000 TL,Manavgat/Sarılar,2+1
20.000 TL,Muratpaşa/Meltem,2+0
14.500 TL,KepezAhatlı,2+0
28.000 TL,Aksu,3+1
28.500 TL,Kepez/Ahatlı,3+1
25.900 TL,Döşemealtı/Yeniköy,3+1
20.000 TL,Muratpaşa/Lara,1+1
14.500 TL,Kepez/Sütçüler,1+1
18.000 TL,Kepez/Ahatlı,2+1
20.000 TL,Manavgat,2+1
17.000 TL,Kepez/Ahatlı,2+1
18.000 TL,Kepez/Sütçüler,2+1
20.000 TL,Kepez/Dokuma,2+1
14.500 TL,Manavgat,1+1
36.000 TL,Manavgat,4+1
21.000 TL,Kepez/Ahatlı,2+1
22.000 TL,Kepez/Duraliler,2+1
20.000 TL,Kepez/Erenköy,2+1
25.000 TL,Muratpaşa/Yenigün,4+1
20.000 TL,Kepez/Yeniemek,2+1
25.000 TL,Kepez/Erenköy,2+1
22.000 TL,Aksu,3+1
18.000 TL,Kepez/Ahatlı,2+1
18.000 TL,Serik,3+1
32.000 TL,Kepez/Ahatlı,5+1
25.000 TL,Kepez/Varsak,3+1
30.000 TL,Alanya/Beldeler,4+1
14.500 TL,Alanya/Beldeler,2+1
20.000 TL,Kepez/Dokuma,3+1
22.500 TL,Kepez/Sütçüler,2+1
16.500 TL,Kepez/Ahatlı,2+0
21.000 TL,Kepez/Varsak,2+1
75.000 TL,Muratpaşa/Lara,2+1
25.000 TL,Kepez/Dokuma,1+1
22.000 TL,Manavgat,2+1
27.000 TL,Kepez/Sütçüler,2+1
15.500 TL,Kepez/Varsak,2+1
16.000 TL,Kepez/Ahatlı,1+1
28.500 TL,Kepez/Ahatlı,2+1
17.500 TL,Kepez/Erenköy,1+1
32.000 TL,Kepez/Ahatlı,5+1
15.000 TL,Kepez/Erenköy,2+1
19.000 TL,Kepez/Ahatlı,1+1
19.000 TL,Kepez/Yeniemek,2+1
23.000 TL,Kepez/Sütçüler,2+1
16.500 TL,Döşemealtı/Yeniköy,2+1
25.000 TL,Demre/Kale(Demre),3+1
45.000 TL,Manavgat,5+1
32.000 TL,Kepez/Duraliler,4+1
16.000 TL,Alanya,1+1
25.000 TL,Kepez/Sütçüler,3+1
17.000 TL,Kepez/Varsak,1+1
22.000 TL,Kepez/Yeniemek,2+1
22.500 TL,Alanya,3+1
15.000 TL,Kepez/Duraliler,1+1
22.000 TL,Döşemealtı/Yeniköy,3+1
9.500 TL,Gazipaşa,2+1
17.500 TL,Kepez/Yeniemek,1+1
17.500 TL,Kepez/Ahatlı,1+1
30.000 TL,Manavgat,3+1
35.000 TL,Muratpaşa/Eskisanayi,4+1
26.000 TL,Kumluca,2+1
14.500 TL,Kepez/Erenköy,2+1
30.000 TL,Manavgat,2+1
18.000 TL,Kepez/Sütçüler,2+1
30.000 TL,Kepez/Erenköy,4+1
18.000 TL,Serik,2+1
20.000 TL,Muratpaşa/Eskisanayi,2+1
19.000 TL,Kepez/Erenköy,2+1
19.000 TL,Kepez/Duraliler,2+1
35.000 TL,Serik/Belek,3+1
21.000 TL,Kepez/Sütçüler,2+1
20.000 TL,Muratpaşa/Lara,1+1
18.000 TL,Serik,1+1
20.000 TL,Muratpaşa/Kızıltoprak,1+1
26.500 TL,Döşemealtı/Yeniköy,3+1
27.000 TL,Kepez/Varsak,3+1
19.000 TL,Serik,3+1
20.000 TL,Kepez/Ahatlı,2+1
24.000 TL,Kepez/Ahatlı,2+1
30.000 TL,Muratpaşa/Yenigün,4+1
21.000 TL,Kumluca,3+1
16.500 TL,Kepez/Duraliler,2+1
23.000 TL,Kepez/Sütçüler,2+1
26.000 TL,Manavgat/Sarılar,2+1
9.000 TL,Alanya/Beldeler,1+1
22.500 TL,Kepez/Ahatlı,2+1
22.000 TL,Kepez/Düdenbaşı,2+1
25.000 TL,Manavgat,2+1
35.000 TL,Konyaaltı/Arapsuyu,2+1
16.000 TL,Kepez/Ahatlı,1+1
22.000 TL,Muratpaşa/Kızıltoprak,2+1
20.000 TL,Kepez/Yeniemek,2+1
19.500 TL,Muratpaşa/Kızıltoprak,2+1
25.000 TL,Muratpaşa/Eskisanayi,2+1
23.000 TL,Kepez/Ahatlı,2+1
22.500 TL,MuratpaşaEskisanayi,1+1
19.000 TL,Kepez/Yeniemek,2+1
22.500 TL,Kepez/Ahatlı,2+1
11.000 TL,Alanya/Beldeler,2+1
18.500 TL,Muratpaşa/Eskisanayi,1+1
20.000 TL,Konyaaltı/Merkez,1+1
210.000 TL,Alanya,1+1
18.500 TL,Kepez/Varsak,2+1
20.000 TL,Kepez/Yeniemek,2+1
16.000 TL,Kepez/Erenköy,2+1
26.000 TL,Kepez/Duraliler,3+1
20.000 TL,Kepez/Sütçüler,2+1
25.000 TL,Muratpaşa/Yenigün,3+1
22.000 TL,Kepez/Varsak,2+1
15.000 TL,Manavgat,2+1
25.000 TL,Kepez/Ahatlı,2+1
20.000 TL,Kepez/Ahatlı,2+1
20.000 TL,Kepez/Ahatlı,2+1
23.000 TL,Kepez/Erenköy,2+1
19.000 TL,Kepez/Ahatlı,2+1
25.000 TL,Serik,2+1
20.000 TL,Finike,2+1
32.000 TL,Alanya/Beldeler,3.5+1
19.000 TL,Döşemealtı/Yeniköy,2+1
30.000 TL,Muratpaşa/Kızıltoprak,2+1
17.000 TL,Muratpaşa/Yenigün,2+1
11.000 TL,Alanya/Beldeler,2+1
24.000 TL,Muratpaşa/Kızıltoprak,2+1
40.000 TL,Konyaaltı/Arapsuyu,3+1
25.000 TL,Kepez/Varsak,2+1
20.000 TL,Muratpaşa/Eskisanayi,2+1
16.500 TL,Döşemealtı/Yeniköy,2+1
20.000 TL,Kepez/Varsak,2+1
27.000 TL,Manavgat,1.5+1
20.000 TL,Alanya/Beldeler,2+1
40.000 TL,Alanya,4+1
16.000 TL,Alanya/Beldeler,2+1
28.000 TL,MuratpaşaLara,2+1
28.000 TL,Konyaaltı/Merkez,2+1
40.000 TL,Muratpaşa/Lara,2+1
28.000 TL,Kepez/Ahatlı,2+1
32.000 TL,Alanya,3+1
30.000 TL,Muratpaşa/Lara,2+1
16.000 TL,Kepez/Sütçüler,2+1
22.000 TL,Kepez/Sütçüler,2+1
21.000 TL,Muratpaşa/Yenigün,2+1
20.000 TL,Döşemealtı/Yeniköy,2+1
23.000 TL,Kepez/Düdenbaşı,2+1
35.000 TL,Muratpaşa/Kızıltoprak,2+1
18.000 TL,Döşemealtı/Yeniköy,3+1
27.000 TL,Kepez/Duraliler,2+1
18.000 TL,Döşemealtı/Yeniköy,3+1
17.000 TL,Kepez/Ahatlı,2+1
25.000 TL,Alanya/Beldeler,2+1
27.000 TL,Alanya/Beldeler,2+1
20.000 TL,Kepez/Ahatlı,2+1
18.000 TL,Kepez/Ahatlı,2+0
20.000 TL,Döşemealtı/Yeniköy,2+1
22.000 TL,Kepez/Yeniemek,2+1
17.000 TL,Kepez/Erenköy,1+1
17.000 TL,Kepez/Duraliler,1+1
16.500 TL,Kepez/Varsak,2+1
22.000 TL,Kepez/Erenköy,2+1
45.000 TL,Konyaaltı/Merkez,4+1
28.000 TL,Konyaaltı/Merkez,2+1
25.000 TL,Kepez/Ahatlı,2+1
20.000 TL,Kepez/Erenköy,2+1
28.000 TL,Kepez/Ahatlı,2+1
26.000 TL,Muratpaşa/Eskisanayi,2+1
35.000 TL,Kepez/Düdenbaşı,2+1
25.000 TL,Kepez/Duraliler,2+1
19.000 TL,Kepez/Ahatlı,2+1
23.000 TL,Manavgat,2+1
20.000 TL,Kepez/Düdenbaşı,3+1
35.000 TL,Konyaaltı/Arapsuyu,3+1
27.000 TL,Manavgat,2+1
15.000 TL,Kepez/Varsak,1+1
25.000 TL,Muratpaşa/Lara,1+1
28.000 TL,Kepez/Düdenbaşı,3+1
17.000 TL,Kepez/Varsak,1+1
30.000 TL,Konyaaltı/Merkez,2+1
25.000 TL,Gazipaşa,2+1
18.000 TL,Kepez/Erenköy,2+1
20.000 TL,Muratpaşa/Kızıltoprak,2+1
28.000 TL,Manavgat,2+1
25.000 TL,Manavgat,1+1
26.000 TL,Konyaaltı/Arapsuyu,1+1
17.000 TL,Manavgat/Çolaklı,3+1
35.000 TL,Kepez/Erenköy,5+1
18.000 TL,Alanya/Beldeler,2+1
25.000 TL,Muratpaşa/Lara,1+1
26.000 TL,Muratpaşa/Bahçelievler,3+1
22.000 TL,Muratpaşa/Lara,1+1
22.500 TL,Döşemealtı/Yeniköy,3+1
24.500 TL,Muratpaşa/Güzeloluk,1+1
15.500 TL,Kepez/Varsak,1+1
15.500 TL,Kepez/Ahatlı,1+1
20.000 TL,Alanya,2+1
28.000 TL,Kepez/Sütçüler,3+1
14.000 TL,Kepez/Varsak,2+1
18.000 TL,Kepez/Sütçüler,2+1
22.500 TL,Kepez/Erenköy,2+1
11.000 TL,Alanya/Beldeler,2+1
43.500 TL,Konyaaltı/Arapsuyu,2+1
15.000 TL,Kepez/Erenköy,2+1
25.500 TL,Kepez/Ahatlı,2+1
35.000 TL,Muratpaşa/Lara,3+1
26.500 TL,Muratpaşa/Eskisanayi,2+1
27.500 TL,Konyaaltı/Arapsuyu,1+1
20.000 TL,Kepez/Sütçüler,2+1
21.000 TL,Manavgat/Sarılar,2+1
18.000 TL,Kepez/Düdenbaşı,2+1
17.500 TL,Manavgat/Köyler,3+1
45.000 TL,Alanya/Beldeler,3+1
21.000 TL,Kepez/Ahatlı,2+1
45.000 TL,Kaş,3+1
20.000 TL,Kepez/Yeniemek,2+1
14.000 TL,Gazipaşa,2+1
44.000 TL,Alanya,4+1
24.750 TL,Kepez/Duraliler,2+1
26.500 TL,Muratpaşa/Lara,2+1
18.000 TL,Manavgat,2+1
20.000 TL,Muratpaşa/Kızıltoprak,2+1
23.000 TL,Alanya,1+1
18.000 TL,Manavgat,1+1
19.000 TL,Kepez/Yeniemek,2+1
30.000 TL,Muratpaşa/Bahçelievler,2+1
19.000 TL,Kepez/Ahatlı,2+1
22.000 TL,Manavgat,2+1
25.000 TL,Döşemealtı/Köyler,3+1
22.750 TL,Kepez/Sütçüler,3+1
11.000 TL,Alanya/Beldeler,1+1
18.000 TL,Kepez/Sütçüler,1+1
25.000 TL,Manavgat,2+1
22.500 TL,Kepez/Yeniemek,2+1
30.000 TL,Manavgat/Taşağıl,2+1
18.500 TL,Kepez/Duraliler,2+0
23.000 TL,Kepez/Ahatlı,2+1
20.000 TL,Kepez/Erenköy,2+1
22.000 TL,Kepez/Erenköy,2+1
30.000 TL,Manavgat,4+2
32.000 TL,Muratpaşa/Yenigün,2+1
21.000 TL,Manavgat,2+1
21.000 TL,Manavgat,1+1
32.000 TL,Muratpaşa/Lara,3+1
21.000 TL,Kepez/Erenköy,2+1
19.000 TL,Kepez/Erenköy,3+1
25.000 TL,Alanya/Beldeler,3+1
27.000 TL,Kepez/Yeniemek,2+1
20.000 TL,Kepez/Erenköy,2+1
20.000 TL,Manavgat,2+1
23.000 TL,Kepez/Duraliler,2+1
27.500 TL,Kepez/Ahatlı,2+1
21.000 TL,Kepez/Sütçüler,2+1
24.000 TL,Kepez/Ahatlı,2+1
25.000 TL,Muratpaşa/Eskisanayi,2+1
18.500 TL,Manavgat/Köyler,3+1
18.000 TL,Kepez/Varsak,2+1
43.000 TL,KepezErenköy,2+1
19.000 TL,Manavgat,1+1
20.000 TL,Aksu,2+1
30.000 TL,Kepez/Erenköy,3+1
25.000 TL,Kepez/Duraliler,2+1
43.000 TL,Muratpaşa/Fener,2+1
30.000 TL,Manavgat,3+1
21.000 TL,Muratpaşa/Yenigün,2+1
27.000 TL,Manavgat/Sarılar,2+1
20.000 TL,Kepez/Sütçüler,2+1
42.000 TL,Manavgat,5+1
17.000 TL,Muratpaşa/Eskisanayi,3+1
25.000 TL,Kumluca,3+1
22.000 TL,Kepez/Erenköy,2+1
25.000 TL,Kaş/Kalkan,1+1
19.500 TL,Kepez/Varsak,2+1
35.000 TL,Muratpaşa/Lara,3+1
21.000 TL,Kepez/Dokuma,1.5+1
15.000 TL,Kepez/Ahatlı,2+0
20.000 TL,Kepez/Düdenbaşı,2+1
18.000 TL,Manavgat,1+1
17.000 TL,Kepez/Ahatlı,1+1
24.500 TL,Kepez/Ahatlı,2+1
16.000 TL,Kepez/Sütçüler,2+1
19.000 TL,Muratpaşa/Eskisanayi,3+1
13.000 TL,Döşemealtı/Köyler,2+1
20.000 TL,Kepez/Sütçüler,2+1
25.000 TL,Kepez/Sütçüler,2+1
19.000 TL,Kepez/Ahatlı,2+1
26.000 TL,Kepez/Erenköy,2+1
24.000 TL,Kepez/Dokuma,2+1
28.000 TL,Kepez/Erenköy,3+1
26.000 TL,Muratpaşa/Eskisanayi,2+1
30.000 TL,Manavgat,3+1
24.000 TL,Kepez/Sütçüler,3+1
22.000 TL,Serik,2+1
30.000 TL,Manavgat,3+1
20.000 TL,Kepez/Erenköy,2+1
27.000 TL,Alanya,1+1
25.000 TL,Gazipaşa,3+1
18.000 TL,Alanya/Beldeler,2+1
25.000 TL,Alanya,3+1
25.000 TL,Döşemealtı/Yeniköy,3+1
14.500 TL,Kepez/Erenköy,2+1
30.000 TL,Konyaaltı/Merkez,2+1
18.000 TL,Döşemealtı/Yeniköy,3+1
14.000 TL,Manavgat,2+1
22.000 TL,Manavgat,3+1
15.000 TL,Kepez/Yeniemek,1+1
20.000 TL,Finike,2+1
22.000 TL,Kepez/Sütçüler,2+1
19.500 TL,Serik,2+1
19.000 TL,Kepez/Erenköy,2+1
29.000 TL,Konyaaltı/Merkez,2+1
18.000 TL,Gazipaşa,2+1
18.500 TL,Muratpaşa/Yenigün,2+1
26.000 TL,Muratpaşa/Eskisanayi,2+1
25.500 TL,Manavgat,3+1
23.000 TL,Kepez/Ahatlı,2+1
16.000 TL,Kepez/Varsak,2+1
27.500 TL,Muratpaşa/Yenigün,2+1
27.000 TL,Aksu,3+1
8.000 TL,Gazipaşa/Köyler,4+1
17.000 TL,Finike/Beldeler,3+1
25.000 TL,Kepez/Sütçüler,4+1
17.000 TL,Kepez/Erenköy,2+1
30.000 TL,Konyaaltı/Merkez,2+1
28.000 TL,Manavgat,2+1
24.000 TL,Manavgat/Sarılar,2+1
12.500 TL,Kepez/Ahatlı,Stüdyo (1+0)
27.000 TL,Manavgat,2+1
22.000 TL,Manavgat,1+1
25.000 TL,Döşemealtı/Yeniköy,3+1
24.000 TL,Manavgat,3+1
17.000 TL,Kepez/Ahatlı,2+0
26.000 TL,Konyaaltı/Merkez,2+1
42.000 TL,Muratpaşa/Yenigün,3+1
23.000 TL,Kepez/Duraliler,2+1
25.000 TL,Kepez/Erenköy,2+1
30.000 TL,Konyaaltı/Merkez,2+1
22.000 TL,Muratpaşa/Kızıltoprak,2+1
25.000 TL,Muratpaşa/Yenigün,2+1
23.000 TL,Kepez/Ahatlı,3+1
19.000 TL,Kepez/Ahatlı,2+1
18.000 TL,Kepez/Varsak,2+1
25.000 TL,Kepez/Ahatlı,2+1
30.000 TL,Manavgat,2+0
37.000 TL,Manavgat,3+1
28.000 TL,Kepez/Erenköy,3+1
27.000 TL,Kepez/Ahatlı,3+1
10.000 TL,Alanya,1+1
39.000 TL,Alanya/Beldeler,3+1
17.000 TL,Muratpaşa/Bahçelievler,1+1
18.000 TL,Manavgat/Köyler,2+1
20.000 TL,Serik,3+1
30.000 TL,Manavgat,3+1
20.000 TL,Kepez/Varsak,2+1
20.000 TL,Kepez/Varsak,1+1
20.000 TL,Aksu,3+1
15.500 TL,Muratpaşa/Yenigün,2+1
30.000 TL,Konyaaltı/Merkez,2+1
25.000 TL,Muratpaşa/Eskisanayi,3+1
25.000 TL,Manavgat,3+1
20.000 TL,Manavgat/Sarılar,3+1
25.000 TL,Muratpaşa/Meltem,1+1
20.000 TL,Kepez/Ahatlı,2+1
13.000 TL,Alanya,1+1
25.000 TL,Muratpaşa/Meltem,1+1
30.000 TL,Manavgat,2+1
35.000 TL,Kaş,2+1
17.500 TL,Kepez/Ahatlı,1+1
16.000 TL,Kepez/Ahatlı,1+1
25.000 TL,Muratpaşa/Gençlik,1+1
23.000 TL,Kepez/Erenköy,2+1
15.000 TL,Döşemealtı/Yeniköy,1+1
22.000 TL,Kepez/Varsak,3+1
23.000 TL,Kepez/Erenköy,2+1
25.000 TL,Konyaaltı/Arapsuyu,1+1
18.000 TL,Kepez/Yeniemek,2+1
20.000 TL,Manavgat,1+1
10.000 TL,Alanya/Beldeler,1+1
18.000 TL,Kepez/Varsak,2+1
16.000 TL,Alanya/Beldeler,2+1
26.000 TL,Muratpaşa/Merkez,2+1
22.000 TL,Kepez/Duraliler,2+1
40.000 TL,Konyaaltı/Arapsuyu,3+1
22.000 TL,Muratpaşa/Kızıltoprak,2+1
30.000 TL,Manavgat,3+1
26.000 TL,Muratpaşa/Bahçelievler,2+1
28.000 TL,Muratpaşa/Lara,3+1
14.500 TL,Kepez/Erenköy,1+1
28.000 TL,Muratpaşa/Meltem,2+1
22.000 TL,Alanya,2+1
20.000 TL,Kepez/Ahatlı,2+1
23.000 TL,Muratpaşa/Eskisanayi,2+1
25.000 TL,Manavgat,3+1
13.000 TL,Kepez/Dokuma,3+1
18.000 TL,Muratpaşa/Eskisanayi,2+1
21.000 TL,Döşemealtı/Yeniköy,3+1
16.000 TL,Manavgat/Köyler,3+1
23.000 TL,Kepez/Ahatlı,2+1
12.000 TL,Alanya,2+1
30.000 TL,Kepez/Duraliler,3+1
13.000 TL,Manavgat/Köyler,2+1
45.000 TL,Muratpaşa/Güzeloluk,3+1
22.000 TL,Manavgat,3+1
15.000 TL,Kepez/Erenköy,2+1
15.000 TL,Serik/Köyler,1+1
28.000 TL,Konyaaltı/Arapsuyu,2+1
24.000 TL,MuratpaşaEskisanayi,2+1
23.000 TL,Manavgat/Sarılar,2+1
39.000 TL,Muratpaşa/Lara,4+1
19.000 TL,Kepez/Varsak,2+1
24.000 TL,Serik/Belek,2+1
23.000 TL,Manavgat/Sarılar,3+1
16.000 TL,Kepez/Yeniemek,2+1
22.000 TL,Muratpaşa/Kızıltoprak,2+1
27.500 TL,Muratpaşa/Lara,2+1
17.000 TL,Manavgat,1+1
20.500 TL,Kepez/Dokuma,2+1
25.500 TL,Manavgat,3+1
22.000 TL,Alanya/Beldeler,3+1
19.500 TL,Kepez/Sütçüler,2+1
23.000 TL,Muratpaşa/Çarşı,3+1
22.000 TL,Kepez/Yeniemek,2+1
27.000 TL,Konyaaltı/Arapsuyu,2+1
13.999 TL,Muratpaşa/Eskisanayi,1+1
24.000 TL,Manavgat,2+1
20.000 TL,Alanya/Beldeler,3+1
21.000 TL,Alanya,2+1
23.500 TL,Manavgat,3+1
16.000 TL,Manavgat,1+1
25.000 TL,Alanya,3+1
20.000 TL,Kepez/Ahatlı,2+1
27.000 TL,Kepez/Dokuma,3+1
20.000 TL,Muratpaşa/Yenigün,2+1
35.000 TL,Muratpaşa/Lara,2+1
33.000 TL,Konyaaltı/Arapsuyu,3+1
20.000 TL,Kepez/Düdenbaşı,2+1
18.000 TL,Kepez/Yeniemek,1+1
30.000 TL,Alanya,3+1
26.000 TL,Kepez/Düdenbaşı,3+1
32.000 TL,Muratpaşa/Lara,2+1
32.000 TL,Muratpaşa/Gençlik,2+1
18.500 TL,Kepez/Ahatlı,2+1
22.000 TL,Muratpaşa/Yenigün,2+1
25.000 TL,Kepez/Yeniemek,2+1
25.000 TL,Kepez/Duraliler,3+1
26.000 TL,Manavgat,2+1
32.000 TL,KonyaaltıMerkez,2+1
30.000 TL,Alanya,3+1
30.000 TL,Konyaaltı/Merkez,3+1
24.750 TL,Muratpaşa/Lara,1+1
18.000 TL,Manavgat,2+1
23.000 TL,Kepez/Ahatlı,2+1
26.000 TL,Konyaaltı/Merkez,2+1
18.000 TL,Kemer/Göynük,1+1
35.000 TL,Muratpaşa/Güzeloluk,3+1
12.000 TL,Alanya/Beldeler,1+1
50.000 TL,Konyaaltı/Arapsuyu,5+1
26.000 TL,Muratpaşa/Fener,2+1
28.000 TL,Muratpaşa/Güzeloluk,3+1
19.500 TL,Muratpaşa/Eskisanayi,2+1
23.000 TL,Muratpaşa/Eskisanayi,2+1
22.000 TL,Manavgat,2+1
18.000 TL,Döşemealtı/Yeniköy,1+1
26.000 TL,Muratpaşa/Fener,2+1
26.000 TL,Manavgat,3+1
26.000 TL,MuratpaşaKızıltoprak,2+1
30.000 TL,Konyaaltı/Merkez,2+1
25.000 TL,Kepez/Yeniemek,3+1
22.000 TL,Muratpaşa/Kızıltoprak,2+1
15.000 TL,Manavgat,2+1
21.000 TL,Kepez/Duraliler,2+1
40.000 TL,Kumluca,4+1
75.000 TL,Manavgat,5+1
12.000 TL,Manavgat/Köyler,2+1
26.500 TL,Kepez/Yeniemek,3+1
15.500 TL,Manavgat,2+1
26.000 TL,Muratpaşa/Eskisanayi,3+1
40.000 TL,Muratpaşa/Fener,2+1
18.000 TL,Manavgat/Ilıca,2+1
15.500 TL,Kepez/Sütçüler,2+1
20.000 TL,Kepez/Yeniemek,2+1
20.000 TL,Manavgat,3+1
20.000 TL,ManavgatKöyler,2+1
15.000 TL,Aksu,2+1
19.000 TL,Döşemealtı/Yeniköy,3+1
18.500 TL,Kepez/Erenköy,2+1
16.000 TL,Kepez/Sütçüler,2+1
23.000 TL,Muratpaşa/Fener,1+1
21.000 TL,Alanya,2+1
20.000 TL,Kepez/Erenköy,2+1
17.500 TL,Alanya/Beldeler,2+1
15.000 TL,Alanya,2+1
25.000 TL,Alanya,2+1
15.000 TL,Manavgat/Köyler,2+1
27.000 TL,Manavgat,2+1
30.000 TL,Kepez/Duraliler,4+1
20.500 TL,Kepez/Sütçüler,2+1
25.000 TL,Kepez/Ahatlı,3+1
18.750 TL,Kepez/Erenköy,2+1
30.000 TL,Muratpaşa/Fener,2+1
22.000 TL,Serik/Belek,2+1
35.000 TL,Alanya,2+1
28.000 TL,Konyaaltı/Merkez,2+1
20.500 TL,MuratpaşaFener,3+1
23.000 TL,Kepez/Erenköy,2+1
33.000 TL,Manavgat,5+1
15.000 TL,Konyaaltı/Köyler,6+2
26.000 TL,Manavgat,1+1
12.500 TL,Alanya,2+1
28.500 TL,Kepez/Sütçüler,3+1
22.500 TL,Kepez/Duraliler,2+1
30.000 TL,Konyaaltı/Arapsuyu,2+1
25.000 TL,Muratpaşa/Lara,2+1
19.000 TL,Manavgat,1+1
26.500 TL,Döşemealtı/Yeniköy,3+1
35.000 TL,Kepez/Sütçüler,4+1
22.000 TL,Manavgat,2+1
39.995 TL,Konyaaltı/Arapsuyu,4+1
17.000 TL,Döşemealtı/Yeniköy,3+1
20.000 TL,Kepez/Erenköy,3+1
21.000 TL,Manavgat,3+1
25.000 TL,Konyaaltı/Merkez,2+1
18.500 TL,Kepez/Duraliler,2+1
25.000 TL,Konyaaltı/Merkez,2+1
20.000 TL,Demre/Kale(Demre),4+1
20.000 TL,Kepez/Duraliler,2+1
22.000 TL,Alanya,1+1
20.000 TL,Muratpaşa/Lara,1+1
26.000 TL,Alanya/Beldeler,2+1
23.000 TL,Döşemealtı/Yeniköy,3+1
35.000 TL,Konyaaltı/Arapsuyu,3+1
35.000 TL,Alanya,4+1
40.000 TL,Kepez/Ahatlı,3+1
16.000 TL,Manavgat,3+1
20.000 TL,Manavgat,3+1
25.000 TL,Manavgat,3+1
18.000 TL,Alanya,2+1
35.000 TL,Muratpaşa/Lara,3+1
32.500 TL,Muratpaşa/Lara,2+1
25.000 TL,Manavgat,2+1
40.000 TL,Muratpaşa/Lara,3+1
23.000 TL,Muratpaşa/Eskisanayi,3+1
15.000 TL,Kepez/Ahatlı,2+1
35.000 TL,Konyaaltı/Merkez,3+1
30.000 TL,Konyaaltı/Merkez,2+1
22.000 TL,MuratpaşaLara,3+1
17.000 TL,Manavgat/Köyler,2+1
25.000 TL,Manavgat,2+1
18.000 TL,Kepez/Ahatlı,2+1
16.000 TL,Muratpaşa/Yenigün,2+1
22.000 TL,Alanya,2+1
22.000 TL,Kepez/Erenköy,3+1
26.000 TL,Kepez/Düdenbaşı,3+1
37.500 TL,Muratpaşa/Lara,2+1
20.000 TL,Manavgat,2+1
22.000 TL,Muratpaşa/Fener,1+1
22.000 TL,Kepez/Duraliler,2+1
15.000 TL,Kepez/Varsak,1+1
19.000 TL,Kepez/Duraliler,1+1
20.000 TL,Kepez/Sütçüler,2+1
40.000 TL,MuratpaşaEskisanayi,2+1
12.000 TL,Manavgat/Taşağıl,2+1
17.500 TL,Kepez/Duraliler,2+1
22.000 TL,Muratpaşa/Eskisanayi,2+1
36.000 TL,Muratpaşa/Lara,2+1
40.000 TL,Muratpaşa/Fener,3+1
20.000 TL,Konyaaltı/Merkez,1+1
15.000 TL,Alanya,2+1
22.000 TL,Manavgat,3+1
20.000 TL,Kepez/Yeniemek,2+1
25.000 TL,Muratpaşa/Yenigün,3+1
20.000 TL,Muratpaşa/Kızıltoprak,2+1
25.000 TL,Manavgat,2+1
20.500 TL,Kepez/Düdenbaşı,2+1
18.000 TL,Muratpaşa/Eskisanayi,2+1
30.000 TL,Muratpaşa/Kızıltoprak,2+1
25.000 TL,Muratpaşa/Lara,1+1
20.000 TL,Kepez/Yeniemek,2+1
13.000 TL,Manavgat,1+1
20.000 TL,Muratpaşa/Eskisanayi,2+1
29.000 TL,Manavgat,3+1
25.000 TL,Kepez/Ahatlı,2+1
20.000 TL,Döşemealtı/Yeniköy,2+1
18.000 TL,Kepez/Erenköy,2+1
32.000 TL,Manavgat,4+1
13.000 TL,Alanya,1+1
20.000 TL,Döşemealtı/Yeniköy,2+1
20.000 TL,Muratpaşa/Lara,1+1
28.500 TL,Manavgat,3+1
18.000 TL,Alanya,2+1
21.000 TL,Muratpaşa/Güzeloluk,1+1
20.000 TL,Kepez/Sütçüler,2+1
18.000 TL,Alanya/Beldeler,2+1
22.500 TL,Muratpaşa/Yenigün,2+1
20.000 TL,Muratpaşa/Eskisanayi,2+1
23.000 TL,Manavgat,2+1
30.000 TL,Muratpaşa/Güzeloluk,2+1
18.000 TL,Kepez/Yeniemek,2+1
25.000 TL,Kepez/Düdenbaşı,2+1
35.000 TL,Muratpaşa/Lara,3+1
26.900 TL,Kepez/Duraliler,3+1
20.000 TL,Kumluca,3+1
18.000 TL,Kepez/Duraliler,3+1
20.000 TL,Kepez/Düdenbaşı,2+1
17.500 TL,Kepez/Varsak,2+1
23.000 TL,Muratpaşa/Eskisanayi,2+1
25.000 TL,Serik,2+1
20.000 TL,Muratpaşa/Kızıltoprak,3+1
17.500 TL,Finike/Beldeler,3+1
26.000 TL,Kepez/Dokuma,2+1
23.500 TL,Alanya/Beldeler,2+1
18.000 TL,Muratpaşa/Yenigün,1+1
21.000 TL,Kepez/Erenköy,2+1
38.000 TL,Alanya,2+1
52.500 TL,Muratpaşa/Lara,3+1
22.000 TL,Manavgat,2+1
20.000 TL,Alanya,1+1
20.000 TL,Alanya,1+1
32.000 TL,Muratpaşa/Fener,1+1
18.500 TL,Kepez/Duraliler,2+1
28.500 TL,Muratpaşa/Eskisanayi,2+1
23.000 TL,Manavgat,2+1
45.000 TL,Muratpaşa/Fener,2+1
22.500 TL,Kepez/Erenköy,2+1
30.000 TL,Alanya,3+1
31.000 TL,Muratpaşa/Güzeloluk,3+1
22.000 TL,Muratpaşa/Yenigün,2+1
25.000 TL,Kepez/Duraliler,2+1
17.000 TL,Alanya,1+1
23.000 TL,Manavgat,2+1
20.000 TL,Muratpaşa/Eskisanayi,2+1
17.000 TL,Muratpaşa/Kızıltoprak,1+1
29.000 TL,Konyaaltı/Merkez,2+1
20.000 TL,Kepez/Erenköy,2+1
18.000 TL,Kepez/Sütçüler,2+1
23.000 TL,Kepez/Dokuma,3+1
32.500 TL,Konyaaltı/Arapsuyu,2+1
20.000 TL,Kepez/Sütçüler,2+1
20.000 TL,Manavgat,2+1
17.000 TL,Kepez/Ahatlı,2+1
30.000 TL,Muratpaşa/Lara,2+1
27.000 TL,Manavgat,2+1
18.500 TL,Kepez/Duraliler,2+1
19.000 TL,Kepez/Yeniemek,2+1
20.500 TL,Kepez/Ahatlı,2+1
37.500 TL,Kepez/Ahatlı,5+1
27.000 TL,Konyaaltı/Arapsuyu,1+1
30.000 TL,KepezAhatlı,2+1
23.000 TL,Alanya/Beldeler,2+1
19.500 TL,Kepez/Yeniemek,2+1
22.000 TL,Konyaaltı/Merkez,1+1
28.000 TL,Konyaaltı/Merkez,2+1
21.000 TL,Konyaaltı/Merkez,1+1
18.000 TL,Manavgat,2+1
29.500 TL,Konyaaltı/Arapsuyu,2+1
22.000 TL,Kepez/Yeniemek,2+1
40.000 TL,Konyaaltı/Arapsuyu,2+1
35.000 TL,Manavgat,3+1
18.000 TL,Kepez/Yeniemek,2+1
30.000 TL,Kepez/Ahatlı,3+1
28.000 TL,Manavgat,3+1
17.500 TL,Kepez/Varsak,2+1
20.000 TL,KepezVarsak,2+1
13.000 TL,Manavgat/Köyler,1+1
17.000 TL,Alanya,1+1
25.000 TL,Muratpaşa/Gençlik,2+1
18.000 TL,Kepez/Erenköy,2+1
23.000 TL,Manavgat,2+1
20.000 TL,Kepez/Duraliler,2+1
20.000 TL,Alanya,2+1
28.000 TL,Alanya,4+2
13.500 TL,Manavgat,1+1
20.000 TL,Manavgat,2+1
21.000 TL,Kepez/Ahatlı,2+1
25.000 TL,Manavgat,2+1
20.000 TL,Manavgat,2+1
28.000 TL,Konyaaltı/Arapsuyu,2+1
20.000 TL,Kepez/Sütçüler,2+1
25.000 TL,Muratpaşa/Eskisanayi,2+1
22.000 TL,Kepez/Ahatlı,3+1
34.000 TL,Muratpaşa/Fener,2+1
29.500 TL,Konyaaltı/Arapsuyu,2+1
22.000 TL,Manavgat,2+1
20.000 TL,Muratpaşa/Yenigün,3+1
21.750 TL,Kepez/Sütçüler,3+1
27.500 TL,Muratpaşa/Lara,2+1
18.500 TL,Döşemealtı/Yeniköy,2+1
15.500 TL,Kepez/Erenköy,1+1
28.000 TL,Muratpaşa/Yenigün,3+1
21.000 TL,Kepez/Ahatlı,2+1
17.000 TL,Finike/Beldeler,2+1
28.000 TL,Muratpaşa/Yenigün,2+1
20.000 TL,Kepez/Ahatlı,2+1
45.000 TL,Muratpaşa/Lara,3+1
18.500 TL,Muratpaşa/Yenigün,2+1
25.000 TL,Aksu,2+1
18.000 TL,Muratpaşa/Eskisanayi,1+1
20.000 TL,Kemer,1+1
15.000 TL,Kemer/Tekirova,1+1
23.000 TL,Kepez/Sütçüler,3+1
20.000 TL,Kepez/Ahatlı,2+0
18.500 TL,Kepez/Sütçüler,2+1
30.000 TL,Konyaaltı/Merkez,2+1
17.000 TL,Kepez/Dokuma,3+1
31.000 TL,Muratpaşa/Fener,2+1
17.000 TL,Kepez/Erenköy,2+1
32.000 TL,Manavgat,3+1
12.000 TL,Alanya/Beldeler,1+1
18.000 TL,Kepez/Varsak,2+1
24.000 TL,Manavgat/Köyler,3+1
27.000 TL,Manavgat/Ilıca,2+1
27.000 TL,Muratpaşa/Yenigün,3+1
25.000 TL,Manavgat,2+1
25.000 TL,Finike,3+1
45.000 TL,Manavgat,2+1
24.000 TL,Muratpaşa/Eskisanayi,2+1
20.000 TL,Kepez/Düdenbaşı,2+1
20.000 TL,Manavgat,1+1
19.000 TL,Manavgat,2+1
33.000 TL,Konyaaltı/Arapsuyu,3+1
18.500 TL,Kepez/Duraliler,1+1
19.000 TL,Kepez/Ahatlı,2+1
70.000 TL,Muratpaşa/Fener,4+1
28.500 TL,Konyaaltı/Merkez,2+1
30.000 TL,Muratpaşa/Lara,2+1
22.000 TL,Manavgat,2+1
16.000 TL,Manavgat,4+1
15.000 TL,Kepez/Erenköy,2+1
20.500 TL,Kepez/Duraliler,2+1
29.000 TL,Kepez/Yeniemek,2+1
19.000 TL,Kepez/Yeniemek,2+1
20.000 TL,Kepez/Sütçüler,3+1
25.000 TL,Muratpaşa/Kızıltoprak,2+1
24.000 TL,Kepez/Düdenbaşı,2+1
18.000 TL,Kepez/Erenköy,2+1
37.000 TL,Manavgat,4+1
20.500 TL,KepezYeniemek,2+1
16.000 TL,Manavgat/Köyler,3+1
17.000 TL,Kepez/Düdenbaşı,2+1
45.000 TL,Konyaaltı/Arapsuyu,5+1
18.000 TL,Kepez/Yeniemek,2+1
25.000 TL,Muratpaşa/Kızıltoprak,2+1
18.000 TL,Kepez/Ahatlı,1+1
17.000 TL,Kepez/Sütçüler,2+1
24.500 TL,Kepez/Sütçüler,3+1
60.000 TL,Alanya,5+1
25.000 TL,Kepez/Duraliler,2+1
20.000 TL,Kumluca,3+1
23.000 TL,Alanya,2+1
20.000 TL,Kepez/Duraliler,2+1
41.000 TL,Muratpaşa/Fener,3+1
19.000 TL,Muratpaşa/Kızıltoprak,2+1
17.000 TL,Kumluca,1+1
46.000 TL,Konyaaltı/Arapsuyu,4+2
20.000 TL,Muratpaşa/Eskisanayi,2+1
40.000 TL,Kemer,4+1
26.000 TL,Alanya,3+1
26.000 TL,Kepez/Ahatlı,3+1
22.000 TL,Muratpaşa/Eskisanayi,3+1
20.000 TL,Muratpaşa/Yenigün,2+1
29.000 TL,Muratpaşa/Kızıltoprak,2+1
14.000 TL,Kepez/Erenköy,1+1
25.000 TL,Alanya,4+1
23.000 TL,Alanya,2+1
23.000 TL,Kepez/Varsak,3+1
21.000 TL,Muratpaşa/Meltem,2+1
20.000 TL,Alanya,2+1
23.000 TL,Muratpaşa/Kızıltoprak,2+1
25.000 TL,Muratpaşa/Eskisanayi,2+1
25.000 TL,Alanya/Beldeler,2+1
16.000 TL,Serik,2+1
35.000 TL,Manavgat,4+1
33.000 TL,Manavgat,3+1
10.000 TL,Alanya,1+1
30.000 TL,Manavgat,4+1
23.000 TL,Manavgat,2+1
22.000 TL,Alanya,2+1
40.000 TL,Muratpaşa/Lara,3+1
17.000 TL,Manavgat,1+1
21.000 TL,Kepez/Erenköy,2+1
16.500 TL,Kepez/Düdenbaşı,2+1
25.000 TL,Kepez/Yeniemek,3+1
33.000 TL,Muratpaşa/Lara,2+1
17.000 TL,Kumluca,2+1
20.000 TL,Kepez/Duraliler,2+1
25.000 TL,Kepez/Dokuma,2+1
22.000 TL,Muratpaşa/Kızıltoprak,2+1
21.000 TL,Manavgat/Ilıca,2+1
22.250 TL,Kepez/Ahatlı,2+1
28.000 TL,Manavgat,2+1
22.500 TL,Kepez/Duraliler,2+1
21.000 TL,Kepez/Duraliler,2+1
33.000 TL,Muratpaşa/Lara,2+1
18.500 TL,Kepez/Erenköy,2+1
25.000 TL,Konyaaltı/Arapsuyu,1+1
25.000 TL,Manavgat,2+1
35.000 TL,Muratpaşa/Lara,2+1
21.000 TL,Muratpaşa/Eskisanayi,2+1
45.000 TL,Konyaaltı/Arapsuyu,5+1
30.000 TL,Muratpaşa/Eskisanayi,5+1
16.000 TL,Gazipaşa,2+1
29.000 TL,Manavgat,3+1
26.000 TL,Alanya,3+1
22.000 TL,Kepez/Yeniemek,2+1
18.000 TL,Kepez/Varsak,2+1
24.000 TL,Kepez/Erenköy,2+1
10.000 TL,Gazipaşa,2+1
22.000 TL,Döşemealtı/Yeniköy,3+1
24.000 TL,Muratpaşa/Gençlik,2+1
18.000 TL,Muratpaşa/Eskisanayi,2+1
20.000 TL,Muratpaşa/Eskisanayi,2+1
18.000 TL,Döşemealtı/Yeniköy,3+1
20.000 TL,Kumluca,3+1
20.000 TL,Manavgat,1+1
13.000 TL,KepezSütçüler,2+1
20.000 TL,Kepez/Yeniemek,1+1
20.000 TL,Alanya,2+1
17.250 TL,Muratpaşa/Yenigün,1+1
23.000 TL,Kepez/Sütçüler,2+1
21.000 TL,Kepez/Yeniemek,2+1
22.000 TL,Kepez/Duraliler,2+1
13.000 TL,Manavgat,1+1
28.500 TL,Alanya,4+1
20.000 TL,Muratpaşa/Eskisanayi,3+1
25.500 TL,Kepez/Yeniemek,2+1
19.500 TL,Kepez/Varsak,2+1
40.000 TL,Manavgat,2+1
32.000 TL,Serik/Belek,3+1
20.000 TL,Alanya,2+1
25.000 TL,Alanya,3+1
30.000 TL,Manavgat,3+1
17.250 TL,Kepez/Yeniemek,1+1
25.000 TL,Alanya,3+1
18.000 TL,Kepez/Sütçüler,2+1
23.000 TL,Kepez/Yeniemek,3+1
32.000 TL,Alanya/Beldeler,3+2
27.000 TL,Muratpaşa/Güzeloluk,1+1
17.500 TL,Kepez/Sütçüler,2+1
23.000 TL,Kepez/Ahatlı,2+1
30.000 TL,Muratpaşa/Lara,2+1
20.000 TL,Manavgat,2+1
30.000 TL,Alanya,4.5+2
20.000 TL,Manavgat,2+1
20.000 TL,Manavgat,3+1
25.000 TL,Muratpaşa/Lara,1+1
18.000 TL,Aksu,2+1
25.000 TL,Kepez/Dokuma,2+1
22.500 TL,Kepez/Sütçüler,2+1
39.000 TL,Muratpaşa/Fener,3+1
17.000 TL,Kepez/Duraliler,2+0
18.500 TL,Kepez/Ahatlı,2+1
21.000 TL,Kepez/Erenköy,2+1
35.000 TL,Kepez/Erenköy,5+1
16.500 TL,Alanya/Köyler,3+1
23.000 TL,Muratpaşa/Gençlik,2+1
36.000 TL,Muratpaşa/Merkez,3+1
35.000 TL,Muratpaşa/Lara,3+1
27.000 TL,Manavgat,2+1
22.000 TL,Aksu,2+1
18.000 TL,Kepez/Yeniemek,2+1
20.000 TL,Kepez/Dokuma,2+1
25.000 TL,Muratpaşa/Yenigün,3+1
17.000 TL,Muratpaşa/Lara,2+1
20.000 TL,Manavgat,3+1
32.000 TL,Muratpaşa/Meltem,2+1
22.000 TL,Kepez/Erenköy,2+1
47.500 TL,Konyaaltı/Merkez,3+1
20.000 TL,Kepez/Sütçüler,2+1
27.000 TL,Muratpaşa/Eskisanayi,3+1
22.500 TL,Manavgat,3+1
22.000 TL,Manavgat,2+1
15.000 TL,Muratpaşa/Yenigün,2+1
20.000 TL,Muratpaşa/Yenigün,2+1
26.000 TL,Muratpaşa/Eskisanayi,3+1
35.000 TL,Aksu/Köyler,2+1
19.999 TL,Kepez/Duraliler,2+1
30.000 TL,Muratpaşa/Eskisanayi,3+1
24.000 TL,Alanya,2+1
22.500 TL,Kepez/Yeniemek,2+1
13.000 TL,Alanya,2+1
17.000 TL,Gazipaşa,3+1
18.000 TL,Kepez/Varsak,2+1
26.000 TL,Serik,2+1
32.000 TL,Alanya,3+1
32.000 TL,Alanya,4+1
25.000 TL,Muratpaşa/Lara,1+1
31.000 TL,Muratpaşa/Fener,2+1
25.000 TL,Muratpaşa/Kızıltoprak,2+1
27.000 TL,Muratpaşa/Lara,2+1
22.000 TL,Kepez/Duraliler,2+1
20.000 TL,Muratpaşa/Kızıltoprak,2+1
66.000 TL,Muratpaşa/Lara,4+1
45.000 TL,Konyaaltı/Arapsuyu,4+1
22.500 TL,Kepez/Erenköy,2+1
19.000 TL,KepezAhatlı,3+1
35.000 TL,Muratpaşa/Fener,3+1
37.500 TL,Muratpaşa/Lara,3+1
17.500 TL,Kepez/Yeniemek,2+1
19.000 TL,Muratpaşa/Yenigün,1+1
16.000 TL,Alanya,2+1
17.000 TL,Kepez/Yeniemek,2+1
18.000 TL,Kepez/Erenköy,1+1
21.000 TL,Kepez/Erenköy,2+1
18.000 TL,Kepez/Ahatlı,2+0
22.000 TL,Kepez/Ahatlı,2+1
20.000 TL,Muratpaşa/Eskisanayi,2+1
15.000 TL,Kepez/Düdenbaşı,1+1
20.000 TL,Kumluca,2+1
25.000 TL,Kumluca,1+1
25.000 TL,Alanya,3+1
27.000 TL,Kepez/Düdenbaşı,1+1
24.000 TL,Kumluca,3+1
18.000 TL,Kepez/Erenköy,2+1
25.000 TL,Serik,2+1
17.500 TL,Kepez/Ahatlı,1+1
20.000 TL,Kumluca,2+1
22.000 TL,Kepez/Erenköy,2+1
17.000 TL,Kepez/Erenköy,2+1
20.000 TL,Serik,2+1
25.000 TL,Kepez/Erenköy,2+1
13.000 TL,Kepez/Ahatlı,1+1
24.100 TL,Aksu,2+1
19.000 TL,Kepez/Erenköy,1+1
22.500 TL,Kepez/Ahatlı,2+1
22.000 TL,Muratpaşa/Meltem,1+1
15.000 TL,Kepez/Varsak,1+1
26.000 TL,Kepez/Duraliler,2+1
22.000 TL,Manavgat,3+1
23.000 TL,Kepez/Ahatlı,2+1
20.000 TL,Kepez/Erenköy,2+1
15.500 TL,Muratpaşa/Yenigün,1+1
20.000 TL,Manavgat/Ilıca,2+1
16.000 TL,Alanya/Beldeler,1+1
23.000 TL,Muratpaşa/Kızıltoprak,2+1
30.000 TL,Alanya,2+1
18.000 TL,Döşemealtı/Yeniköy,2+1
18.000 TL,Kepez/Erenköy,2+1
22.000 TL,Finike/Beldeler,3+1
20.000 TL,Kepez/Erenköy,3+1
29.000 TL,Kepez/Varsak,3+1
20.000 TL,Muratpaşa/Eskisanayi,3+1
13.000 TL,Gazipaşa,2+1
24.000 TL,Kepez/Ahatlı,2+1
33.000 TL,Manavgat/Sarılar,3+1
23.000 TL,Kepez/Merkez,2+1
10.000 TL,Alanya/Köyler,1.5+1
18.000 TL,Kepez/Ahatlı,2+0
25.000 TL,Aksu,2+1
49.000 TL,Muratpaşa/Fener,2+1
27.000 TL,Döşemealtı/Yeniköy,3+1
40.000 TL,Alanya,3+1
16.000 TL,Manavgat,1+1
21.000 TL,Döşemealtı/Yeniköy,3+1
27.500 TL,Kepez/Varsak,3+1
20.000 TL,Muratpaşa/Eskisanayi,1+1
29.000 TL,Kepez/Varsak,3+1
23.000 TL,Kepez/Erenköy,2+1
25.000 TL,Kepez/Duraliler,2+1
25.000 TL,Döşemealtı/Yeniköy,3+1
20.000 TL,Kepez/Varsak,2+1
20.000 TL,Manavgat,1+1
22.000 TL,Alanya,2+1
26.999 TL,Muratpaşa/Lara,2+1
17.000 TL,Döşemealtı/Yeniköy,2+1
20.000 TL,Kepez/Sütçüler,2+1
30.000 TL,Finike/Beldeler,2+1
19.000 TL,Kepez/Sütçüler,2+1
20.000 TL,Kepez/Sütçüler,2+1
16.000 TL,Kepez/Duraliler,2+1
27.000 TL,Kepez/Ahatlı,3+1
20.000 TL,Manavgat/Köyler,3+1
17.000 TL,Alanya/Beldeler,1+1
16.000 TL,Alanya/Beldeler,1+1
24.000 TL,Aksu/Köyler,3+1
24.000 TL,Kepez/Merkez,2+1
35.000 TL,Manavgat,4+1
21.000 TL,Kepez/Merkez,2+1
45.000 TL,Konyaaltı/Merkez,2+1
17.000 TL,Kepez/Erenköy,2+1
24.000 TL,Kepez/Varsak,3+1
24.000 TL,Aksu,2+1
35.000 TL,Finike,2+1
15.000 TL,Aksu,Stüdyo (1+0)
18.000 TL,Kepez/Erenköy,2+1
39.000 TL,Manavgat,3+1
16.000 TL,Kepez/Varsak,1+1
35.000 TL,Manavgat,2+1
33.000 TL,Alanya/Beldeler,3+1
13.500 TL,Kepez/Duraliler,2+0
25.000 TL,Kepez/Varsak,3+1
22.000 TL,Finike,2+1
17.500 TL,Muratpaşa/Yenigün,2+1
29.000 TL,Muratpaşa/Eskisanayi,2+1
22.000 TL,Manavgat,2+1
35.000 TL,Manavgat,4+1
15.000 TL,Gazipaşa,1+1
36.000 TL,Kepez/Merkez,3+1
18.000 TL,Kepez/Ahatlı,2+1
16.250 TL,Kepez/Ahatlı,2+0
30.000 TL,Döşemealtı/Yeniköy,3+1
32.500 TL,Kepez/Erenköy,5+1
15.000 TL,DöşemealtıYeniköy,2+1
30.000 TL,Kepez/Ahatlı,3+1
17.500 TL,Döşemealtı/Yeniköy,2+1
25.000 TL,Muratpaşa/Kızıltoprak,2+1
20.000 TL,Muratpaşa/Yenigün,1+1
35.000 TL,Alanya/Beldeler,4.5+1
17.000 TL,Kepez/Erenköy,2+1
18.000 TL,Muratpaşa/Eskisanayi,1+1
24.000 TL,Muratpaşa/Yenigün,3+1
23.750 TL,Kepez/Erenköy,2+1
25.000 TL,Muratpaşa/Yenigün,2+1
25.500 TL,Kepez/Yeniemek,2+1
30.000 TL,Alanya,2+1
17.000 TL,Kepez/Duraliler,1+1
15.000 TL,Kepez/Dokuma,1+1
17.000 TL,Alanya,3+1
25.000 TL,Alanya,3+1
30.000 TL,Manavgat,3+1
23.500 TL,Döşemealtı/Yeniköy,3+1
26.000 TL,Muratpaşa/Güzeloluk,1+1
20.500 TL,Kepez/Sütçüler,2+1
23.000 TL,Kepez/Merkez,2+1
29.000 TL,Manavgat,1+1
35.000 TL,Manavgat,2+1
20.000 TL,Kepez/Ahatlı,2+1
18.000 TL,Kepez/Varsak,2+1
18.500 TL,Kepez/Erenköy,2+1
25.000 TL,Kepez/Sütçüler,3+1
17.000 TL,Gazipaşa,2+1
24.000 TL,Döşemealtı/Yeniköy,3+1
35.000 TL,Manavgat,3+1
47.000 TL,Döşemealtı/Yeşilbayır,3+1
28.000 TL,Kepez/Erenköy,3+1
20.000 TL,Manavgat,2+1
25.000 TL,Döşemealtı/Yeniköy,3+1
28.000 TL,Muratpaşa/Çarşı,2+1
13.000 TL,Kepez/Varsak,1+1
21.000 TL,Kepez/Yeniemek,2+1
23.000 TL,Kepez/Duraliler,2+1
22.000 TL,Kepez/Erenköy,2+1
30.500 TL,Alanya/Beldeler,2+1
23.000 TL,Konyaaltı/Arapsuyu,1+1
18.000 TL,Kepez/Duraliler,1+1
19.000 TL,Manavgat,1+1
18.000 TL,Kepez/Duraliler,2+1
30.000 TL,Kepez/Erenköy,5+2
16.000 TL,Kepez/Varsak,2+1
40.000 TL,Muratpaşa/Lara,3+1
22.000 TL,Aksu,4+2
18.000 TL,Kepez/Sütçüler,2+1
17.500 TL,Kepez/Sütçüler,2+1
75.000 TL,Muratpaşa/Gençlik,3+1
27.000 TL,Muratpaşa/Kızıltoprak,2+1
19.500 TL,Manavgat,2+1
26.000 TL,Alanya,3+1
24.000 TL,Alanya,2+1
20.000 TL,Manavgat,3+1
28.000 TL,Manavgat,3+1
20.000 TL,Alanya/Beldeler,2+1
30.000 TL,Muratpaşa/Yenigün,2+1
12.000 TL,Alanya/Beldeler,2+1
20.000 TL,Kepez/Yeniemek,2+1
26.500 TL,Muratpaşa/Meltem,2+1
24.000 TL,Manavgat,3+1
23.000 TL,Manavgat,2+1
42.000 TL,Konyaaltı/Arapsuyu,3+1
15.000 TL,Alanya,2+1
20.000 TL,Alanya,2+1
28.000 TL,Manavgat,3+1
23.500 TL,Manavgat,2+1
20.000 TL,Aksu,2+1
20.000 TL,Manavgat,2+1
23.000 TL,Alanya,3+1
20.000 TL,Alanya/Beldeler,3+1
17.000 TL,Alanya/Beldeler,2+1
23.000 TL,Muratpaşa/Eskisanayi,2+1
17.000 TL,Kepez/Merkez,1+1
60.000 TL,Alanya,4+1
22.000 TL,Kepez/Dokuma,2+1
17.000 TL,Aksu,3+1
49.000 TL,Konyaaltı/Arapsuyu,2+1
20.000 TL,AlanyaBeldeler,3+1
25.000 TL,Manavgat,3+1
20.000 TL,Kepez/Dokuma,3+1
32.000 TL,Muratpaşa/Güzeloluk,3+1
19.000 TL,Alanya/Beldeler,1+1
50.000 TL,Konyaaltı/Arapsuyu,3+1
25.000 TL,Kemer,2+1
24.000 TL,Muratpaşa/Yenigün,3+1
20.000 TL,Alanya,2+1
18.500 TL,Muratpaşa/Eskisanayi,2+1
90.000 TL,Muratpaşa/Fener,4+1
23.000 TL,Kepez/Duraliler,2+1
22.000 TL,Alanya,2+1
25.000 TL,Muratpaşa/Eskisanayi,2+1
20.000 TL,Muratpaşa/Eskisanayi,2+1
25.000 TL,Manavgat,1+1
17.000 TL,Kepez/Yeniemek,1+1
30.000 TL,MuratpaşaFener,3+1
17.000 TL,Manavgat/Köyler,3+1
24.999 TL,Alanya/Beldeler,2+1
15.000 TL,Manavgat/Köyler,3+1
40.000 TL,Muratpaşa/Fener,3+1
20.000 TL,Alanya,2+1
25.000 TL,Manavgat,2+1
35.000 TL,Muratpaşa/Lara,3+1
25.000 TL,Alanya,2+1
30.000 TL,Muratpaşa/Lara,2+1
35.000 TL,Muratpaşa/Gençlik,3+1
42.000 TL,Muratpaşa/Fener,3+1
17.500 TL,Kepez/Yeniemek,2+1
14.000 TL,Kumluca,2+1
30.000 TL,Manavgat,3+1
25.000 TL,Manavgat,3+1
25.000 TL,Kepez/Dokuma,2+1
22.500 TL,Kepez/Köyler,3+1
55.000 TL,Muratpaşa/Fener,3+1
30.000 TL,Muratpaşa/Eskisanayi,2+1
17.000 TL,Alanya,2+1
21.000 TL,MuratpaşaEskisanayi,2+1
35.000 TL,Konyaaltı/Merkez,3+1
30.000 TL,Alanya,3+1
25.000 TL,Muratpaşa/Eskisanayi,2+1
32.000 TL,Muratpaşa/Lara,2+1
27.000 TL,Alanya,4+1
25.000 TL,Alanya,3+1
18.000 TL,Muratpaşa/Yenigün,2+1
21.000 TL,Demre/Kale(Demre),3+1
22.500 TL,Aksu,3+1
23.000 TL,Muratpaşa/Eskisanayi,3+1
25.000 TL,Manavgat,2+1
22.000 TL,Manavgat,3+1
28.000 TL,Muratpaşa/Meltem,2+1
24.000 TL,Muratpaşa/Yenigün,3+1
22.000 TL,Kepez/Yeniemek,2+1
15.000 TL,Alanya/Beldeler,3+1
28.000 TL,Alanya/Beldeler,2+1
15.000 TL,Kepez/Duraliler,1+1
35.000 TL,Konyaaltı/Arapsuyu,2+1
23.000 TL,Muratpaşa/Eskisanayi,2+1
16.000 TL,Muratpaşa/Eskisanayi,2+1
16.000 TL,Muratpaşa/Bahçelievler,Stüdyo (1+0)
25.000 TL,Muratpaşa/Yenigün,2+1
29.000 TL,Manavgat,3+1
22.500 TL,Kepez/Düdenbaşı,2+1
18.000 TL,Kepez/Erenköy,2+0
35.000 TL,Muratpaşa/Güzeloluk,3+1
12.000 TL,Manavgat/Köyler,2+1
20.000 TL,Manavgat,2+1
30.000 TL,Muratpaşa/Merkez,3+1
17.500 TL,Kepez/Duraliler,2+1
28.000 TL,Manavgat,3+1
16.000 TL,Kepez/Erenköy,2+1
20.000 TL,Manavgat,3+1
25.000 TL,Alanya,3+1
40.000 TL,Muratpaşa/Fener,2+1
40.000 TL,Muratpaşa/Fener,3+1
20.500 TL,Kepez/Yeniemek,2+1
16.000 TL,KepezDuraliler,3+1
23.000 TL,Muratpaşa/Eskisanayi,3+1
21.000 TL,Manavgat,1+1
27.000 TL,Manavgat,3+1
20.000 TL,Kepez/Dokuma,2+1
25.000 TL,Alanya,3+1
25.000 TL,Manavgat,3+1
20.000 TL,Aksu,2+1
20.500 TL,Kepez/Dokuma,2+1
16.000 TL,Kepez/Erenköy,2+1
28.000 TL,Kepez/Duraliler,3+1
35.000 TL,Muratpaşa/Lara,2+1
25.000 TL,Muratpaşa/Lara,2+1
31.000 TL,Manavgat,3+1
20.000 TL,Muratpaşa/Eskisanayi,3+1
20.000 TL,Kepez/Sütçüler,3+1
26.000 TL,Kepez/Sütçüler,3+1
16.000 TL,Alanya/Beldeler,1+1
18.000 TL,Kepez/Yeniemek,2+1
20.000 TL,Manavgat,1+1
30.000 TL,Manavgat,3+1
22.000 TL,Manavgat,2+1
25.000 TL,Muratpaşa/Yenigün,2+1
14.000 TL,Alanya,1+1
21.000 TL,Kepez/Erenköy,2+1
23.000 TL,Kepez/Duraliler,3+1
30.000 TL,Muratpaşa/Kızıltoprak,3+1
37.000 TL,Konyaaltı/Arapsuyu,3+1
17.000 TL,Alanya/Beldeler,2+1
20.000 TL,Kepez/Duraliler,2+1
18.000 TL,Serik,4+1
42.000 TL,Konyaaltı/Arapsuyu,4+1
29.000 TL,Manavgat,3+1
16.000 TL,Kepez/Yeniemek,2+1
25.000 TL,Muratpaşa/Eskisanayi,3+1
36.000 TL,Kepez/Dokuma,3+1
25.000 TL,Manavgat,3+1
18.000 TL,Finike/Beldeler,3+1
25.000 TL,Muratpaşa/Çarşı,2+1
17.000 TL,Manavgat/Köyler,3+1
18.000 TL,Alanya/Beldeler,2+1
15.000 TL,Manavgat/Köyler,1+1
30.000 TL,Manavgat,2+1
30.000 TL,Muratpaşa/Fener,2+1
16.500 TL,Kepez/Yeniemek,2+1
30.000 TL,Kepez/Ahatlı,3+1
18.000 TL,Manavgat,2+1
19.500 TL,Kumluca,2+1
25.000 TL,Manavgat,2+1
30.000 TL,Manavgat,3+1
20.000 TL,Manavgat,2+1
21.000 TL,Manavgat,2+1
28.000 TL,Manavgat,3+1
14.000 TL,Manavgat,1+1
20.000 TL,Kepez/Duraliler,2+1
35.000 TL,Muratpaşa/Bahçelievler,3+1
25.000 TL,Muratpaşa/Eskisanayi,2+1
27.000 TL,Manavgat,3+1
40.000 TL,Konyaaltı/Arapsuyu,3+1
20.000 TL,MuratpaşaLara,2+1
24.000 TL,Muratpaşa/Fener,1+1
17.000 TL,Kepez/Erenköy,2+1
20.000 TL,Alanya,2+1
24.000 TL,Alanya,3+1
33.000 TL,Manavgat,3+1
20.000 TL,Kaş/Köyler,2+1
20.000 TL,Kepez/Ahatlı,2+1
15.000 TL,Kepez/Erenköy,2+1
30.000 TL,Muratpaşa/Yenigün,3+1
54.000 TL,Muratpaşa/Fener,3+1
20.000 TL,Kemer,2+1
20.000 TL,Manavgat/Ilıca,2+1
18.000 TL,Manavgat,1+1
45.000 TL,Manavgat,4+1
45.000 TL,Aksu/Köyler,3+1
12.500 TL,Alanya,2+1
10.000 TL,Alanya/Beldeler,1+1
20.000 TL,Muratpaşa/Lara,Stüdyo (1+0)
17.000 TL,Alanya,2+1
20.000 TL,Kepez/Erenköy,2+1
19.000 TL,Kepez/Erenköy,3+1
35.000 TL,Muratpaşa/Lara,3+1
90.000 TL,DemreKale(Demre),3+1
30.000 TL,Konyaaltı/Arapsuyu,2+1
25.000 TL,Muratpaşa/Yenigün,3+1
25.000 TL,Manavgat,2+1
22.000 TL,Alanya,2+1
20.000 TL,Finike/Beldeler,3+1
28.000 TL,Manavgat,3+1
25.000 TL,Kaş/Kalkan,1+1
21.000 TL,Kepez/Dokuma,3+1
26.000 TL,Kepez/Yeniemek,2+1
25.000 TL,Manavgat,2+1
18.000 TL,Kepez/Varsak,3+1
30.000 TL,Manavgat,2+1
25.000 TL,Demre/Kale(Demre),3+1
20.000 TL,Alanya,2+1
90.000 TL,Muratpaşa/Fener,3+1
25.500 TL,Alanya,3+1
21.000 TL,Kepez/Yeniemek,2+1
15.000 TL,Kepez/Varsak,3+1
25.000 TL,Manavgat,2+1
20.000 TL,Kepez/Duraliler,2+1
17.000 TL,Alanya,3+1
18.000 TL,Muratpaşa/Eskisanayi,3+1
18.500 TL,Finike/Beldeler,3+1
32.000 TL,Muratpaşa/Güzeloluk,3+1
23.000 TL,Manavgat,2+1
24.000 TL,Manavgat,2+1
18.000 TL,Muratpaşa/Eskisanayi,2+1
17.000 TL,Manavgat/Köyler,2+1
26.500 TL,Manavgat,3+1
25.000 TL,Manavgat,3+1
15.500 TL,Alanya,2+1
24.000 TL,Muratpaşa/Eskisanayi,2+1
25.000 TL,Manavgat,2+1
19.000 TL,Kepez/Duraliler,2+1
20.000 TL,Muratpaşa/Eskisanayi,2+1
15.000 TL,Manavgat,1+1
25.000 TL,Muratpaşa/Fener,1+1
25.000 TL,Konyaaltı/Arapsuyu,2+1
23.000 TL,Muratpaşa/Gençlik,2+1
17.000 TL,Alanya,2+1
21.000 TL,Alanya,2+1
18.000 TL,Manavgat,2+1
25.000 TL,Muratpaşa/Bahçelievler,2+1
26.000 TL,Alanya,2+1
22.500 TL,Manavgat,1+1
26.000 TL,Kepez/Dokuma,2+1
16.000 TL,Manavgat,1+1
30.500 TL,Muratpaşa/Merkez,3+1
25.000 TL,Manavgat,3+1
20.000 TL,Muratpaşa/Eskisanayi,2+1
25.000 TL,Muratpaşa/Meltem,3+1
23.000 TL,Manavgat,2+1
20.000 TL,Muratpaşa/Yenigün,2+1
25.000 TL,Manavgat,3+1
30.000 TL,Manavgat,4+1
35.000 TL,Muratpaşa/Lara,3+1
20.000 TL,Alanya,2+1
28.000 TL,Kepez/Erenköy,3+1
27.500 TL,Kepez/Erenköy,3+1
15.000 TL,Alanya/Beldeler,3+1
20.000 TL,Kepez/Köyler,2+1
12.000 TL,Alanya,2+1
15.000 TL,Alanya,2+1
22.000 TL,Manavgat,2+1
17.000 TL,Döşemealtı/Yeniköy,2+1
25.000 TL,Manavgat,3+1
30.000 TL,Alanya,4+1
20.000 TL,Muratpaşa/Eskisanayi,2+1
17.000 TL,Kepez/Sütçüler,2+1
18.000 TL,Manavgat/Sarılar,3+1
35.000 TL,Muratpaşa/Fener,4+1
23.000 TL,Kepez/Duraliler,2+1
20.000 TL,AlanyaBeldeler,3+1
56.000 TL,Konyaaltı/Merkez,5+1
28.000 TL,Manavgat,3+1
15.000 TL,Muratpaşa/Gençlik,1+1
15.000 TL,Manavgat/Köyler,3+1
25.800 TL,Muratpaşa/Eskisanayi,3+1
28.000 TL,Muratpaşa/Meltem,3+1
25.000 TL,Alanya/Beldeler,3+1
38.000 TL,Muratpaşa/Fener,3+1
16.000 TL,Manavgat,1+1
25.000 TL,Manavgat,2+1
24.000 TL,Demre/Kale(Demre),3+1
30.000 TL,Muratpaşa/Fener,2+1
15.000 TL,Alanya,2+1
35.000 TL,Muratpaşa/Lara,3+1
32.000 TL,Manavgat,4+1
25.000 TL,Manavgat,3+1
20.000 TL,Manavgat,2+1
22.000 TL,Kepez/Yeniemek,2+1
21.000 TL,Manavgat,2+1
28.000 TL,Manavgat,2+1
31.000 TL,Muratpaşa/Güzeloluk,2+1
17.000 TL,Manavgat,1+1
22.000 TL,Kepez/Düdenbaşı,3+1
15.000 TL,Kumluca/Beykonak,3+1
19.000 TL,Manavgat,1+1
18.000 TL,Alanya,2+1
25.000 TL,Alanya,2+1
13.000 TL,Manavgat/Köyler,3+1
35.000 TL,Muratpaşa/Eskisanayi,2+1
22.500 TL,Manavgat,2+1
35.000 TL,Manavgat,4+1
17.000 TL,Manavgat/Köyler,3+1
24.000 TL,Manavgat,2+1
25.000 TL,Manavgat,3+1
24.500 TL,Manavgat,2+1
25.000 TL,Muratpaşa/Kızıltoprak,2+1
35.000 TL,Konyaaltı/Arapsuyu,2+1
15.000 TL,Kepez/Erenköy,3+1
40.000 TL,Konyaaltı/Arapsuyu,3+1
23.000 TL,Manavgat,3+1
24.000 TL,Alanya,2+1
18.500 TL,Manavgat,1+1
25.000 TL,Muratpaşa/Yenigün,3+1
30.000 TL,Muratpaşa/Eskisanayi,3+1
37.000 TL,Manavgat,3+1
19.000 TL,Kepez/Erenköy,2+1
20.000 TL,Kepez/Erenköy,2+1
16.000 TL,Manavgat,1+1
22.000 TL,Manavgat,2+1
25.000 TL,Muratpaşa/Meltem,4+1
25.000 TL,Muratpaşa/Eskisanayi,1+1
25.000 TL,Manavgat/Çolaklı,3+1
20.000 TL,Aksu,2+1
30.000 TL,Manavgat,3+1
30.000 TL,Muratpaşa/Gençlik,3+1
22.000 TL,Manavgat/Sarılar,2+1
24.000 TL,Kemer,2+1
18.000 TL,Manavgat,1+1
15.000 TL,Manavgat,1+1
15.000 TL,Gazipaşa,2+1
38.000 TL,Aksu/Köyler,3+1
35.000 TL,Konyaaltı/Merkez,3+1
15.000 TL,Alanya/Beldeler,2+1
23.000 TL,Manavgat,1+1
35.000 TL,Konyaaltı/Arapsuyu,2+1
20.000 TL,Kepez/Yeniemek,2+1
26.000 TL,Manavgat,2+1
20.000 TL,Manavgat,3+1
15.000 TL,Alanya/Beldeler,3+1
25.000 TL,Kepez/Duraliler,2+1
18.000 TL,Kumluca,2+1
20.000 TL,Muratpaşa/Bahçelievler,2+1
40.000 TL,Muratpaşa/Meltem,3+1
36.000 TL,Muratpaşa/Fener,3+1
19.000 TL,Muratpaşa/Eskisanayi,2+1
20.000 TL,Muratpaşa/Bahçelievler,2+1
11.000 TL,Alanya,3+1
60.000 TL,Muratpaşa/Fener,3+1
23.000 TL,Alanya,2+1
41.800 TL,Muratpaşa/Lara,3+1
25.000 TL,Manavgat,3+1
20.000 TL,Kumluca,3+1
20.000 TL,Alanya/Beldeler,2+1
20.000 TL,Alanya,3+1
24.000 TL,Muratpaşa/Gençlik,3+1
18.000 TL,Alanya,2+1
22.000 TL,Alanya,1+1
50.000 TL,Muratpaşa/Fener,3+1
24.000 TL,Manavgat,3+1
15.000 TL,Manavgat,1+1
17.000 TL,Alanya,1+1
28.000 TL,Muratpaşa/Meltem,3+1
22.000 TL,Kepez/Dokuma,2+1
15.000 TL,Alanya,2+1
28.000 TL,Manavgat,3+1
20.000 TL,Muratpaşa/Bahçelievler,2+1
25.000 TL,Manavgat,2+1
25.000 TL,MuratpaşaFener,2+1
15.000 TL,Serik,2+1
62.000 TL,Muratpaşa/Fener,3+1
34.500 TL,Muratpaşa/Bahçelievler,2+1
25.000 TL,Muratpaşa/Bahçelievler,3+1
40.000 TL,Muratpaşa/Merkez,2+1
36.000 TL,Muratpaşa/Bahçelievler,3+1
35.000 TL,Muratpaşa/Fener,2+1
15.000 TL,Manavgat/Köyler,2+1
22.500 TL,Manavgat,3+1
20.000 TL,Alanya/Beldeler,2+1
15.000 TL,Konyaaltı/Köyler,2+1
22.000 TL,Manavgat,2+1
38.000 TL,Muratpaşa/Gençlik,3+1
25.000 TL,Muratpaşa/Eskisanayi,3+1
25.000 TL,Alanya,3+1
17.000 TL,Kumluca,2+1
29.000 TL,Muratpaşa/Lara,3+1
20.000 TL,Manavgat,3+1
20.000 TL,Alanya,2+1
35.000 TL,Muratpaşa/Lara,3+1
20.000 TL,Muratpaşa/Güzeloluk,3+1
20.000 TL,Kepez/Erenköy,3+1
26.000 TL,Kepez/Dokuma,3+1
22.000 TL,Alanya,3+1
17.500 TL,Konyaaltı/Arapsuyu,1+1
38.000 TL,Muratpaşa/Fener,3+1
25.000 TL,Manavgat,2+1
32.000 TL,Konyaaltı/Arapsuyu,3+1
25.000 TL,Manavgat,2+1
16.000 TL,Muratpaşa/Gençlik,1+1
25.000 TL,Kepez/Dokuma,2+1
28.000 TL,Muratpaşa/Bahçelievler,2+1
18.000 TL,Manavgat,2+1
25.000 TL,Kepez/Dokuma,2+1
27.000 TL,Muratpaşa/Çarşı,3+1
23.000 TL,Muratpaşa/Eskisanayi,3+1
14.000 TL,Finike,1+1
20.000 TL,Döşemealtı/Yeniköy,3+1
11.000 TL,Kepez/Yeniemek,1+1
20.000 TL,Kepez/Düdenbaşı,3+1
33.500 TL,Muratpaşa/Meltem,3+1
11.500 TL,Manavgat,2+1
17.500 TL,Alanya,2+1
15.500 TL,Alanya,2+1
18.000 TL,Alanya,2+1
21.000 TL,Manavgat,2+1
20.000 TL,Alanya,2+1
19.000 TL,Alanya/Beldeler,2+1
23.000 TL,Manavgat,2+1
21.000 TL,Manavgat,1+1
65.000 TL,Konyaaltı/Arapsuyu,3+1
20.000 TL,Manavgat/Köyler,3+1
18.000 TL,Alanya,2+1
15.000 TL,Muratpaşa/Gençlik,Stüdyo (1+0)
25.000 TL,Manavgat,2+1
20.000 TL,Muratpaşa/Eskisanayi,3+1
11.000 TL,Alanya,1+1
20.000 TL,Alanya,3+1
18.000 TL,Alanya,3+1
25.000 TL,Muratpaşa/Meltem,3+1
30.000 TL,Muratpaşa/Çarşı,3+1
16.000 TL,Kepez/Yeniemek,1+1
25.000 TL,Alanya,3+1
25.000 TL,Muratpaşa/Yenigün,3+1
12.500 TL,Muratpaşa/Meltem,1+1
17.000 TL,Kepez/Yeniemek,2+1
40.000 TL,Muratpaşa/Fener,3+1
15.000 TL,Alanya,2+1
11.000 TL,Alanya,2+0
20.000 TL,Kumluca,3+1
38.000 TL,Muratpaşa/Gençlik,3+1
13.000 TL,Muratpaşa/Merkez,Stüdyo (1+0)
22.000 TL,Manavgat,2+1
26.000 TL,Manavgat,2+1
15.000 TL,Alanya,2+1
28.000 TL,Alanya,3+1
25.000 TL,Kumluca,3+1
20.000 TL,KepezDokuma,2+1
25.000 TL,Finike/Beldeler,3+1
35.000 TL,Muratpaşa/Gençlik,3+1
17.500 TL,Finike,2+1
28.500 TL,Muratpaşa/Güzeloluk,3+1
28.000 TL,Manavgat,2+1
27.500 TL,Manavgat,3+1
15.000 TL,Alanya,2+1
31.000 TL,Kepez/Dokuma,3+1
17.500 TL,Muratpaşa/Eskisanayi,2+1
26.000 TL,Kepez/Dokuma,3+1
27.000 TL,Konyaaltı/Merkez,2+1
19.000 TL,Muratpaşa/Meltem,2+1
15.000 TL,Alanya,2+1
43.000 TL,Muratpaşa/Fener,2+1
19.500 TL,Serik,2+1
18.000 TL,Alanya,2+1
20.000 TL,Muratpaşa/Çarşı,1+1
20.000 TL,Manavgat,3+1
16.000 TL,Muratpaşa/Çarşı,1+1
32.500 TL,Muratpaşa/Bahçelievler,3+1
20.000 TL,Finike/Beldeler,2+1
18.000 TL,MuratpaşaÇarşı,3+1
20.000 TL,Muratpaşa/Bahçelievler,2+1
40.000 TL,Muratpaşa/Bahçelievler,2+1
18.000 TL,Manavgat,2+1
27.000 TL,Muratpaşa/Meltem,3+1
45.000 TL,Muratpaşa/Lara,3+1
15.000 TL,Manavgat,1+1
45.000 TL,Muratpaşa/Lara,4+1
22.500 TL,Alanya,2+1
15.000 TL,Finike,3+1
26.000 TL,Manavgat,2+1
20.000 TL,Alanya,2+1
23.000 TL,Manavgat,2+1
40.000 TL,Muratpaşa/Merkez,3+1
25.000 TL,Konyaaltı/Arapsuyu,3+1
26.000 TL,Muratpaşa/Çarşı,3+1
25.000 TL,Muratpaşa/Çarşı,2+1
19.000 TL,Manavgat,2+1
22.500 TL,Muratpaşa/Yenigün,3+1
25.000 TL,Muratpaşa/Çarşı,2+1
21.000 TL,Manavgat,3+1
18.000 TL,Alanya,2+1
12.000 TL,Alanya,2+1
30.000 TL,Manavgat,3+1
27.000 TL,Manavgat,2+1
27.000 TL,Manavgat,2+1
15.000 TL,Kumluca,3+1
25.000 TL,Alanya,3+1
25.000 TL,Manavgat,3+1
18.000 TL,Alanya,2+1
27.000 TL,Muratpaşa/Çarşı,1+1
25.000 TL,Muratpaşa/Eskisanayi,2+1
30.000 TL,Alanya,3+1
25.000 TL,Kepez/Dokuma,3+1
20.000 TL,Kepez/Dokuma,3+1
33.000 TL,Konyaaltı/Arapsuyu,3+1
37.500 TL,Muratpaşa/Fener,3+1
32.000 TL,Muratpaşa/Bahçelievler,4+1
21.000 TL,Muratpaşa/Eskisanayi,3+1
20.000 TL,Alanya,3+1
22.000 TL,Finike/Beldeler,3+1
22.000 TL,Manavgat,2+1
24.000 TL,Muratpaşa/Meltem,3+1
22.000 TL,Muratpaşa/Çarşı,1+1
29.000 TL,Serik,4+1
40.000 TL,MuratpaşaEskisanayi,3+1
25.000 TL,Alanya,3+1
8.000 TL,Alanya/Beldeler,1+1
28.000 TL,Manavgat,3+1
22.000 TL,Muratpaşa/Yenigün,3+1
18.000 TL,Kumluca,3+1
23.000 TL,Manavgat,2+1
25.000 TL,Muratpaşa/Lara,3+1
23.000 TL,Muratpaşa/Eskisanayi,2+1
20.000 TL,Kepez/Dokuma,3+1
40.000 TL,Muratpaşa/Merkez,3+1
20.000 TL,Kepez/Yeniemek,3+1
45.000 TL,Muratpaşa/Meltem,3+1
18.000 TL,Manavgat/Çolaklı,2+1
18.000 TL,Alanya,2+1
30.000 TL,Muratpaşa/Gençlik,2+1
18.000 TL,Manavgat,1+1
17.000 TL,Alanya,2+1
22.000 TL,Muratpaşa/Bahçelievler,3+1
25.000 TL,Alanya,2+1
21.000 TL,Aksu,3+1
26.000 TL,Manavgat,3+1
10.000 TL,Gazipaşa,3+1
35.000 TL,Muratpaşa/Fener,3+1
25.000 TL,Alanya,3+1
23.000 TL,Muratpaşa/Bahçelievler,2+1
23.000 TL,Manavgat,2+1
30.000 TL,Muratpaşa/Güzeloluk,2+1
20.000 TL,Alanya,2+1
35.000 TL,Manavgat,3+1
25.000 TL,Alanya,3+1
25.000 TL,Alanya,2+1
45.000 TL,Muratpaşa/Gençlik,3+1
38.000 TL,Konyaaltı/Arapsuyu,3+1
21.500 TL,Kepez/Erenköy,2+1
22.000 TL,Muratpaşa/Eskisanayi,3+1
19.000 TL,Manavgat,2+1
17.000 TL,Kepez/Yeniemek,2+1
20.000 TL,Manavgat,3+1
28.000 TL,Muratpaşa/Gençlik,3+1
15.000 TL,Alanya,2+1
30.000 TL,Muratpaşa/Güzeloluk,3+1
17.500 TL,Kepez/Yeniemek,2+1
24.339 TL,Muratpaşa/Meltem,3+1
21.000 TL,Muratpaşa/Meltem,2+1
16.000 TL,Alanya,3+1
29.000 TL,Kepez/Yeniemek,2+1
20.000 TL,Muratpaşa/Eskisanayi,2+1
27.000 TL,Manavgat,2+1
35.000 TL,Kepez/Dokuma,2+1
25.000 TL,Alanya,3+1
30.000 TL,Alanya,2+1
12.000 TL,Kepez/Erenköy,2+1
29.000 TL,Muratpaşa/Lara,3+1
20.000 TL,Alanya,3+1
16.000 TL,Alanya,1+1
35.000 TL,Muratpaşa/Eskisanayi,4+1
20.000 TL,Manavgat,2+1
25.000 TL,Muratpaşa/Fener,1.5+1
20.000 TL,Muratpaşa/Eskisanayi,2+1
30.000 TL,Alanya,4+1
21.000 TL,Kepez/Sütçüler,2+1
17.000 TL,Alanya,2+1
23.000 TL,Muratpaşa/Bahçelievler,3+1
18.000 TL,Alanya,2+1
25.000 TL,Alanya,3+1
20.000 TL,Kepez/Düdenbaşı,2+1
20.000 TL,KepezDüdenbaşı,3+1
21.000 TL,Manavgat,1+1
30.000 TL,Kepez/Yeniemek,2+1
35.000 TL,Muratpaşa/Lara,3+1
12.500 TL,Finike,2+1
16.000 TL,Kumluca,2+1
29.500 TL,Muratpaşa/Meltem,3+1
13.000 TL,Alanya,2+1
20.000 TL,Alanya,2+1
25.000 TL,Manavgat,3+1
60.000 TL,Muratpaşa/Fener,3+1
28.000 TL,Kepez/Duraliler,3+1
21.000 TL,Muratpaşa/Gençlik,2+1
23.000 TL,Muratpaşa/Bahçelievler,2+1
20.000 TL,Finike/Beldeler,3+1
25.000 TL,Muratpaşa/Çarşı,3+1
17.000 TL,Alanya,2+1
35.000 TL,Manavgat,4+1
35.000 TL,Muratpaşa/Fener,3+1
27.500 TL,Manavgat,3+1
18.000 TL,Muratpaşa/Meltem,2+1
22.000 TL,Muratpaşa/Gençlik,2+1
23.000 TL,Muratpaşa/Eskisanayi,3+1
40.000 TL,Alanya,3+1
20.000 TL,Alanya,2+1
30.000 TL,Muratpaşa/Çarşı,3+1
25.000 TL,Kepez/Dokuma,3+1
27.000 TL,Muratpaşa/Gençlik,3+1
25.000 TL,Kepez/Dokuma,3+1
23.000 TL,MuratpaşaGençlik,3+1
20.000 TL,Kepez/Erenköy,3+1
20.000 TL,Alanya,3+1
20.000 TL,Kepez/Yeniemek,2+1
20.000 TL,Muratpaşa/Bahçelievler,2+1
19.000 TL,Muratpaşa/Bahçelievler,2+1
21.000 TL,Manavgat,2+1
32.000 TL,Konyaaltı/Arapsuyu,3+1
20.000 TL,Muratpaşa/Çarşı,2+1
23.000 TL,Manavgat,2+1
25.000 TL,Muratpaşa/Eskisanayi,2+1
30.000 TL,Finike/Beldeler,3+1
30.000 TL,MuratpaşaEskisanayi,2+1
20.000 TL,Alanya,2+1
19.000 TL,Muratpaşa/Eskisanayi,2+1
15.000 TL,Muratpaşa/Gençlik,Stüdyo (1+0)
18.000 TL,Kumluca,2+1
18.000 TL,Alanya,2+1
28.000 TL,Muratpaşa/Gençlik,2+1
30.000 TL,Manavgat,3+1
20.000 TL,Muratpaşa/Lara,1+1
10.000 TL,Manavgat/Köyler,2+1
27.000 TL,Muratpaşa/Çarşı,3+1
21.000 TL,Muratpaşa/Meltem,3+1
20.000 TL,Muratpaşa/Bahçelievler,3+1
25.000 TL,Muratpaşa/Gençlik,3+1
40.000 TL,Muratpaşa/Fener,3+1
12.000 TL,Alanya/Beldeler,2+1
18.000 TL,Muratpaşa/Bahçelievler,2+1
23.000 TL,Konyaaltı/Arapsuyu,1+1
21.000 TL,Kepez/Merkez,2+1
26.000 TL,Muratpaşa/Bahçelievler,2+1
16.000 TL,Manavgat,2+1
23.000 TL,Manavgat,3+1
27.000 TL,Muratpaşa/Meltem,3+1
22.500 TL,Kepez/Dokuma,2+1
35.000 TL,Muratpaşa/Lara,3+1
28.000 TL,Muratpaşa/Meltem,3+1
40.000 TL,Muratpaşa/Çarşı,3+1
20.000 TL,Alanya,2+1
25.500 TL,Muratpaşa/Meltem,3+1
17.000 TL,Alanya,3+1
35.000 TL,Muratpaşa/Fener,3+1
20.000 TL,Muratpaşa/Çarşı,3+1
30.000 TL,Muratpaşa/Çarşı,3+1
15.000 TL,Kepez/Erenköy,2+0
15.000 TL,Alanya,2+1
25.000 TL,Muratpaşa/Bahçelievler,2+1
13.000 TL,Manavgat/Sarılar,1+1
35.000 TL,Alanya,3.5+1
20.000 TL,Manavgat,2+1
25.000 TL,Muratpaşa/Gençlik,3+1
48.000 TL,Muratpaşa/Bahçelievler,3+1
29.000 TL,Konyaaltı/Arapsuyu,3+1
22.000 TL,Muratpaşa/Bahçelievler,3+1
22.000 TL,Muratpaşa/Bahçelievler,3+1
45.000 TL,Konyaaltı/Arapsuyu,3+1
15.500 TL,Kumluca,1+1
27.500 TL,Muratpaşa/Bahçelievler,3+1
40.000 TL,Muratpaşa/Fener,3+1
15.000 TL,Serik,2+1
22.000 TL,Muratpaşa/Meltem,3+1
25.000 TL,Manavgat,3+1
20.000 TL,Manavgat,2+1
22.000 TL,Muratpaşa/Meltem,3+1
25.000 TL,Muratpaşa/Gençlik,2+1
30.000 TL,Muratpaşa/Çarşı,3+1
28.000 TL,Kepez/Dokuma,3+1
20.000 TL,Muratpaşa/Bahçelievler,2+1
10.000 TL,Alanya,1+1
25.000 TL,Kaş,2+1
20.000 TL,Kepez/Dokuma,1+1
27.000 TL,Alanya,2+1
15.000 TL,Alanya,2+1
16.000 TL,Alanya,3+1
16.500 TL,Alanya,2+1
25.000 TL,Muratpaşa/Gençlik,3+1
23.000 TL,Muratpaşa/Kızıltoprak,2+1
40.000 TL,Konyaaltı/Arapsuyu,3+1
19.000 TL,Alanya,3+1
59.000 TL,Muratpaşa/Çarşı,3+1
18.000 TL,Alanya,3+1
20.000 TL,Muratpaşa/Eskisanayi,3+1
25.000 TL,Manavgat,2+1
25.000 TL,Muratpaşa/Meltem,3+1
21.000 TL,Kepez/Dokuma,3+1
21.000 TL,Muratpaşa/Bahçelievler,3+1
20.000 TL,Muratpaşa/Gençlik,2+1
15.000 TL,Alanya,2+1
28.000 TL,Muratpaşa/Gençlik,3+1
22.000 TL,Manavgat,3+1
17.000 TL,Manavgat,2+1
22.000 TL,Kepez/Dokuma,3+1
35.000 TL,Konyaaltı/Arapsuyu,3+1
25.500 TL,Muratpaşa/Bahçelievler,3+1
18.000 TL,Muratpaşa/Bahçelievler,2+1
35.000 TL,Muratpaşa/Çarşı,2+1
17.000 TL,Manavgat/Taşağıl,2+1
28.000 TL,MuratpaşaBahçelievler,3+1
20.000 TL,Alanya,2+1
18.000 TL,Alanya,1+1
23.000 TL,Muratpaşa/Çarşı,2+1
18.000 TL,Alanya,2+1
20.000 TL,Manavgat,3+1
15.000 TL,Finike,2+1
28.000 TL,Muratpaşa/Gençlik,2+1
30.000 TL,Muratpaşa/Gençlik,3+1
30.000 TL,Kepez/Dokuma,3+1
55.000 TL,Konyaaltı/Arapsuyu,3+1
13.000 TL,Muratpaşa/Çarşı,Stüdyo (1+0)
18.000 TL,Muratpaşa/Bahçelievler,2+1
21.000 TL,Muratpaşa/Eskisanayi,2+1
25.000 TL,Alanya,2+1
30.000 TL,Muratpaşa/Bahçelievler,2+1
30.000 TL,Muratpaşa/Gençlik,3+1
15.000 TL,Kumluca,3+1
25.000 TL,Muratpaşa/Meltem,3+1
18.000 TL,Manavgat,2+1
40.000 TL,Muratpaşa/Fener,3+1
26.000 TL,Manavgat,3+1
32.500 TL,Muratpaşa/Bahçelievler,3+1
25.000 TL,Manavgat,1+1
35.000 TL,Muratpaşa/Fener,3+1
22.000 TL,Kepez/Ahatlı,3+1
20.000 TL,Alanya,2+1
30.000 TL,Muratpaşa/Bahçelievler,2+1
45.000 TL,Muratpaşa/Fener,4+1
21.000 TL,Muratpaşa/Meltem,2+1
30.000 TL,Muratpaşa/Eskisanayi,3+1
30.000 TL,Muratpaşa/Eskisanayi,3+1
25.000 TL,Muratpaşa/Çarşı,2+1
25.000 TL,Manavgat,3+1
20.000 TL,Muratpaşa/Bahçelievler,4+1
22.000 TL,Manavgat,2+1
24.000 TL,Muratpaşa/Bahçelievler,3+1
21.000 TL,Muratpaşa/Yenigün,3+1
18.500 TL,Kumluca,3+1
20.000 TL,Alanya,3+1
23.000 TL,Kumluca,3+1
24.000 TL,Muratpaşa/Eskisanayi,3+1
27.000 TL,Muratpaşa/Gençlik,3+1
25.000 TL,Muratpaşa/Bahçelievler,3+1
19.500 TL,Kepez/Dokuma,2+1
20.000 TL,Manavgat,2+1
25.000 TL,Muratpaşa/Eskisanayi,3+1
25.000 TL,Muratpaşa/Meltem,3+1
22.000 TL,Muratpaşa/Meltem,3+1
20.000 TL,Manavgat,2+1
20.000 TL,Alanya,2+1
15.000 TL,Alanya,1+1
29.000 TL,Kepez/Ahatlı,3+1
20.000 TL,Muratpaşa/Meltem,2+1
15.000 TL,Manavgat,2+1
22.000 TL,Muratpaşa/Meltem,3+1
36.000 TL,Muratpaşa/Gençlik,3+1
20.500 TL,Muratpaşa/Güzeloluk,2+1
17.500 TL,Alanya,2+1
15.000 TL,Manavgat,2+1
25.000 TL,Kepez/Dokuma,3+1
18.000 TL,MuratpaşaGüzeloluk,2+1
33.000 TL,Muratpaşa/Gençlik,3+1
22.000 TL,Muratpaşa/Çarşı,2+1
20.000 TL,Muratpaşa/Gençlik,3+1
20.000 TL,Muratpaşa/Gençlik,2+1
20.000 TL,Muratpaşa/Gençlik,2+1
25.000 TL,Alanya,3+1
18.000 TL,Alanya,2+1
18.000 TL,Alanya,2+1
18.000 TL,Manavgat,3+1
15.000 TL,Manavgat,2+1
29.000 TL,Muratpaşa/Güzeloluk,3+1
25.000 TL,Kepez/Dokuma,3+1
20.000 TL,Muratpaşa/Bahçelievler,2+1
12.000 TL,Alanya,2+1
23.000 TL,Muratpaşa/Bahçelievler,2+1
19.000 TL,Muratpaşa/Meltem,2+1
22.000 TL,Muratpaşa/Çarşı,2+1
40.000 TL,Muratpaşa/Fener,3+1
18.500 TL,Kepez/Dokuma,3+1
24.000 TL,Muratpaşa/Bahçelievler,2+1
26.000 TL,Alanya,2+1
32.000 TL,Muratpaşa/Kızıltoprak,3+1
20.000 TL,Muratpaşa/Eskisanayi,2+1
12.000 TL,Manavgat,1+1
20.000 TL,Kumluca,3+1
29.500 TL,Muratpaşa/Lara,2+1
130.000 TL,Muratpaşa/Fener,3+1
25.000 TL,Muratpaşa/Gençlik,1+1
35.000 TL,Muratpaşa/Gençlik,3+1
20.000 TL,Kepez/Dokuma,2+1
25.000 TL,Kepez/Yeniemek,3+1
21.000 TL,Muratpaşa/Bahçelievler,3+1
20.000 TL,Muratpaşa/Bahçelievler,2+1
24.000 TL,Muratpaşa/Bahçelievler,3+1
16.500 TL,Finike,3+1
15.500 TL,Finike,2+1
18.000 TL,Alanya,2+1
20.000 TL,Kepez/Dokuma,3+1
20.000 TL,Muratpaşa/Eskisanayi,2+1
30.000 TL,Muratpaşa/Çarşı,2+1
32.000 TL,Muratpaşa/Meltem,3+1
10.000 TL,Muratpaşa/Çarşı,Stüdyo (1+0)
23.000 TL,Muratpaşa/Bahçelievler,2+1
18.000 TL,Manavgat,2+1
15.000 TL,Alanya,2+1
18.000 TL,MuratpaşaBahçelievler,3+1
25.000 TL,Kepez/Dokuma,3+1
26.000 TL,Muratpaşa/Meltem,3+1
30.000 TL,Muratpaşa/Gençlik,3+1
18.000 TL,Muratpaşa/Meltem,3+1
32.000 TL,Muratpaşa/Bahçelievler,2+1
55.000 TL,Konyaaltı/Arapsuyu,2+1
18.000 TL,Serik,3+1
32.500 TL,Muratpaşa/Gençlik,3+1
29.000 TL,Muratpaşa/Çarşı,4+1
16.000 TL,Alanya,2+1
35.000 TL,Muratpaşa/Bahçelievler,3+1
23.000 TL,Muratpaşa/Bahçelievler,3+1
17.500 TL,Muratpaşa/Bahçelievler,3+1
25.000 TL,Muratpaşa/Gençlik,2+1
25.000 TL,Manavgat/Ilıca,2+1
25.000 TL,Alanya,2+1
30.000 TL,Muratpaşa/Gençlik,2+1
28.000 TL,Muratpaşa/Bahçelievler,3+1
25.000 TL,Muratpaşa/Bahçelievler,3+1
18.000 TL,Manavgat,2+1
26.000 TL,Finike/Beldeler,2+1
25.000 TL,Kepez/Dokuma,3+1
20.000 TL,Muratpaşa/Bahçelievler,3+1
